# NaN NaN NaN ;Mean Elev.(m), Avg Gradient(m/km), RMS Gradient(m/km) - SRTM1     
#   67.899 -16.922  29.396 ;Mean Elev.(m), Avg Gradient(m/km), RMS Gradient(m/km) - ASTER GDEM
#   90.156 -17.361  41.941 ;Mean Elev.(m), Avg Gradient(m/km), RMS Gradient(m/km) - GMTED2010 
  7    83.093 52451.81090135 41.32 235.870434  63.904297 14.257
  7    83.140 52451.81090200 43.54 235.867665  63.901172 13.646
  7    83.019 52451.81090264 44.77 235.864895  63.898052 13.646
  8   180.825 52486.81088381  2.45 235.872431  63.902684  4.656
  8   184.423 52486.81088446  2.75 235.869671  63.899564  4.656
  8   103.928 52486.81088510  3.70 235.866901  63.896434  4.656
 11    79.508 52591.81089793 32.79 235.870246  63.903644  9.427
 11    79.345 52591.81089857 31.98 235.867476  63.900524  9.427
 11    79.448 52591.81089922 34.00 235.864716  63.897404  9.427
 13   107.272 52661.81086150  8.91 235.874182  63.903278  6.013
 13    82.009 52661.81086215  8.84 235.871412  63.900158  6.013
 13    82.189 52661.81086279  9.44 235.868652  63.897038  6.013
 15   111.228 52731.81086451  2.14 235.878869  63.900272  6.001
 15   107.228 52731.81086515  2.50 235.876109  63.897152  6.001
 15   103.481 52731.81086580  1.21 235.873349  63.894022  6.001
 29   110.052 53221.81099146  4.84 235.874686  63.904480  3.435
 29    80.648 53221.81099210  6.24 235.871916  63.901360  3.435
 29    80.525 53221.81099274  6.94 235.869156  63.898230  3.435
 33    80.480 53361.81091475  9.51 235.871571  63.902236  5.461
 33    80.905 53361.81091539  8.81 235.868801  63.899106  5.461
 33    80.440 53361.81091604 10.11 235.866041  63.895986  5.461
 35   106.479 53431.81092697  6.05 235.870231  63.902937  4.648
 35    79.036 53431.81092761  5.81 235.867471  63.899807  4.648
 35    79.013 53431.81092826  5.84 235.864701  63.896687  4.648
 36    79.334 53466.81096097  6.87 235.882494  63.897550  4.669
 36    79.154 53466.81096162  6.42 235.879724  63.894420  4.669
 37    83.717 53501.81101451 18.59 235.871316  63.904591  6.863
 37    83.693 53501.81101516 14.94 235.868556  63.901471  6.863
 37   185.465 53501.81101580 11.67 235.865786  63.898341  6.863
 37   190.091 53501.81101645 11.64 235.863026  63.895221  6.863
 38   107.656 53536.81100651  4.04 235.872714  63.901557  2.779
 38   106.114 53536.81100716  3.55 235.869954  63.898427  2.779
 38   103.197 53536.81100780  2.94 235.867194  63.895307  2.779
 39   108.440 53571.81101183  3.82 235.869713  63.905262  2.527
 39   106.336 53571.81101248  3.60 235.866943  63.902132  2.527
 39   104.849 53571.81101312  3.65 235.864183  63.899012  2.527
 39   101.471 53571.81101377  3.22 235.861413  63.895892  2.527
 41    83.052 53641.81096183  9.53 235.880676  63.897313  7.761
 41   103.817 53641.81096247  7.67 235.877906  63.894193  7.761
 47   120.732 53851.81088962  8.39 235.879392  63.900739  3.928
 47    82.567 53851.81089091  7.59 235.873852  63.894489  3.928
 50   108.337 53956.81096244  5.06 235.867821  63.906188  5.506
 50   106.292 53956.81096308  3.53 235.865055  63.903063  2.513
 50   104.186 53956.81096373  2.28 235.862285  63.899943  2.513
 50   101.903 53956.81096437  2.11 235.859525  63.896823  2.513
 53   109.380 54061.81094275  8.06 235.878871  63.901278  4.839
 53   106.761 54061.81094339  8.46 235.876111  63.898158  4.839
 53   100.015 54061.81094404  9.39 235.873351  63.895028  4.839
 57   108.541 54201.81086787  4.13 235.882247  63.899282  5.010
 57   106.097 54201.81086851  4.30 235.879487  63.896152  5.010
 57    79.003 54201.81086916  9.98 235.876717  63.893032  5.010
 58    85.597 54236.81090359 41.02 235.878011  63.899741 13.744
 58    85.371 54236.81090423 40.71 235.875241  63.896621 13.744
 58    82.724 54236.81090488 42.51 235.872481  63.893491 13.744
 62   109.309 54376.81086096  4.49 235.879561  63.899936  2.894
 62   106.663 54376.81086161  3.80 235.876791  63.896816  2.894
 62   104.083 54376.81086225  4.13 235.874031  63.893696  2.894
 63    81.546 54411.81085329 37.83 235.874643  63.903576  9.051
 63    85.309 54411.81085393 38.82 235.871873  63.900456  9.051
 64    82.558 54446.81082596 11.02 235.883666  63.898190  6.382
 64    83.482 54446.81082661  9.59 235.880906  63.895070  6.382
 64    83.633 54446.81082725  8.72 235.878136  63.891950  6.382
 68    81.547 54586.81083581  9.53 235.875861  63.897715  4.885
 68    82.020 54586.81083645 10.26 235.873091  63.894595  4.885
 72    82.627 54726.81081617 33.45 235.881777  63.897708 12.378
 72    80.955 54726.81081682 35.66 235.879007  63.894588 12.378
 73   109.551 54761.81082449  6.12 235.874847  63.903324  2.728
 73   106.482 54761.81082513  6.46 235.872087  63.900194  2.728
 73   104.741 54761.81082578  5.29 235.869317  63.897074  2.728
 74    80.513 54796.81080965 17.44 235.883350  63.897285  7.686
 74    80.200 54796.81081030 18.06 235.880580  63.894165  7.686
 77   183.651 54901.81082383  0.67 235.869743  63.905217  2.064
 77   186.457 54901.81082448  0.10 235.866983  63.902087  2.064
 78   188.338 54936.81079402  0.20 235.881337  63.901097  2.482
 78   190.475 54936.81079531  0.05 235.875807  63.894847  2.482
 83   107.935 55111.81076715  4.24 235.879228  63.898537  2.725
 83   105.289 55111.81076779  4.24 235.876468  63.895417  2.725
 84    99.762 55146.81076814 14.95 235.874479  63.903967  8.508
 84    99.734 55146.81076879 16.31 235.871719  63.900837  8.508
 84    77.641 55146.81077007 40.18 235.866189  63.894597  8.508
 86   110.894 55216.81076283  1.60 235.872653  63.902797  4.399
 86   127.431 55216.81076348  0.41 235.869893  63.899667  4.399
 86   105.270 55216.81076412  1.88 235.867123  63.896547  4.399
 89    84.737 55321.81073084 21.69 235.874945  63.903970 11.558
 89    86.174 55321.81073148 20.33 235.872175  63.900850 11.558
 89    85.950 55321.81073213 27.13 235.869415  63.897720 11.558
 89    84.406 55321.81073277 26.69 235.866645  63.894600 11.558
 90    83.300 55356.81073111 42.08 235.873454  63.902455 16.731
 90    83.969 55356.81073176 41.77 235.870694  63.899325 16.731
 90    83.412 55356.81073240 41.64 235.867924  63.896205 16.731
