# NaN NaN NaN ;Mean Elev.(m), Avg Gradient(m/km), RMS Gradient(m/km) - SRTM1     
#   22.743  -8.775  19.518 ;Mean Elev.(m), Avg Gradient(m/km), RMS Gradient(m/km) - ASTER GDEM
#    5.712  -8.764  22.823 ;Mean Elev.(m), Avg Gradient(m/km), RMS Gradient(m/km) - GMTED2010 
 17 225.827800  68.612927     3.465     3.337  3 52815.85185119 20.946
 18 225.821809  68.610672     4.159     4.159  2 52850.85190341 17.289
 24 225.821140  68.609514     2.304     2.304  2 53060.85185060 11.604
 26 225.828322  68.612032     1.968     2.027  4 53130.85185293 12.467
 28 225.816568  68.613778     4.605     4.605  2 53200.85192719 25.748
 30 225.833299  68.610603     3.020     3.808  3 53270.85185765 26.337
 35 225.803608  68.620083     1.601     1.601  2 53445.85184502 15.242
 39 225.812455  68.615452     4.201     4.534  3 53585.85191192 34.336
 46 225.831404  68.610431     2.439     2.609  3 53830.85176076 16.041
 54 225.806325  68.624115     1.736     1.736  2 54110.85181496 19.210
 55 225.823464  68.614020     1.594     1.494  3 54145.85181400 18.844
 56 225.805404  68.619692     2.356     2.356  2 54180.85180215 16.834
 57 225.822232  68.614392     3.258     3.127  3 54215.85182210 13.447
 67 225.811001  68.622709     2.452     2.627  5 54565.85177468 13.900
 69 225.816846  68.616658     3.728     3.561  3 54635.85178966 33.635
 85 225.821210  68.610720     1.850     1.850  2 55195.85169242 14.452
 87 225.819358  68.615023     1.984     1.654  3 55265.85168684 15.915
 88 225.809669  68.619735     2.120     2.120  2 55300.85166621 10.382
 91 225.823401  68.614456     4.097     4.364  3 55405.85167162 20.356
