# NaN NaN NaN ;Mean Elev.(m), Avg Gradient(m/km), RMS Gradient(m/km) - SRTM1     
#  109.171  -8.186   8.710 ;Mean Elev.(m), Avg Gradient(m/km), RMS Gradient(m/km) - ASTER GDEM
#  121.197  -4.109   6.994 ;Mean Elev.(m), Avg Gradient(m/km), RMS Gradient(m/km) - GMTED2010 
  7 238.526021  61.905423   116.230   116.605  5 52477.79933655 28.204
  8 238.530881  61.904106   115.718   115.937  5 52512.79927815 40.737
  9 238.537608  61.902566   115.301   115.570  5 52547.79931956 32.618
 10 238.534974  61.905694   114.459   114.503  5 52582.79932368 42.829
 11 238.518136  61.906584   116.879   116.765  4 52617.79929751 30.165
 12 238.542624  61.902711   116.043   116.425  6 52652.79927174 32.453
 13 238.524808  61.907061   115.687   115.684  3 52687.79927049 16.448
 14 238.531991  61.905132   141.065   141.105  4 52722.79931749  8.517
 15 238.513416  61.908178   119.904   116.966  5 52757.79933919 30.832
 16 238.542282  61.901336   127.224   127.006  5 52792.79929155 13.551
 17 238.544308  61.903768   138.234   139.372  5 52827.79935912 13.779
 18 238.543043  61.903392   115.833   115.886  5 52862.79940438 43.396
 19 238.526128  61.906285   123.362   123.095  4 52897.79943401 19.217
 20 238.517270  61.906760   114.422   114.761  4 52932.79938023 45.826
 21 238.538488  61.902285   112.558   112.841  5 52967.79938660 41.174
 22 238.523539  61.906776   115.171   115.288  4 53002.79941054 15.856
 23 238.517103  61.906456   164.110   165.519  4 53037.79935980  0.820
 24 238.527539  61.904961   161.487   161.104  4 53072.79938600  1.906
 25 238.512346  61.904272   150.441   150.441  2 53107.79936090  2.572
 26 238.535031  61.904126   115.438   115.657  5 53142.79939483 43.926
 28 238.527762  61.904728   115.632   115.517  4 53212.79943788 16.919
 29 238.525031  61.905943   117.679   114.687  4 53247.79940670 26.762
 30 238.537719  61.904965   114.302   114.380  5 53282.79939677 48.782
 31 238.537200  61.904463   113.515   113.674  5 53317.79939804 43.021
 32 238.529584  61.906151   115.463   115.410  4 53352.79936389 20.737
 33 238.539444  61.903239   150.814   151.167  5 53387.79935828  6.074
 34 238.534424  61.903008   161.978   161.066  5 53422.79935936  0.688
 35 238.544352  61.901991   165.068   164.988  5 53457.79936450  1.068
 36 238.525989  61.904895   118.152   118.390  4 53492.79944965 43.355
 37 238.535660  61.905431   118.395   118.481  5 53527.79942828 43.318
 38 238.520314  61.905856   116.525   116.755  5 53562.79945822 46.220
 39 238.527459  61.905177   116.029   116.070  4 53597.79939823 28.443
 40 238.538732  61.905094   117.877   116.032  5 53632.79939332 20.007
 41 238.526317  61.903548   113.243   114.829  4 53667.79941628 38.397
 42 238.530632  61.904868   115.291   115.107  5 53702.79936067 36.457
 43 238.519994  61.905865   116.988   117.053  5 53737.79927043 17.422
 44 238.537955  61.901137   116.246   116.211  3 53772.79928248 14.369
 45 238.524262  61.905239   163.665   162.453  5 53807.79926982  0.866
 47 238.541957  61.909247   141.519   141.519  2 53877.79933761 18.395
 48 238.527035  61.905331   130.260   130.095  5 53912.79939090 14.118
 49 238.519871  61.906061   116.234   116.266  4 53947.79940553 46.944
 50 238.522169  61.905670   129.380   129.499  4 53982.79934763 15.466
 51 238.540985  61.902809   120.901   117.418  5 54017.79937573 19.202
 52 238.539538  61.902767   112.180   112.051  5 54052.79937059 38.491
 53 238.527283  61.905371   114.819   114.818  5 54087.79936227 16.847
 54 238.513196  61.907131   161.178   159.702  4 54122.79928549  2.058
 55 238.530576  61.905015   163.348   163.213  5 54157.79932463  1.123
 57 238.532611  61.904626   116.766   116.704  4 54227.79933634 34.968
 58 238.534138  61.905527   118.723   118.730  5 54262.79935504 46.243
 59 238.530088  61.905295   117.537   117.619  5 54297.79936038 46.062
 60 238.526907  61.904627   123.087   122.759  4 54332.79935048 11.968
 62 238.529102  61.904471   115.160   115.176  4 54402.79929360 46.411
 63 238.522858  61.906557   145.674   145.311  5 54437.79925053 11.886
 64 238.538179  61.905039   115.099   115.229  5 54472.79927865 17.838
 65 238.521095  61.906414   158.053   157.515  4 54507.79926161  4.203
 66 238.531843  61.905265   164.585   164.136  4 54542.79929328  1.654
 67 238.519013  61.905251   114.280   114.253  4 54577.79926408  5.831
 68 238.531632  61.905389   118.337   118.707  5 54612.79928396 47.809
 69 238.532323  61.907199   141.218   141.218  2 54647.79929071 10.858
 70 238.528024  61.906099   127.712   129.209  5 54682.79929145 10.136
 71 238.520680  61.905754   115.010   115.215  5 54717.79923939 32.382
 72 238.533327  61.903720   114.599   115.025  5 54752.79926441 45.208
 73 238.523123  61.906058   113.179   113.356  5 54787.79922996 40.607
 74 238.535503  61.903442   115.498   115.558  5 54822.79925874 20.448
 75 238.523643  61.905202   163.104   163.153  4 54857.79922588  2.942
 76 238.527287  61.906022   163.712   164.288  5 54892.79926129  1.724
 77 238.517078  61.905940   167.722   168.458  5 54927.79922380  2.495
 79 238.528368  61.905630   118.730   118.852  4 54997.79928128 47.271
 80 238.529265  61.905981   116.282   116.733  4 55032.79927073 44.882
 81 238.525861  61.905051   115.961   116.169  5 55067.79925925 46.865
 82 238.517897  61.907519   115.247   115.146  5 55102.79919818 38.237
 83 238.530772  61.902044   136.257   135.757  3 55137.79920662 17.972
 84 238.522345  61.905687   116.257   116.228  4 55172.79916728 25.377
 85 238.533513  61.903417   161.693   161.720  5 55207.79920048  4.693
 86 238.519411  61.907156   115.294   115.338  4 55242.79917178 12.436
 87 238.527318  61.906208   164.096   164.014  4 55277.79919400  0.873
 88 238.521626  61.906672   124.645   124.476  4 55312.79915701 25.879
 89 238.529585  61.905740   116.125   116.383  5 55347.79916415 47.597
 90 238.526712  61.905946   120.540   117.038  4 55382.79915508 33.124
 91 238.538631  61.908532   145.832   135.196  3 55417.79918236 12.148
 92 238.524912  61.905769   115.304   115.277  5 55452.79916447 45.353
 93 238.519397  61.906626   156.093   170.210  5 55487.79908641 13.263
