# NaN NaN NaN ;Mean Elev.(m), Avg Gradient(m/km), RMS Gradient(m/km) - SRTM1     
#    8.340   0.758   3.270 ;Mean Elev.(m), Avg Gradient(m/km), RMS Gradient(m/km) - ASTER GDEM
#   30.006  -1.259   3.789 ;Mean Elev.(m), Avg Gradient(m/km), RMS Gradient(m/km) - GMTED2010 
  7 230.867152  66.034237    25.254    25.198  9 52452.22086172 24.701
  8 230.871386  66.042491    26.147    26.093  8 52487.22084450 26.417
  9 230.871381  66.046057    24.969    24.989  7 52522.22081565 51.843
 11 230.868167  66.037364    25.507    25.507  9 52592.22086023 34.141
 12 230.868031  66.034602    25.680    25.689  8 52627.22077683 26.872
 13 230.869055  66.039333    62.872    62.442  9 52662.22082380 19.859
 14 230.864662  66.030629    61.228    60.627  8 52697.22079950 17.415
 15 230.872100  66.045839    63.453    63.324  8 52732.22082520 15.493
 16 230.872915  66.045641    26.736    26.776  7 52767.22083418 44.281
 17 230.863350  66.030245    26.269    26.266  7 52802.22084083 43.592
 18 230.867664  66.033508    25.316    25.506  8 52837.22090654 21.136
 19 230.868833  66.037589    24.695    24.672  9 52872.22094755 38.593
 20 230.872349  66.043426    24.323    24.309  7 52907.22093847 35.222
 21 230.866907  66.031644    24.124    24.152  8 52942.22086504 48.660
 23 230.868550  66.040586    64.963    64.617  8 53012.22092209 15.041
 24 230.866824  66.030053    63.711    63.962  8 53047.22088732 14.399
 25 230.869436  66.036742    65.304    65.439  9 53082.22092317 15.221
 26 230.864910  66.029117    62.482    62.560  7 53117.22089241 11.202
 27 230.866668  66.033411    27.789    27.879  8 53152.22094227 37.297
 28 230.871788  66.041072    24.954    25.023  8 53187.22093048 24.006
 29 230.871856  66.042930    24.325    24.385  8 53222.22095343 30.344
 30 230.871966  66.044272    23.997    24.005  8 53257.22092971 51.533
 31 230.861538  66.027798    24.158    24.197  6 53292.22094434 38.617
 32 230.870356  66.042973    25.103    25.109  7 53327.22092093 24.863
 35 230.873304  66.047218    68.980    68.726  7 53432.22088980 10.597
 36 230.865393  66.030618    65.000    65.166  7 53467.22092202  8.173
 37 230.866685  66.036235    33.455    33.422  9 53502.22097594 45.264
 38 230.869270  66.041720    26.402    26.409  8 53537.22096943 52.572
 39 230.868816  66.038881    25.158    25.126  9 53572.22097322 24.717
 40 230.874676  66.048273    24.665    24.716  8 53607.22092354 40.187
 41 230.863610  66.030404    24.895    24.926  7 53642.22092134 42.630
 42 230.868178  66.035673    24.473    24.501  9 53677.22094106 46.696
 43 230.876171  66.047729    72.117    72.508  7 53712.22087206 10.710
 44 230.864466  66.030315    63.249    63.244  8 53747.22078133 13.276
 45 230.871111  66.043122    66.055    65.359  7 53782.22081446 13.461
 46 230.879946  66.050440    69.252    68.454  6 53817.22078120 13.211
 47 230.865636  66.029120    60.557    60.492  7 53852.22085025  1.780
 48 230.872079  66.042988    26.249    26.245  8 53887.22085843 51.390
 49 230.865448  66.031791    25.870    25.614  8 53922.22092820 23.390
 50 230.867718  66.036834    24.699    24.692  9 53957.22092384 39.302
 51 230.863642  66.027934    24.774    24.787  7 53992.22084568 50.722
 52 230.867022  66.031384    24.076    24.070  8 54027.22090967 35.768
 53 230.871717  66.043352    66.357    65.766  7 54062.22090511 19.589
 55 230.865733  66.030185    63.309    63.316  8 54132.22082516 17.275
 56 230.871832  66.042851    64.930    65.693  7 54167.22084895 17.515
 57 230.865526  66.032390    64.645    64.805  8 54202.22082892 14.858
 58 230.868591  66.038022    34.864    34.866  8 54237.22086566 38.052
 59 230.869216  66.041716    26.242    25.928  8 54272.22088579 18.804
 60 230.868510  66.039105    26.297    26.281  9 54307.22088751 20.015
 61 230.872250  66.046817    24.585    24.477  7 54342.22086890 25.776
 62 230.867505  66.035049    24.863    24.855  9 54377.22082184 28.916
 63 230.870223  66.040518    24.877    24.907  8 54412.22081490 45.921
 64 230.865970  66.030880    62.867    62.888  7 54447.22078630 14.982
 66 230.866746  66.032389    63.258    63.360  8 54517.22080049 14.811
 67 230.871391  66.045322    66.666    66.447  8 54552.22082085 14.326
 68 230.873044  66.032269    51.113    60.035  4 54587.22079618  3.990
 69 230.870304  66.039144    26.415    26.414  8 54622.22081582 51.665
 70 230.869586  66.037992    26.019    26.064  9 54657.22082516 29.003
 71 230.871606  66.042001    24.605    24.610  8 54692.22080912 32.811
 72 230.867711  66.033027    24.643    24.688  8 54727.22077687 29.760
 73 230.869065  66.039786    24.203    24.198  8 54762.22078583 42.386
 74 230.863663  66.030755    42.791    43.295  6 54797.22076970 23.416
 75 230.868561  66.040840    65.007    64.379  8 54832.22077571 14.815
 76 230.867156  66.030801    63.937    63.892  8 54867.22076532 11.438
 77 230.870745  66.043418    66.793    66.632  7 54902.22078614 12.632
 78 230.867180  66.035909    64.666    64.687  9 54937.22075633 11.435
 79 230.867848  66.038138    32.103    32.086  9 54972.22078955 30.454
 80 230.869118  66.040073    26.416    26.412  9 55007.22080718 50.644
 81 230.868744  66.040199    25.156    25.085  8 55042.22079598 29.523
 82 230.872152  66.044025    24.973    24.971  7 55077.22077626 44.284
 83 230.871546  66.031349    25.063    25.068  4 55112.22072672 28.046
 84 230.868804  66.039644    25.680    25.705  9 55147.22072974 31.988
 85 230.866084  66.030192    63.096    63.127  8 55182.22070647 16.509
 86 230.869118  66.042689    63.860    63.552  8 55217.22072611 17.330
 87 230.868124  66.033252    63.842    63.621  9 55252.22070320 15.253
 88 230.871589  66.044680    64.464    63.896  7 55287.22071875 15.137
 89 230.868172  66.039395    27.910    27.886  8 55322.22069347 48.974
 90 230.868603  66.041023    25.038    25.023  8 55357.22069310 30.225
 91 230.866709  66.034850    25.194    25.108  9 55392.22069407 28.112
 92 230.868367  66.040395    24.713    24.763  8 55427.22070942 31.984
 93 230.873073  66.047238    24.585    24.574  7 55462.22067594 50.326
