# NaN NaN NaN ;Mean Elev.(m), Avg Gradient(m/km), RMS Gradient(m/km) - SRTM1     
#  124.018  -6.990  11.468 ;Mean Elev.(m), Avg Gradient(m/km), RMS Gradient(m/km) - ASTER GDEM
#  145.000  -6.413  10.311 ;Mean Elev.(m), Avg Gradient(m/km), RMS Gradient(m/km) - GMTED2010 
  7 240.041828  61.327712   145.854   146.257  8 52459.20589626 24.391
  9 240.026001  61.328946   140.002   140.193  5 52529.20586544 48.392
 10 240.040541  61.327685   138.641   138.719  7 52564.20589084 28.746
 11 240.036068  61.329309   137.552   137.525  7 52599.20591685 39.382
 12 240.032217  61.324858   139.441   139.454  3 52634.20586855 21.250
 14 240.035474  61.328423   139.029   139.124  3 52704.20586553 11.849
 15 240.043982  61.326856   138.970   138.931  7 52739.20590208 13.392
 16 240.057312  61.325529   144.521   142.716  5 52774.20585173 30.308
 17 240.024268  61.332113   151.805   151.966  7 52809.20592594 17.458
 18 240.030707  61.327441   143.460   141.334  4 52844.20598176 16.608
 19 240.033038  61.330456   139.801   139.572  7 52879.20602018 40.390
 20 240.053937  61.327170   139.222   139.224  6 52914.20597683 48.370
 21 240.028757  61.330572   138.232   138.262  7 52949.20593686 44.525
 22 240.045264  61.323127   138.097   138.093  5 52984.20596361 31.494
 24 240.034299  61.330456   138.118   138.032  7 53054.20594152 12.016
 25 240.039889  61.328301   138.098   137.988  8 53089.20597820 11.332
 26 240.031910  61.329292   139.049   139.051  6 53124.20594895 29.449
 27 240.030791  61.326512   145.416   146.671  3 53159.20600763 24.474
 28 240.044429  61.326970   140.747   138.443  6 53194.20600241 21.459
 29 240.046579  61.328521   138.446   138.437  7 53229.20599478 49.654
 30 240.049880  61.328117   137.599   137.715  7 53264.20596636 22.565
 31 240.020620  61.332724   138.307   138.310  7 53299.20601197 47.027
 33 240.050041  61.333444   138.282   138.282  2 53369.20592301 18.804
 35 240.048515  61.329980   138.275   138.247  3 53439.20594188 13.763
 36 240.025181  61.334385   141.297   140.958  5 53474.20600328  7.817
 37 240.037401  61.328925   151.032   151.075  7 53509.20602244 19.942
 38 240.036073  61.330016   140.507   140.549  7 53544.20603635 48.554
 39 240.044965  61.327526   139.461   139.500  7 53579.20601559 40.673
 40 240.049077  61.326238   144.797   145.225  7 53614.20596900 19.095
 41 240.034222  61.330060   139.713   139.668  7 53649.20597670 44.410
 42 240.032447  61.333594   138.822   138.901  5 53684.20599125 41.855
 44 240.043834  61.320034   140.424   140.424  2 53754.20583774 20.205
 45 240.052508  61.320319   140.474   140.480  3 53789.20586757 18.096
 46 240.027497  61.331040   139.591   139.603  6 53824.20582589 30.112
 48 240.038072  61.329353   151.524   151.534  7 53894.20593487 22.660
 49 240.027156  61.331262   141.598   141.656  7 53929.20599135 42.216
 50 240.038017  61.328699   138.034   138.028  7 53964.20597060 36.357
 51 240.022839  61.331408   139.126   139.429  7 53999.20592414 49.207
 54 240.054653  61.322455   138.521   138.649  3 54104.20591804 20.437
 55 240.032412  61.329461   138.059   138.032  7 54139.20589429 18.280
 56 240.045812  61.327940   137.850   137.746  7 54174.20589818 15.529
 57 240.031251  61.329601   137.975   137.991  6 54209.20590051 28.454
 58 240.037503  61.329977   149.943   151.005  7 54244.20593172 22.283
 59 240.039871  61.326987   140.133   140.217  7 54279.20594327 50.330
 60 240.044083  61.327211   143.589   145.311  7 54314.20594290 37.147
 61 240.050329  61.326210   150.519   150.577  6 54349.20591244 16.814
 62 240.034979  61.329689   139.307   139.348  7 54384.20588165 48.662
 63 240.046576  61.327150   138.675   138.591  7 54419.20586218 43.271
 64 240.027646  61.331213   138.484   138.484  2 54454.20585312 24.868
 65 240.042391  61.330240   138.709   138.651  6 54489.20586213 16.616
 66 240.035651  61.329821   138.503   138.486  7 54524.20586562 11.167
 67 240.046953  61.326923   138.688   138.637  7 54559.20587084 10.518
 68 240.044514  61.320335   139.732   139.732  2 54594.20585987 46.948
 69 240.039309  61.329148   140.834   140.740  7 54629.20587602 48.120
 70 240.036091  61.329195   140.079   139.950  7 54664.20588311 48.778
 71 240.047057  61.332006   138.606   138.609  4 54699.20585541 44.878
 72 240.030635  61.330196   140.335   139.813  7 54734.20584150 19.571
 73 240.038886  61.334068   137.982   137.987  3 54769.20583572 38.609
 76 240.033479  61.329524   138.536   138.600  6 54874.20583502 11.070
 77 240.047356  61.327689   138.138   138.074  7 54909.20583487 10.803
 78 240.030307  61.330677   137.879   137.866  7 54944.20582833 12.483
 79 240.039530  61.327617   150.681   150.447  7 54979.20585443 20.661
 80 240.045696  61.321024   140.534   140.534  2 55014.20585743 27.644
 81 240.036087  61.333965   139.400   139.372  3 55049.20585363 32.528
 82 240.053576  61.324485   144.233   144.446  5 55084.20581981 38.688
 83 240.034342  61.328799   139.174   139.250  7 55119.20578436 45.269
 84 240.043740  61.327210   137.819   137.804  7 55154.20577955 43.071
 87 240.037577  61.329596   138.800   138.915  7 55259.20576953 20.591
 88 240.050223  61.324855   138.748   138.547  6 55294.20576532  9.746
 89 240.036019  61.329809   150.843   150.829  7 55329.20575228 20.601
 90 240.041507  61.332582   139.078   139.019  3 55364.20574703 42.997
 91 240.031008  61.330126   138.902   138.764  7 55399.20575711 39.836
 92 240.043860  61.327178   138.456   138.487  8 55434.20576233 44.010
 93 240.054045  61.326941   138.571   138.728  6 55469.20571736 42.259
