# NaN NaN NaN ;Mean Elev.(m), Avg Gradient(m/km), RMS Gradient(m/km) - SRTM1     
#   -3.994  -0.952  17.494 ;Mean Elev.(m), Avg Gradient(m/km), RMS Gradient(m/km) - ASTER GDEM
#   15.191  -0.747  14.038 ;Mean Elev.(m), Avg Gradient(m/km), RMS Gradient(m/km) - GMTED2010 
  7 226.989301  67.211779    82.799    83.209  5 52459.84411863  3.865
  9 227.001716  67.210626    89.231    89.291  5 52529.84409329  6.341
 10 227.002267  67.210816    44.253    41.759  5 52564.84411095 18.553
 13 226.978652  67.208506   109.345   109.345  2 52669.84410691  2.679
 16 226.978642  67.214998    11.547    12.129  5 52774.84407762 26.917
 18 226.996372  67.210916    80.320    80.660  4 52844.84420778  4.596
 19 226.988167  67.213250     8.728     8.872  5 52879.84424535 40.578
 21 227.007752  67.210694    44.741    36.661  5 52949.84416230 19.570
 22 226.988031  67.205790   109.802   109.802  2 52984.84418941  2.888
 23 226.982341  67.214479    87.528    86.462  5 53019.84417916  4.551
 25 226.972057  67.217602    82.795    82.870  5 53089.84420228  5.113
 28 226.989747  67.212960    71.077    68.362  5 53194.84422879  6.634
 29 226.989480  67.213578    75.577    74.628  5 53229.84421816  8.280
 30 226.972551  67.217191    57.067    57.067  2 53264.84418918  5.691
 31 226.986004  67.213136    43.302    45.373  5 53299.84423599 18.065
 34 226.993310  67.211752   115.994   115.994  2 53404.84417880  1.547
 36 226.992474  67.215768    79.282    79.856  4 53474.84422772  4.562
 38 226.982258  67.215684    65.535    65.535  2 53544.84426106  6.422
 39 226.981107  67.215389    28.101    34.637  5 53579.84423914 17.651
 41 226.995467  67.211880    56.659    56.528  5 53649.84420244 13.167
 42 226.982037  67.215122    55.546    55.323  4 53684.84421394  7.895
 45 226.987683  67.212879    84.716    84.251  5 53789.84409421  5.061
 48 226.994272  67.212780    20.566    11.111  5 53894.84416098 14.244
 49 226.977525  67.214023    19.503    10.949  5 53929.84421546 16.603
 50 226.978090  67.216918     6.135     7.138  3 53964.84419393 50.209
 51 227.001483  67.203701    78.644    78.644  2 53999.84415072  4.201
 55 226.989319  67.208527   102.991   102.991  2 54139.84412026  4.388
 56 226.978108  67.213484    83.705    84.211  5 54174.84412300  9.466
 57 226.994600  67.214426    74.774    75.436  3 54209.84412555  7.267
 58 226.995042  67.218470   135.743   135.743  2 54244.84415541  0.886
 61 226.976757  67.213427     6.667     6.799  4 54349.84413716 40.401
 62 226.994783  67.214005    59.938    57.788  4 54384.84410592 12.802
 63 226.984136  67.218624    58.072    58.072  2 54419.84408576  9.009
 64 227.000746  67.212219    72.364    74.357  5 54454.84407759 10.186
 66 226.994597  67.212838   108.882   108.882  2 54524.84409063  3.751
 67 226.980369  67.215057    78.949    84.227  4 54559.84409539  4.872
 69 226.985518  67.212775    52.719    44.790  5 54629.84410107  9.726
 70 226.989199  67.215622    61.954    61.111  3 54664.84410721  2.683
 71 226.979095  67.214650     8.211     7.973  5 54699.84407856 29.860
 72 226.993035  67.209260    88.137    90.449  4 54734.84406679  4.407
 74 227.000472  67.217698    57.519    57.519  2 54804.84405900 10.721
 75 226.986959  67.213127    81.532    80.787  5 54839.84405341  7.991
 76 226.992478  67.213898    79.686    79.944  5 54874.84406028  6.177
 80 226.979479  67.207251    92.578    92.578  2 55014.84408467  2.935
 81 226.989303  67.214430    79.005    78.507  5 55049.84407685  6.913
 83 226.996103  67.211941    41.703    40.513  5 55119.84400976 20.617
 84 226.980410  67.213482    56.124    55.827  5 55154.84400430 14.194
 85 226.995754  67.212897    74.646    79.095  4 55189.84399880 10.912
 86 226.987079  67.217543    78.739    78.699  3 55224.84400319  9.325
 87 226.990957  67.214122    80.493    78.994  5 55259.84399466  7.219
 88 226.979550  67.216047    82.942    84.282  3 55294.84398973  5.596
 89 226.985833  67.213652    14.277    13.938  5 55329.84397647 24.653
 90 226.980878  67.212788    10.036     9.911  5 55364.84397101 41.982
 92 226.981847  67.208913    84.120    84.120  2 55434.84398811  7.704
 93 226.974844  67.215591    35.767    36.554  5 55469.84394155 19.041
