# NaN NaN NaN ;Mean Elev.(m), Avg Gradient(m/km), RMS Gradient(m/km) - SRTM1     
#  124.362  -3.016   4.363 ;Mean Elev.(m), Avg Gradient(m/km), RMS Gradient(m/km) - ASTER GDEM
#  140.726  -3.178   3.347 ;Mean Elev.(m), Avg Gradient(m/km), RMS Gradient(m/km) - GMTED2010 
  7   142.372 52471.79148568 21.91 240.890803  61.235243 16.147
  7   142.205 52471.79148633 26.15 240.888453  61.232083 16.147
  7   143.064 52471.79148697 24.44 240.886103  61.228933 16.147
  8   140.907 52506.79146211 21.86 240.893072  61.238090 17.231
  8   140.459 52506.79146276 21.57 240.890716  61.234928 10.204
  8   141.164 52506.79146340 20.32 240.888366  61.231778 10.204
  8   141.707 52506.79146405 23.60 240.886016  61.228618 10.204
  9   142.757 52541.79144302 19.46 240.917956  61.242001 15.073
  9   142.217 52541.79144367 17.50 240.915606  61.238841 15.073
  9   142.184 52541.79144431 17.02 240.913256  61.235691 15.073
  9   142.585 52541.79144496 17.63 240.910896  61.232531 15.073
 10   139.216 52576.79149357 35.30 240.895478  61.238069 13.943
 10   139.190 52576.79149422 44.51 240.893128  61.234919 13.943
 10   139.256 52576.79149486 46.84 240.890778  61.231759 13.943
 10   139.103 52576.79149550 37.95 240.888428  61.228599 13.943
 11   139.033 52611.79145719 38.06 240.888947  61.235894 14.191
 11   138.987 52611.79145784 43.92 240.886597  61.232744 14.191
 11   138.879 52611.79145848 43.71 240.884247  61.229584 14.191
 12   140.195 52646.79144176 20.98 240.904012  61.239873  6.715
 12   140.224 52646.79144241 21.36 240.901662  61.236713  6.715
 12   140.269 52646.79144305 20.94 240.899312  61.233553  6.715
 12   140.163 52646.79144370 20.64 240.896962  61.230403  6.715
 13   139.986 52681.79141244 13.83 240.900864  61.238129  4.519
 13   140.007 52681.79141309 13.87 240.898514  61.234969  4.519
 13   139.981 52681.79141373 13.20 240.896164  61.231809  4.519
 13   139.915 52681.79141438 12.45 240.893814  61.228649  4.519
 14   139.397 52716.79147047  9.61 240.901020  61.239432  4.593
 14   139.834 52716.79147111  8.58 240.898670  61.236272  4.593
 14   139.710 52716.79147176  8.70 240.896310  61.233122  4.593
 14   139.758 52716.79147240  8.93 240.893960  61.229962  4.593
 15   139.757 52751.79149718 30.35 240.876387  61.235430 20.143
 15   141.664 52751.79149782 27.93 240.874037  61.232270 20.143
 16   141.841 52786.79143914 49.05 240.913706  61.242423 21.361
 16   141.802 52786.79143978 49.80 240.911356  61.239273 21.361
 16   141.756 52786.79144043 50.54 240.909006  61.236113 21.361
 16   141.715 52786.79144107 51.88 240.906656  61.232953 21.361
 16   141.762 52786.79144171 52.24 240.904306  61.229803 21.361
 17   142.566 52821.79151307 20.58 240.908280  61.239104 12.862
 17   142.100 52821.79151371 20.06 240.905930  61.235944 12.862
 17   142.334 52821.79151436 20.47 240.903570  61.232784 12.862
 17   142.791 52821.79151500 21.41 240.901220  61.229634 12.862
 18   142.746 52856.79155981 21.96 240.909807  61.241912 12.018
 18   142.369 52856.79156046 19.67 240.907447  61.238762 12.018
 18   142.046 52856.79156110 19.50 240.905097  61.235602 12.018
 18   142.294 52856.79156175 18.42 240.902747  61.232442 12.018
 18   143.013 52856.79156239 19.19 240.900397  61.229292 12.018
 19   142.309 52891.79159337 21.80 240.894857  61.237773 11.340
 19   140.125 52891.79159401 22.84 240.892507  61.234613 11.340
 19   139.999 52891.79159466 25.05 240.890157  61.231463 11.340
 20   142.167 52926.79154642 17.03 240.882051  61.235257 14.890
 20   141.657 52926.79154707 18.13 240.879701  61.232107 14.890
 20   142.001 52926.79154771 20.86 240.877351  61.228947 14.890
 21   138.769 52961.79151236 25.17 240.918973  61.242560  7.102
 21   138.846 52961.79151300 27.88 240.916620  61.239407  9.570
 21   139.045 52961.79151365 31.93 240.914270  61.236247  9.570
 21   139.068 52961.79151429 35.06 240.911920  61.233097  9.570
 22   139.473 52996.79155531 21.09 240.897147  61.238403  6.896
 22   139.458 52996.79155596 21.22 240.894797  61.235253  6.896
 22   139.498 52996.79155660 23.11 240.892447  61.232093  6.896
 22   139.381 52996.79155725 20.85 240.890097  61.228933  6.896
 23   139.132 53031.79151607 14.56 240.883363  61.234946  4.453
 23   139.061 53031.79151672 14.56 240.881013  61.231786  4.453
 23   139.098 53031.79151736 14.62 240.878663  61.228626  4.453
 24   138.900 53066.79152405 13.05 240.904911  61.239042  3.770
 24   138.797 53066.79152470 13.73 240.902561  61.235882  3.770
 24   138.907 53066.79152534 13.60 240.900211  61.232732  3.770
 24   138.735 53066.79152599 12.95 240.897861  61.229572  3.770
 25   139.150 53101.79152184  5.31 240.880246  61.235301  5.814
 25   138.826 53101.79152249  8.78 240.877896  61.232151  5.814
 25   138.805 53101.79152313  8.07 240.875546  61.228991  5.814
 26   142.777 53136.79152557 24.00 240.909744  61.241136 13.469
 26   142.165 53136.79152621 23.03 240.907394  61.237976 13.469
 26   142.027 53136.79152686 24.48 240.905044  61.234816 13.469
 26   141.977 53136.79152750 27.74 240.902694  61.231666 13.469
 27   140.083 53171.79157582 49.46 240.899860  61.239017 19.462
 27   139.976 53171.79157646 52.29 240.897510  61.235857 19.462
 27   140.035 53171.79157711 50.20 240.895160  61.232697 19.462
 27   139.934 53171.79157775 50.73 240.892810  61.229547 19.462
 28   139.764 53206.79159010 47.42 240.895141  61.238064 27.457
 28   139.686 53206.79159075 52.16 240.892791  61.234904 27.457
 28   139.633 53206.79159139 52.46 240.890441  61.231754 27.457
 28   139.454 53206.79159204 50.76 240.888091  61.228594 27.457
 29   139.092 53241.79155775 46.59 240.895699  61.238359 14.337
 29   139.486 53241.79155840 48.92 240.893349  61.235199 14.337
 29   139.357 53241.79155904 50.69 240.891009  61.232049 14.337
 29   139.314 53241.79155969 44.93 240.888659  61.228889 14.337
 30   142.391 53276.79152786 14.95 240.916436  61.243043 16.444
 30   142.077 53276.79152851 11.61 240.914086  61.239883 16.444
 30   141.317 53276.79152915 12.45 240.911736  61.236733 16.444
 30   141.115 53276.79152980 11.76 240.909386  61.233573 16.444
 30   141.787 53276.79153044 10.70 240.907026  61.230413 16.444
 31   138.620 53311.79156806 34.96 240.896151  61.236418 14.024
 31   138.487 53311.79156871 44.05 240.893801  61.233258 14.024
 31   138.868 53311.79156935 38.77 240.891451  61.230108 14.024
 32   137.911 53346.79153406 22.07 240.894280  61.236104  7.487
 32   137.926 53346.79153471 22.95 240.891930  61.232944  7.487
 32   137.792 53346.79153535 22.56 240.889580  61.229794  7.487
 33   138.895 53381.79149299 15.64 240.914830  61.241459  4.509
 33   138.912 53381.79149363 16.22 240.912480  61.238299  4.509
 33   138.920 53381.79149428 15.92 240.910130  61.235139  4.509
 33   138.843 53381.79149492 14.86 240.907780  61.231989  4.509
 34   138.718 53416.79151127 13.70 240.905649  61.240473  4.131
 34   138.915 53416.79151191 14.55 240.903299  61.237313  4.131
 34   138.769 53416.79151256 12.95 240.900939  61.234153  4.131
 34   138.634 53416.79151320 12.68 240.898599  61.230993  4.131
 35   138.787 53451.79150925 11.92 240.918714  61.242617  3.370
 35   138.952 53451.79150989 10.74 240.916354  61.239457  3.370
 35   138.739 53451.79151054 11.25 240.914004  61.236307  3.370
 35   138.777 53451.79151118 10.60 240.911654  61.233147  3.370
 36   140.508 53486.79159639 30.61 240.891534  61.236106 15.724
 36   141.905 53486.79159703 24.87 240.889184  61.232956 15.724
 36   140.673 53486.79159768 34.67 240.886834  61.229796 15.724
 37   142.423 53521.79158768 22.90 240.899976  61.238510 12.990
 37   142.211 53521.79158832 20.83 240.897626  61.235350 12.990
 37   142.733 53521.79158896 21.28 240.895276  61.232190 12.990
 37   142.852 53521.79158961 27.70 240.892926  61.229030 12.990
 38   142.114 53556.79161346 19.24 240.886869  61.234893 15.590
 38   142.692 53556.79161410 18.71 240.884519  61.231743 15.590
 38   142.969 53556.79161475 19.66 240.882169  61.228583 15.590
 39   141.954 53591.79155048 20.65 240.896471  61.236557  9.419
 39   141.548 53591.79155113 21.24 240.894121  61.233397  9.419
 39   142.162 53591.79155177 21.15 240.891771  61.230237  9.419
 40   142.443 53626.79153849 20.86 240.907322  61.239828 11.994
 40   141.989 53626.79153913 19.51 240.904972  61.236668 11.994
 40   142.061 53626.79153978 19.20 240.902622  61.233508 11.994
 41   140.418 53661.79156431 41.96 240.900705  61.239834 15.530
 41   140.530 53661.79156495 50.70 240.898355  61.236674 15.530
 41   139.897 53661.79156560 54.22 240.896005  61.233514 15.530
 41   140.126 53661.79156624 50.36 240.893655  61.230364 15.530
 42   139.280 53696.79153268 30.37 240.891339  61.236876 12.675
 42   139.129 53696.79153333 36.81 240.888989  61.233716 12.675
 42   139.298 53696.79153397 38.85 240.886649  61.230566 12.675
 43   140.627 53731.79145553 22.55 240.888815  61.236194  7.783
 43   140.486 53731.79145617 25.46 240.886465  61.233034  7.783
 43   140.516 53731.79145682 27.52 240.884115  61.229884  7.783
 44   140.628 53766.79142752 16.26 240.911215  61.240461  5.048
 44   140.851 53766.79142817 17.41 240.908865  61.237301  5.048
 44   141.048 53766.79142881 21.55 240.906515  61.234141  5.048
 44   140.780 53766.79142946 19.59 240.904165  61.230991  5.048
 45   140.677 53801.79142973 15.05 240.893359  61.237646  4.669
 45   140.845 53801.79143037 18.53 240.891009  61.234486  4.669
 45   141.164 53801.79143102 16.01 240.888659  61.231336  4.669
 46   141.214 53836.79143734  7.24 240.913215  61.242023  2.184
 46   141.418 53836.79143798  7.04 240.910865  61.238863  2.184
 46   141.426 53836.79143863  6.77 240.908505  61.235713  2.184
 47   141.934 53871.79149252 47.90 240.902587  61.239973 23.651
 47   141.943 53871.79149316 49.66 240.900237  61.236813 23.651
 47   141.858 53871.79149381 49.64 240.897887  61.233653 23.651
 47   141.819 53871.79149445 51.60 240.895537  61.230503 23.651
 48   141.596 53906.79153250 40.70 240.896802  61.237464 12.585
 48   141.635 53906.79153315 42.30 240.894452  61.234304 12.585
 48   141.578 53906.79153379 45.35 240.892102  61.231144 12.585
 49   140.510 53941.79156123 24.39 240.886120  61.235164 10.297
 49   140.552 53941.79156188 24.64 240.883770  61.232004 10.297
 49   140.403 53941.79156252 24.75 240.881420  61.228844 10.297
 50   142.203 53976.79151601 14.41 240.884336  61.235089 13.560
 50   141.737 53976.79151665 15.25 240.881996  61.231929 13.560
 50   141.781 53976.79151730 16.56 240.879646  61.228769 13.560
 51   142.475 54011.79151732 14.03 240.916814  61.242719 21.343
 51   141.908 54011.79151796 13.23 240.914461  61.239565 14.234
 51   141.403 54011.79151861 12.68 240.912111  61.236405 14.234
 51   141.256 54011.79151925 14.71 240.909761  61.233255 14.234
 51   141.616 54011.79151989 12.42 240.907401  61.230095 14.234
 52   138.220 54046.79153094 27.84 240.908828  61.240344 13.531
 52   138.301 54046.79153159 30.48 240.906468  61.237184 13.531
 52   138.371 54046.79153223 41.41 240.904128  61.234034 13.531
 52   138.445 54046.79153287 41.08 240.901768  61.230874 13.531
 54   138.763 54116.79145782 10.27 240.882218  61.235005  3.647
 54   139.014 54116.79145847  9.13 240.879868  61.231845  3.647
 54   140.140 54116.79145911  9.35 240.877528  61.228695  3.647
 55   138.774 54151.79147541  8.99 240.898695  61.239454  3.355
 55   138.959 54151.79147605  8.91 240.896345  61.236294  3.355
 55   138.751 54151.79147670  7.88 240.893995  61.233144  3.355
 55   138.943 54151.79147734  8.45 240.891645  61.229984  3.355
 56   155.052 54186.79145064  9.74 240.884577  61.235028  2.609
 56   141.457 54186.79145128 10.51 240.882227  61.231868  2.609
 57   142.847 54221.79148462 25.23 240.903777  61.240558 19.953
 57   142.192 54221.79148526 26.11 240.901427  61.237398 19.953
 57   142.208 54221.79148591 24.98 240.899067  61.234238 19.953
 57   142.409 54221.79148655 29.51 240.896717  61.231078 19.953
 58   142.180 54256.79150814 18.23 240.896804  61.236747 19.603
 58   142.069 54256.79150879 19.76 240.894454  61.233587 19.603
 58   142.761 54256.79150943 21.04 240.892104  61.230437 19.603
 59   140.984 54291.79150964 45.38 240.901351  61.239917 19.971
 59   140.948 54291.79151029 49.29 240.898991  61.236757 19.971
 59   141.619 54291.79151093 49.55 240.896641  61.233597 19.971
 59   140.913 54291.79151158 48.99 240.894301  61.230437 19.971
 60   140.332 54326.79150712 50.67 240.896682  61.237272 23.303
 60   140.470 54326.79150776 52.10 240.894332  61.234112 23.303
 60   140.171 54326.79150841 51.71 240.891992  61.230952 23.303
 61   139.877 54361.79145840 34.10 240.883664  61.235412 23.207
 61   141.271 54361.79145904 21.98 240.881314  61.232252 23.207
 61   140.407 54361.79145969 32.12 240.878964  61.229102 23.207
 62   139.887 54396.79144628 36.33 240.904014  61.240389 10.443
 62   140.095 54396.79144692 37.30 240.901664  61.237229 10.443
 62   139.942 54396.79144757 39.12 240.899314  61.234079 10.443
 62   139.815 54396.79144821 43.29 240.896954  61.230919 10.443
 64   140.002 54466.79142734 17.42 240.907597  61.240085  6.486
 64   140.052 54466.79142799 18.85 240.905247  61.236925  6.486
 64   140.081 54466.79142863 20.61 240.902887  61.233775  6.486
 64   139.872 54466.79142928 19.70 240.900537  61.230615  6.486
 65   139.338 54501.79142186 15.12 240.892900  61.237443  5.484
 65   139.625 54501.79142251 15.17 240.890550  61.234293  5.484
 65   139.540 54501.79142315 16.52 240.888210  61.231133  5.484
 66   139.981 54536.79144307 10.56 240.899443  61.238827  3.467
 66   140.663 54536.79144371  9.72 240.897093  61.235667  3.467
 66   139.793 54536.79144435 10.08 240.894743  61.232507  3.467
 67   139.461 54571.79142388  7.04 240.888610  61.236630 10.135
 67   139.627 54571.79142453  9.70 240.886260  61.233470 10.135
 67   139.364 54571.79142517 10.52 240.883910  61.230310 10.135
 68   142.999 54606.79143646 25.85 240.900183  61.239297 14.596
 68   142.228 54606.79143711 24.83 240.897833  61.236147 14.596
 68   142.784 54606.79143775 24.71 240.895483  61.232987 14.596
 68   142.932 54606.79143840 29.34 240.893133  61.229827 14.596
 69   141.319 54641.79144608 45.28 240.895243  61.238057 15.596
 69   141.365 54641.79144672 46.81 240.892893  61.234897 15.596
 69   141.399 54641.79144737 48.03 240.890543  61.231737 15.596
 69   141.111 54641.79144801 48.67 240.888193  61.228587 15.596
 70   140.214 54676.79144815 32.26 240.896114  61.237077 17.468
 70   140.295 54676.79144880 31.25 240.893764  61.233917 17.468
 70   140.234 54676.79144944 26.51 240.891414  61.230757 17.468
 71   141.494 54711.79140325 21.98 240.888552  61.236120  9.195
 71   139.355 54711.79140389 22.11 240.886202  61.232970  9.195
 71   138.932 54711.79140454 23.26 240.883862  61.229810  9.195
 72   142.425 54746.79141621 16.99 240.900584  61.238119 14.890
 72   141.812 54746.79141686 16.62 240.898234  61.234959 14.890
 72   141.411 54746.79141750 16.62 240.895884  61.231799 14.890
 72   141.748 54746.79141814 15.68 240.893534  61.228639 14.890
 73   139.419 54781.79138890 30.52 240.895006  61.236714 13.565
 73   139.304 54781.79138954 35.74 240.892656  61.233554 13.565
 73   139.470 54781.79139019 32.37 240.890306  61.230404 13.565
 74   138.942 54816.79140850 19.93 240.904104  61.240507  8.730
 74   139.161 54816.79140914 22.14 240.901744  61.237357  8.730
 74   139.270 54816.79140979 23.76 240.899394  61.234197  8.730
 74   139.245 54816.79141043 24.70 240.897044  61.231037  8.730
 75   139.570 54851.79138646  9.56 240.893238  61.237342  3.639
 75   139.556 54851.79138711 10.14 240.890888  61.234182  3.639
 75   139.771 54851.79138775  9.27 240.888538  61.231022  3.639
 76   139.834 54886.79141318  9.33 240.899290  61.239616  3.326
 76   139.742 54886.79141382  9.40 240.896940  61.236456  3.326
 76   139.537 54886.79141447  9.58 240.894590  61.233296  3.326
 76   139.751 54886.79141511  9.31 240.892240  61.230136  3.326
 77   139.548 54921.79138776  9.46 240.881693  61.236437  3.480
 77   139.697 54921.79138840  9.33 240.879343  61.233277  3.480
 77   140.141 54921.79138905  9.37 240.876993  61.230127  3.480
 78   142.185 54956.79140894 30.15 240.902266  61.238957 12.699
 78   141.976 54956.79140958 24.91 240.899916  61.235807 12.699
 79   140.602 54991.79143267 48.24 240.895330  61.237339 22.796
 79   140.604 54991.79143331 51.92 240.892980  61.234179 22.796
 79   140.616 54991.79143396 50.92 240.890630  61.231019 22.796
 80   142.418 55026.79142331 20.32 240.895532  61.238182 17.168
 80   142.330 55026.79142396 18.83 240.893182  61.235022 17.168
 80   142.689 55026.79142460 19.77 240.890832  61.231862 17.168
 80   142.826 55026.79142524 29.54 240.888482  61.228712 17.168
 81   142.525 55061.79141595 15.50 240.898341  61.239218 15.303
 81   142.176 55061.79141660 14.58 240.895991  61.236068 15.303
 81   142.051 55061.79141724 14.98 240.893641  61.232908 15.303
 81   142.512 55061.79141789 14.52 240.891291  61.229748 15.303
 82   142.149 55096.79136644 18.20 240.881330  61.234204 18.607
 82   142.179 55096.79136709 19.66 240.878980  61.231044 18.607
 82   142.741 55096.79136773 19.97 240.876630  61.227894 18.607
 83   139.513 55131.79135918 47.45 240.901019  61.238955 22.978
 83   139.554 55131.79135983 49.09 240.898669  61.235795 22.978
 83   139.615 55131.79136047 49.52 240.896319  61.232635 22.978
 83   139.571 55131.79136112 42.53 240.893969  61.229485 22.978
 84   138.378 55166.79132768 28.91 240.894356  61.237505 13.775
 84   138.248 55166.79132833 41.02 240.892006  61.234345 13.775
 84   138.803 55166.79132897 37.36 240.889656  61.231185 13.775
 85   139.749 55201.79135152 22.86 240.899802  61.237378  9.418
 85   139.647 55201.79135217 22.95 240.897452  61.234218  9.418
 85   139.642 55201.79135281 25.51 240.895102  61.231058  9.418
 86   139.437 55236.79133500 19.22 240.888175  61.236048  7.703
 86   139.498 55236.79133565 19.57 240.885825  61.232888  7.703
 86   139.408 55236.79133629 20.31 240.883475  61.229728  7.703
 87   140.465 55271.79134618  4.07 240.895609  61.236248  5.400
 87   139.778 55271.79134682  4.14 240.893259  61.233088  5.400
 87   140.167 55271.79134747  3.61 240.890909  61.229938  5.400
 88   140.196 55306.79131645 32.17 240.886646  61.236821 17.124
 88   140.290 55306.79131710 28.77 240.884296  61.233661 17.124
 88   140.322 55306.79131774 34.20 240.881946  61.230501 17.124
 89   142.735 55341.79131558 22.16 240.899704  61.238779 14.964
 89   142.323 55341.79131622 22.46 240.897354  61.235629 14.964
 89   142.754 55341.79131687 22.41 240.895004  61.232469 14.964
 89   142.829 55341.79131751 27.23 240.892654  61.229309 14.964
 90   142.369 55376.79130985 20.14 240.892556  61.235714 16.121
 90   142.479 55376.79131049 19.04 240.890206  61.232554 16.121
 90   142.863 55376.79131114 23.16 240.887856  61.229404 16.121
 91   142.493 55411.79133207 18.22 240.903251  61.238907 16.185
 91   142.146 55411.79133271 17.68 240.900901  61.235757 16.185
 91   142.243 55411.79133336 18.67 240.898551  61.232597 16.185
 91   142.770 55411.79133400 17.85 240.896201  61.229437 16.185
 92   139.160 55446.79132404 43.00 240.896965  61.238723 13.726
 92   139.682 55446.79132468 47.34 240.894615  61.235573 13.726
 92   139.059 55446.79132533 50.16 240.892265  61.232413 13.726
 92   139.016 55446.79132597 49.92 240.889915  61.229253 13.726
 93   142.377 55481.79125686 18.75 240.881952  61.234493 17.330
 93   142.427 55481.79125750 20.48 240.879602  61.231333 17.330
 93   142.678 55481.79125815 22.21 240.877252  61.228183 17.330
