# NaN NaN NaN ;Mean Elev.(m), Avg Gradient(m/km), RMS Gradient(m/km) - SRTM1     
#   84.993 -21.316  45.012 ;Mean Elev.(m), Avg Gradient(m/km), RMS Gradient(m/km) - ASTER GDEM
#   87.178 -21.495  45.644 ;Mean Elev.(m), Avg Gradient(m/km), RMS Gradient(m/km) - GMTED2010 
  7 236.261549  63.525434   213.383   213.996  3 52467.80897259  2.187
  8 236.257920  63.526559    88.290    88.174  3 52502.80896256 42.771
  9 236.269362  63.513523   223.466   221.461  4 52537.80894960  3.060
 10 236.262528  63.525065   207.157   207.261  3 52572.80898693  8.719
 11 236.259610  63.524279   138.978   138.978  2 52607.80894493  0.855
 12 236.265150  63.519921   206.212   207.172  3 52642.80894258  8.142
 16 236.268389  63.516100    90.579    90.558  4 52782.80892870 42.955
 17 236.267064  63.516702    88.973    88.953  4 52817.80900702 18.961
 18 236.266996  63.519628   117.779   117.292  4 52852.80905655  5.488
 20 236.257548  63.529899   110.050   108.432  3 52922.80904367 15.454
 25 236.254424  63.532576   211.817   209.786  3 53097.80902640  2.553
 28 236.262241  63.523269    87.787    87.820  3 53202.80908182 34.470
 30 236.271910  63.511219    86.842    86.639  4 53272.80901094 42.120
 32 236.258161  63.525516   202.602   202.411  3 53342.80903710  9.473
 37 236.261130  63.523553    92.748    91.327  3 53517.80908548 10.558
 40 236.267017  63.519169   120.084   119.999  3 53622.80902835  5.234
 41 236.264915  63.520200    89.946    90.318  3 53657.80905587 11.068
 42 236.259049  63.527491    87.766    87.880  3 53692.80903767 34.884
 43 236.256685  63.530251    89.104    89.104  2 53727.80896055  1.434
 44 236.271260  63.513627   208.058   207.985  4 53762.80891973  4.739
 47 236.264496  63.521161    96.369    96.583  4 53867.80898842 32.658
 48 236.261362  63.522641    91.802    91.779  3 53902.80901934 39.672
 49 236.257427  63.528229    86.347    86.347  2 53937.80905527 40.873
 50 236.256572  63.529878    87.451    87.650  3 53972.80901842 43.030
 55 236.264446  63.520370   210.212   209.990  3 54147.80896857  1.105
 56 236.255101  63.530807   206.784   206.784  2 54182.80895067  1.235
 57 236.265141  63.520511   145.027   145.116  4 54217.80897710  1.284
 58 236.262382  63.522390    91.615    91.718  3 54252.80900218 43.479
 59 236.262810  63.524385    92.063    92.586  3 54287.80900642 36.261
 60 236.263204  63.523363   101.802   100.457  4 54322.80900387  8.042
 61 236.255497  63.529263    88.318    88.323  3 54357.80896081 43.280
 64 236.266310  63.519760    90.176    90.256  4 54462.80892294  2.755
 67 236.255678  63.528719   206.245   206.245  2 54567.80892433  4.993
 70 236.260997  63.525538    89.978    90.147  3 54672.80894486 24.765
 71 236.259275  63.526744   205.912   205.508  3 54707.80890373  5.422
 72 236.265072  63.522349    86.741    86.793  3 54742.80891080 23.612
 73 236.260473  63.524568   204.685   205.322  3 54777.80888623  5.625
 74 236.268138  63.520647    87.776    87.776  2 54812.80890445  4.676
 78 236.263789  63.522434    87.339    87.386  4 54952.80890148 24.514
 79 236.262112  63.523458   209.002   207.646  4 54987.80892572  6.357
 80 236.260681  63.523330    89.264    89.253  3 55022.80891813 20.012
 83 236.263897  63.522749    87.002    86.955  4 55127.80885428 42.011
 86 236.257460  63.529409    88.293    88.293  2 55232.80883409 20.530
 87 236.263523  63.522517    87.071    87.023  4 55267.80884020 13.354
 89 236.260850  63.523347    94.059    94.045  3 55337.80881376 39.693
 90 236.261113  63.523691    88.459    88.671  3 55372.80880419 42.820
 92 236.260287  63.523665    89.901    89.850  3 55442.80882265  9.644
 93 236.255091  63.529016    92.999    91.897  3 55477.80876182 14.914
