# NaN NaN NaN ;Mean Elev.(m), Avg Gradient(m/km), RMS Gradient(m/km) - SRTM1     
#  104.470  -9.728  12.749 ;Mean Elev.(m), Avg Gradient(m/km), RMS Gradient(m/km) - ASTER GDEM
#  117.202  -9.569  11.701 ;Mean Elev.(m), Avg Gradient(m/km), RMS Gradient(m/km) - GMTED2010 
  7 237.283603  62.157796   111.669   111.742  4 52445.80328312 36.350
  8 237.285323  62.157322   130.019   130.165  3 52480.80327482 17.345
 15 237.293586  62.156213   107.794   107.822  3 52725.80325521 14.398
 19 237.303517  62.154814   109.119   109.119  2 52865.80334023 45.594
 23 237.288489  62.162654   108.955   108.955  2 53005.80334671 18.401
 24 237.300707  62.155546   108.102   108.102  2 53040.80329850 16.232
 26 237.296673  62.156242   144.555   144.555  2 53110.80330120  0.663
 27 237.294092  62.159252   207.205   207.205  2 53145.80334300  0.754
 29 237.290149  62.157553   108.807   108.870  4 53215.80337531 29.433
 30 237.279339  62.158265   107.565   107.677  5 53250.80335241 20.332
 31 237.296568  62.156996   147.029   146.404  3 53285.80334545  2.701
 32 237.301808  62.156098   108.420   108.455  3 53320.80332403 36.373
 34 237.302256  62.158081   145.464   145.464  2 53390.80330377  3.825
 37 237.287760  62.158225   201.615   199.860  4 53495.80339116  3.747
 39 237.282021  62.158844   111.049   110.832  4 53565.80339530 13.026
 41 237.297909  62.157586   108.876   108.876  2 53635.80333521 20.246
 43 237.293365  62.159172   145.378   145.378  2 53705.80328948  1.455
 44 237.275709  62.154376   109.135   109.000  3 53740.80320369 22.076
 45 237.300273  62.156445   127.307   127.307  2 53775.80322450 12.131
 46 237.279519  62.155016   120.362   108.447  3 53810.80320605 13.322
 48 237.300082  62.156262   210.354   210.354  2 53880.80327708  1.132
 50 237.278086  62.154710   110.119   110.361  3 53950.80334435 20.249
 55 237.303903  62.155427   144.737   144.737  2 54125.80322646  1.137
 57 237.300398  62.155216   106.826   106.826  2 54195.80322856 12.225
 58 237.294812  62.157358   205.660   207.084  3 54230.80327715  1.345
 60 237.292665  62.156280   110.828   110.973  3 54300.80329965 44.430
 61 237.289151  62.158817   110.230   110.735  4 54335.80328771 43.987
 63 237.289269  62.157917   139.402   145.107  3 54405.80323249 13.587
 71 237.289219  62.160477   109.739   109.739  2 54685.80322850 12.940
 73 237.292574  62.158132   110.334   110.250  3 54755.80320356 14.031
 75 237.295538  62.156234   144.112   144.221  3 54825.80320018  2.092
 79 237.294139  62.159610   196.559   196.559  2 54965.80320081  0.839
 82 237.287780  62.160214   109.315   109.315  2 55070.80319586 48.298
 85 237.305477  62.156376   110.099   110.099  2 55175.80310715 21.202
 86 237.293174  62.156942   109.088   109.031  3 55210.80314044 19.199
 87 237.298194  62.155595   109.391   109.370  3 55245.80311292 18.099
 89 237.293401  62.158733   205.665   205.939  3 55315.80310012  1.184
