# NaN NaN NaN ;Mean Elev.(m), Avg Gradient(m/km), RMS Gradient(m/km) - SRTM1     
#   17.003  -0.877  39.357 ;Mean Elev.(m), Avg Gradient(m/km), RMS Gradient(m/km) - ASTER GDEM
#   30.000  -1.074  36.655 ;Mean Elev.(m), Avg Gradient(m/km), RMS Gradient(m/km) - GMTED2010 
  7    27.868 52452.22082368 40.01 231.054838  65.851962 30.059
  7    27.839 52452.22082433 42.11 231.051678  65.855052 30.059
  7    27.795 52452.22082497 49.37 231.048518  65.858142 30.059
  7    27.795 52452.22082562 50.89 231.045349  65.861233 23.488
  7    27.819 52452.22082626 49.06 231.042189  65.864323 23.488
  8    28.770 52487.22080098 37.62 231.085995  65.833934 26.540
  8    28.637 52487.22080163 35.04 231.082835  65.837024 26.540
  8    28.569 52487.22080227 32.28 231.079685  65.840124 26.540
  8    28.404 52487.22080292 31.34 231.076525  65.843214 26.540
  8    28.509 52487.22080356 29.87 231.073365  65.846304 26.540
  8    28.509 52487.22080421 29.21 231.070205  65.849394 26.540
  8    28.573 52487.22080485 28.75 231.067049  65.852490 33.287
  8    28.581 52487.22080550 35.22 231.063889  65.855580 33.287
  8    28.576 52487.22080614 36.31 231.060729  65.858670 33.287
  9    27.189 52522.22077117 28.28 231.090717  65.832864 18.972
  9    27.058 52522.22077182 30.97 231.087567  65.835954 18.972
  9    27.162 52522.22077246 30.76 231.084407  65.839044 18.972
  9    27.293 52522.22077310 31.83 231.081257  65.842144 18.972
  9    27.101 52522.22077375 33.22 231.078097  65.845234 18.972
  9    27.170 52522.22077439 23.33 231.074937  65.848324 18.972
  9    27.458 52522.22077504 20.21 231.071777  65.851414 18.972
  9    27.296 52522.22077568 18.02 231.068628  65.854510 15.121
 11    26.956 52592.22082090 37.15 231.062194  65.848911 22.055
 11    26.878 52592.22082155 35.88 231.059034  65.852001 22.055
 11    26.757 52592.22082219 31.86 231.055874  65.855091 22.055
 11    26.950 52592.22082284 34.38 231.052714  65.858181 22.055
 11    26.922 52592.22082348 38.50 231.049554  65.861271 22.055
 11    26.867 52592.22082413 37.96 231.046384  65.864361 22.055
 12    27.202 52627.22073977 25.19 231.051094  65.856984  7.541
 12    27.145 52627.22074041 24.24 231.047924  65.860074  7.541
 12    27.198 52627.22074105 25.14 231.044764  65.863164  7.541
 13    31.673 52662.22078383 16.47 231.066274  65.847794  4.487
 13    31.716 52662.22078447 15.62 231.063114  65.850884  4.487
 13    26.777 52662.22078641 18.13 231.053634  65.860154  4.487
 14    48.643 52697.22076243 13.84 231.047695  65.853005  4.149
 14    26.468 52697.22076437 15.49 231.038205  65.862275  4.149
 14    26.880 52697.22076501 14.87 231.035035  65.865365  4.149
 15    63.204 52732.22078039  3.87 231.093086  65.831115  3.866
 15    62.627 52732.22078104  3.13 231.089926  65.834205  3.866
 15    61.200 52732.22078168  1.97 231.086776  65.837295  3.866
 15    36.054 52732.22078233  6.60 231.083616  65.840395  3.866
 15    43.391 52732.22078297  8.69 231.080456  65.843485  3.866
 15    33.739 52732.22078361  9.96 231.077296  65.846575  3.866
 15    31.363 52732.22078426 10.39 231.074138  65.849669  3.021
 15    42.296 52732.22078490  9.50 231.070978  65.852759  3.021
 15    44.375 52732.22078555  9.31 231.067818  65.855849  3.021
 16    28.983 52767.22078970 37.99 231.092195  65.832445 32.019
 16    28.782 52767.22079035 32.13 231.089045  65.835535 32.019
 16    28.623 52767.22079099 30.95 231.085885  65.838625 32.019
 16    28.671 52767.22079164 29.97 231.082735  65.841715 32.019
 16    28.608 52767.22079228 29.24 231.079575  65.844805 32.019
 16    28.419 52767.22079292 26.89 231.076415  65.847905 32.019
 16    28.377 52767.22079357 27.30 231.073265  65.850995 32.019
 16    28.486 52767.22079421 27.86 231.070105  65.854085 32.019
 17    28.206 52802.22080408 49.88 231.044783  65.854162 43.766
 17    28.010 52802.22080472 45.08 231.041623  65.857252 43.766
 17    28.160 52802.22080537 48.06 231.038463  65.860342 43.766
 17    28.107 52802.22080601 50.69 231.035293  65.863432 43.766
 18    27.927 52837.22086818 46.00 231.056996  65.849698 45.570
 18    27.885 52837.22086883 50.72 231.053836  65.852788 45.570
 18    27.863 52837.22086947 50.84 231.050676  65.855878 45.570
 18    27.890 52837.22087012 51.17 231.047516  65.858968 45.570
 18    27.939 52837.22087076 51.52 231.044346  65.862058 45.570
 19    26.983 52872.22090823 39.18 231.062920  65.849141 37.882
 19    26.811 52872.22090887 41.74 231.059760  65.852231 37.882
 19    26.658 52872.22090952 30.98 231.056600  65.855321 37.882
 19    26.604 52872.22091016 33.69 231.053440  65.858411 37.882
 19    26.757 52872.22091081 38.60 231.050270  65.861501 37.882
 20    26.646 52907.22089463 37.10 231.088546  65.833331 32.922
 20    26.529 52907.22089527 33.30 231.085386  65.836421 32.922
 20    26.545 52907.22089592 38.01 231.082236  65.839511 32.922
 20    26.579 52907.22089656 30.77 231.079076  65.842601 32.922
 20    26.460 52907.22089721 29.74 231.075916  65.845691 32.922
 20    26.421 52907.22089785 37.12 231.072756  65.848791 32.922
 20    26.448 52907.22089850 39.99 231.069596  65.851881 32.922
 20    26.542 52907.22089914 42.72 231.066436  65.854971 32.922
 20    26.463 52907.22089979 40.78 231.063276  65.858061 32.922
 21    26.013 52942.22082797 45.83 231.049948  65.854014 31.538
 21    25.893 52942.22082861 42.32 231.046784  65.857110 28.108
 21    25.866 52942.22082926 37.29 231.043614  65.860200 28.108
 21    25.865 52942.22082990 30.70 231.040454  65.863290 28.108
 23    62.981 53012.22087922  8.16 231.079972  65.835127  3.567
 23    55.779 53012.22088180  8.00 231.067342  65.847497  3.567
 23    54.518 53012.22088244  7.54 231.064182  65.850587  3.567
 23    54.663 53012.22088309  7.92 231.061022  65.853677  3.567
 23    57.118 53012.22088373  7.04 231.057867  65.856770  2.744
 23    70.565 53012.22088438  6.26 231.054707  65.859860  2.744
 24    60.535 53047.22085025  7.11 231.049798  65.852422  2.200
 24    59.101 53047.22085089  7.34 231.046638  65.855512  2.200
 24    69.810 53047.22085154  6.67 231.043478  65.858602  2.200
 24    70.848 53047.22085218  6.70 231.040308  65.861692  2.200
 24    80.488 53047.22085283  6.74 231.037148  65.864782  2.200
 25    60.684 53082.22088384  7.09 231.063436  65.848286  2.535
 25    59.517 53082.22088449  6.30 231.060276  65.851376  2.535
 25    67.858 53082.22088513  6.46 231.057116  65.854466  2.535
 25    69.198 53082.22088578  6.24 231.053956  65.857556  2.535
 25    70.880 53082.22088642  6.02 231.050796  65.860646  2.535
 25    72.329 53082.22088707  5.98 231.047636  65.863736  2.535
 26    66.399 53117.22085566  4.99 231.046280  65.853029  2.233
 26    67.115 53117.22085631  4.98 231.043120  65.856119  2.233
 26    69.651 53117.22085695  5.19 231.039960  65.859209  2.233
 26    70.309 53117.22085760  5.25 231.036790  65.862299  2.233
 26    71.101 53117.22085824  5.24 231.033630  65.865389  2.233
 27    29.327 53152.22090455 47.19 231.052792  65.852681 37.595
 27    29.364 53152.22090520 48.67 231.049632  65.855771 37.595
 27    29.441 53152.22090584 47.64 231.046462  65.858861 37.595
 27    29.478 53152.22090649 50.93 231.043302  65.861951 37.595
 27    29.492 53152.22090713 49.88 231.040142  65.865041 37.595
 28    27.521 53187.22088696 40.42 231.086445  65.832534 20.079
 28    27.413 53187.22088761 24.97 231.083285  65.835624 20.079
 28    27.327 53187.22088825 20.32 231.080135  65.838714 20.079
 28    27.419 53187.22088890 20.99 231.076975  65.841804 20.079
 28    27.441 53187.22088954 20.42 231.073812  65.844900 20.654
 28    27.536 53187.22089019 22.13 231.070652  65.847990 20.654
 28    27.448 53187.22089083 20.04 231.067492  65.851080 20.654
 28    27.317 53187.22089148 20.68 231.064332  65.854170 20.654
 28    27.325 53187.22089212 19.58 231.061172  65.857260 20.654
 29    27.106 53222.22090927 26.06 231.089623  65.831288 20.729
 29    27.011 53222.22090992 20.70 231.086463  65.834378 20.729
 29    26.542 53222.22091056 21.93 231.083303  65.837468 20.729
 29    26.579 53222.22091121 19.76 231.080153  65.840558 20.729
 29    26.692 53222.22091185 20.97 231.076993  65.843658 20.729
 29    26.936 53222.22091250 18.86 231.073833  65.846748 20.729
 29    26.467 53222.22091314 19.33 231.070673  65.849838 20.729
 29    26.688 53222.22091379 19.36 231.067513  65.852928 20.729
 29    26.568 53222.22091443 19.60 231.064362  65.856022 21.392
 30    26.061 53257.22088555 30.12 231.089679  65.832621 31.355
 30    26.086 53257.22088619 32.62 231.086519  65.835711 31.355
 30    26.140 53257.22088683 32.68 231.083369  65.838801 31.355
 30    25.985 53257.22088748 32.18 231.080209  65.841891 31.355
 30    25.988 53257.22088812 30.67 231.077059  65.844991 31.355
 30    26.127 53257.22088877 31.85 231.073899  65.848081 31.355
 30    26.081 53257.22088941 31.23 231.070739  65.851171 31.355
 30    25.954 53257.22089006 27.74 231.067579  65.854261 31.355
 30    25.963 53257.22089070 29.07 231.064424  65.857358 30.841
 31    25.783 53292.22090791 19.62 231.041329  65.853256 16.086
 31    30.376 53292.22090856 16.84 231.038169  65.856346 16.086
 31    29.706 53292.22090920 17.10 231.034999  65.859436 16.086
 31    28.356 53292.22090985 17.91 231.031839  65.862526 16.086
 31    25.736 53292.22091049 19.73 231.028669  65.865616 16.086
 32    36.764 53327.22087709 13.11 231.086565  65.832884 10.074
 32    60.962 53327.22087773 10.35 231.083405  65.835974 10.074
 32    59.058 53327.22087838  9.97 231.080255  65.839064 10.074
 32    27.092 53327.22088096 27.52 231.067615  65.851434 10.074
 32    27.153 53327.22088160 27.44 231.064455  65.854524 10.074
 32    26.951 53327.22088225 26.35 231.061295  65.857614 10.074
 35    64.541 53432.22084468  5.20 231.095816  65.830941  2.468
 35    63.336 53432.22084532  3.97 231.092666  65.834031  2.468
 35    61.042 53432.22084597  3.69 231.089506  65.837121  2.468
 35    60.656 53432.22084661  3.19 231.086346  65.840211  2.468
 35    60.967 53432.22084725  3.42 231.083196  65.843301  2.468
 35    64.359 53432.22084790  3.21 231.080036  65.846401  2.468
 35    65.982 53432.22084854  3.89 231.076876  65.849491  2.468
 35    66.601 53432.22084919  3.48 231.073716  65.852581  2.468
 36    61.762 53467.22088463  4.58 231.049966  65.851450  2.873
 36    59.875 53467.22088528  4.86 231.046806  65.854540  2.873
 36    58.322 53467.22088592  4.96 231.043636  65.857630  2.873
 36    81.061 53467.22088656  4.54 231.040476  65.860720  2.873
 36    65.545 53467.22088721  4.81 231.037316  65.863810  2.873
 37    33.861 53502.22093726 51.46 231.057561  65.850866 31.921
 37    33.873 53502.22093790 51.98 231.054391  65.853956 31.921
 37    33.939 53502.22093855 52.46 231.051231  65.857046 31.921
 37    33.890 53502.22093919 51.85 231.048071  65.860136 31.921
 37    33.838 53502.22093983 51.36 231.044911  65.863226 31.921
 38    28.830 53537.22092592 50.83 231.083882  65.833165 43.651
 38    28.802 53537.22092656 50.08 231.080732  65.836255 43.651
 38    28.813 53537.22092721 49.51 231.077572  65.839345 43.651
 38    28.745 53537.22092850 49.47 231.071252  65.845535 43.651
 38    28.728 53537.22092914 50.04 231.068092  65.848625 43.651
 38    28.675 53537.22092979 49.39 231.064942  65.851715 43.651
 38    28.600 53537.22093043 51.45 231.061772  65.854805 43.651
 38    28.534 53537.22093108 51.41 231.058612  65.857895 43.651
 38    28.512 53537.22093172 53.19 231.055452  65.860985 43.651
 39    27.955 53572.22093325 20.22 231.066004  65.847334 18.408
 39    27.743 53572.22093389 22.10 231.062844  65.850424 18.408
 39    27.615 53572.22093454 19.86 231.059694  65.853514 18.408
 39    27.285 53572.22093518 18.91 231.056524  65.856604 18.408
 39    27.234 53572.22093583 19.38 231.053364  65.859694 18.408
 39    27.677 53572.22093647 19.55 231.050204  65.862784 18.408
 40    27.066 53607.22087809 37.30 231.098728  65.830444 44.719
 40    27.030 53607.22087873 39.43 231.095578  65.833534 44.719
 40    26.983 53607.22087938 41.51 231.092418  65.836624 44.719
 40    26.937 53607.22088002 43.15 231.089268  65.839714 44.719
 40    26.938 53607.22088067 47.83 231.086108  65.842804 44.719
 40    26.978 53607.22088131 48.64 231.082958  65.845894 44.719
 40    26.985 53607.22088196 51.89 231.079798  65.848994 44.719
 40    26.985 53607.22088260 51.48 231.076638  65.852084 44.719
 41    26.825 53642.22088460 27.47 231.045028  65.854323 22.632
 41    26.604 53642.22088524 23.16 231.041858  65.857413 22.632
 41    26.638 53642.22088588 22.00 231.038698  65.860503 22.632
 41    26.667 53642.22088653 19.82 231.035538  65.863593 22.632
 42    26.488 53677.22090238 46.28 231.059031  65.850310 33.993
 42    26.572 53677.22090302 48.20 231.055871  65.853400 33.993
 42    26.387 53677.22090367 48.04 231.052711  65.856490 33.993
 42    26.404 53677.22090431 49.51 231.049551  65.859580 33.993
 42    26.449 53677.22090496 48.17 231.046391  65.862670 33.993
 43    65.914 53712.22082628  2.53 231.101821  65.828359  2.350
 43    65.089 53712.22082693  2.76 231.098671  65.831449  2.350
 43    63.675 53712.22082757  3.02 231.095521  65.834539  2.350
 43    59.482 53712.22082822  4.14 231.092361  65.837629  2.350
 43    60.298 53712.22082886  3.70 231.089201  65.840719  2.350
 43    60.402 53712.22082951  4.10 231.086051  65.843809  2.350
 43    64.097 53712.22083015  3.99 231.082891  65.846909  2.350
 43    66.181 53712.22083080  3.93 231.079731  65.849999  2.350
 43    68.310 53712.22083144  4.03 231.076581  65.853089  2.350
 44    65.039 53747.22074426  7.72 231.047492  65.852698  2.616
 44    66.852 53747.22074491  8.39 231.044332  65.855788  2.616
 44    68.733 53747.22074555  8.47 231.041172  65.858878  2.616
 44    69.617 53747.22074620  8.20 231.038002  65.861968  2.616
 44    70.690 53747.22074684  7.84 231.034842  65.865058  2.616
 45    67.380 53782.22077063  5.60 231.087327  65.833036  2.311
 45    62.854 53782.22077127  5.98 231.084167  65.836126  2.311
 45    61.726 53782.22077192  5.98 231.081007  65.839216  2.311
 45    60.438 53782.22077256  7.00 231.077857  65.842306  2.311
 45    59.846 53782.22077321  6.58 231.074697  65.845396  2.311
 45    64.639 53782.22077385  5.84 231.071537  65.848486  2.311
 45    67.080 53782.22077449  6.22 231.068377  65.851586  2.311
 45    67.917 53782.22077514  6.18 231.065217  65.854676  2.311
 45    68.570 53782.22077578  6.74 231.062057  65.857766  2.311
 46    63.304 53817.22073898  5.25 231.088228  65.848060  2.312
 46    60.766 53817.22073962  5.57 231.085068  65.851150  2.312
 48    28.814 53887.22081426 23.13 231.089909  65.831357 11.282
 48    28.689 53887.22081491 24.38 231.086749  65.834447 11.282
 48    28.527 53887.22081555 23.68 231.083599  65.837537 11.282
 48    28.765 53887.22081620 21.39 231.080439  65.840637 11.282
 48    28.723 53887.22081684 20.44 231.077279  65.843727 11.282
 48    28.907 53887.22081749 18.87 231.074119  65.846817 11.282
 48    30.755 53887.22081813 17.72 231.070959  65.849907 11.282
 48    28.851 53887.22081878 17.79 231.067799  65.852997 11.282
 48    30.005 53887.22081942 16.81 231.064639  65.856087 11.282
 49    27.883 53922.22089113 26.87 231.048374  65.854146 19.444
 49    27.884 53922.22089178 22.87 231.045214  65.857236 19.444
 49    27.885 53922.22089242 20.80 231.042054  65.860326 19.444
 49    28.098 53922.22089307 23.00 231.038894  65.863416 19.444
 50    26.536 53957.22088452 21.32 231.061723  65.848372 15.678
 50    26.482 53957.22088516 21.78 231.058563  65.851462 15.678
 50    26.665 53957.22088581 19.39 231.055403  65.854552 15.678
 50    26.459 53957.22088645 20.09 231.052243  65.857642 15.678
 50    27.085 53957.22088710 20.01 231.049083  65.860732 15.678
 50    27.256 53957.22088774 19.53 231.045923  65.863822 15.678
 51    26.398 53992.22080893 33.11 231.045087  65.851856 28.413
 51    26.628 53992.22080957 42.01 231.041927  65.854946 28.413
 51    26.649 53992.22081022 49.98 231.038755  65.858039 34.653
 51    26.515 53992.22081086 52.34 231.035595  65.861129 34.653
 51    26.584 53992.22081151 50.99 231.032425  65.864219 34.653
 52    29.167 54027.22087260 22.10 231.050028  65.853755 18.898
 52    25.671 54027.22087324 21.23 231.046858  65.856845 18.898
 52    25.716 54027.22087389 23.93 231.043698  65.859935 18.898
 52    25.981 54027.22087453 25.64 231.040538  65.863025 18.898
 53    61.781 54062.22086127 13.01 231.087936  65.833268  4.213
 53    61.119 54062.22086192 12.54 231.084776  65.836358  4.213
 53    58.830 54062.22086256 11.97 231.081616  65.839448  4.213
 53    57.750 54062.22086321 10.29 231.078466  65.842538  4.213
 53    54.692 54062.22086385 11.83 231.075306  65.845628  4.213
 53    52.538 54062.22086450 11.88 231.072146  65.848718  4.213
 53    55.273 54062.22086514  9.04 231.068986  65.851818  4.213
 53    56.433 54062.22086578  9.78 231.065826  65.854908  4.213
 53    56.496 54062.22086643 13.14 231.062666  65.857998  4.213
 55    55.865 54132.22078809  8.34 231.048735  65.852557  3.117
 55    58.291 54132.22078873  8.26 231.045565  65.855647  3.117
 55    57.691 54132.22078938  8.40 231.042405  65.858737  3.117
 55    55.820 54132.22079002  8.90 231.039245  65.861827  3.117
 55    70.223 54132.22079067  7.71 231.036075  65.864917  3.117
 56    63.275 54167.22080511  4.40 231.087984  65.832752  4.092
 56    62.085 54167.22080576  4.52 231.084833  65.835844  3.000
 56    61.284 54167.22080640  4.58 231.081673  65.838934  3.000
 56    60.578 54167.22080705  4.72 231.078523  65.842034  3.000
 56    58.159 54167.22080769  4.80 231.075363  65.845124  3.000
 56    64.377 54167.22080834  4.98 231.072203  65.848214  3.000
 56    65.754 54167.22080898  5.56 231.069043  65.851304  3.000
 56    60.651 54167.22080963  6.28 231.065883  65.854394  3.000
 56    50.068 54167.22081027  7.75 231.062723  65.857484  3.000
 57    58.698 54202.22079121  5.00 231.051686  65.851673  2.593
 57    57.435 54202.22079185  5.67 231.048526  65.854763  2.593
 57    57.664 54202.22079250  5.53 231.045356  65.857853  2.593
 57    69.127 54202.22079314  5.78 231.042196  65.860943  2.593
 57    56.657 54202.22079379  5.73 231.039036  65.864033  2.593
 58    33.890 54237.22082602 25.81 231.064257  65.848022 12.158
 58    34.246 54237.22082666 24.61 231.061097  65.851112 12.158
 58    34.488 54237.22082731 25.16 231.057937  65.854202 12.158
 58    34.720 54237.22082795 25.30 231.054777  65.857292 12.158
 58    34.873 54237.22082859 27.16 231.051607  65.860382 12.158
 58    34.927 54237.22082924 26.88 231.048447  65.863482 12.158
 59    28.536 54272.22084228 33.01 231.083839  65.833162 19.812
 59    28.420 54272.22084292 33.89 231.080687  65.836253 30.422
 59    28.383 54272.22084356 35.64 231.077527  65.839353 30.422
 59    28.473 54272.22084485 40.94 231.071217  65.845533 30.422
 59    28.495 54272.22084550 44.40 231.068057  65.848623 30.422
 59    28.476 54272.22084614 45.68 231.064897  65.851713 30.422
 59    28.378 54272.22084679 47.48 231.061737  65.854803 30.422
 59    28.255 54272.22084743 48.51 231.058577  65.857893 30.422
 59    28.264 54272.22084808 49.17 231.055407  65.860983 30.422
 60    28.484 54307.22084754 21.09 231.065758  65.847563 28.538
 60    28.568 54307.22084819 22.82 231.062598  65.850653 28.538
 60    28.555 54307.22084883 22.54 231.059438  65.853743 28.538
 60    28.687 54307.22084948 25.48 231.056278  65.856833 28.538
 60    28.569 54307.22085012 28.21 231.053108  65.859923 28.538
 60    28.659 54307.22085077 37.35 231.049948  65.863013 28.538
 61    27.481 54342.22082377 24.22 231.094766  65.830536 19.230
 61    27.085 54342.22082442 29.07 231.091606  65.833626 19.230
 61    27.188 54342.22082506 32.46 231.088456  65.836720 21.470
 61    27.178 54342.22082571 32.82 231.085296  65.839810 21.470
 61    27.342 54342.22082635 37.12 231.082136  65.842910 21.470
 61    27.166 54342.22082699 39.56 231.078986  65.846000 21.470
 61    27.478 54342.22082764 27.94 231.075826  65.849090 21.470
 61    26.834 54342.22082828 22.51 231.072666  65.852180 21.470
 61    26.734 54342.22082893 19.67 231.069506  65.855270 21.470
 62    30.684 54377.22078316 18.83 231.058411  65.849688  6.862
 62    30.057 54377.22078380 17.34 231.055251  65.852778  6.862
 62    33.494 54377.22078445 16.74 231.052091  65.855868  6.862
 62    32.648 54377.22078574 16.14 231.045771  65.862058  6.862
 63    26.959 54412.22077138 33.15 231.084819  65.831976 35.861
 63    27.040 54412.22077203 35.97 231.081659  65.835066 35.861
 63    27.000 54412.22077267 37.57 231.078499  65.838156 35.861
 63    26.997 54412.22077332 38.73 231.075349  65.841246 35.861
 63    27.119 54412.22077460 47.83 231.069029  65.847426 35.861
 63    27.069 54412.22077525 48.83 231.065869  65.850516 35.861
 63    27.146 54412.22077589 44.99 231.062709  65.853606 35.861
 63    26.989 54412.22077654 43.29 231.059549  65.856706 35.861
 63    26.864 54412.22077718 42.81 231.056389  65.859796 35.861
 64    29.090 54447.22074955 14.97 231.047382  65.854803  4.979
 64    28.664 54447.22075020 14.71 231.044222  65.857893  4.979
 64    28.416 54447.22075084 14.32 231.041062  65.860983  4.979
 64    27.947 54447.22075149 14.80 231.037892  65.864073  4.979
 66    52.444 54517.22076278  9.26 231.052912  65.851671  3.183
 66    52.555 54517.22076342  9.83 231.049752  65.854761  3.183
 66    51.648 54517.22076407  9.85 231.046582  65.857851  3.183
 66    51.958 54517.22076471 10.13 231.043422  65.860941  3.183
 66    54.511 54517.22076536  9.52 231.040262  65.864031  3.183
 67    62.757 54552.22077604  7.97 231.092303  65.830594  4.371
 67    62.009 54552.22077669  4.71 231.089153  65.833684  4.371
 67    60.736 54552.22077733  3.77 231.085993  65.836774  4.371
 67    59.020 54552.22077798  4.72 231.082843  65.839864  4.371
 67    53.674 54552.22077862  7.64 231.079683  65.842954  4.371
 67    43.138 54552.22077927  8.77 231.076529  65.846043  3.085
 67    50.058 54552.22077991  7.63 231.073369  65.849143  3.085
 67    46.948 54552.22078055  7.96 231.070209  65.852233  3.085
 67    45.827 54552.22078120  8.66 231.067049  65.855323  3.085
 68    29.146 54587.22075814 12.89 231.060738  65.849990  7.712
 68    28.812 54587.22075879 12.78 231.057578  65.853080  7.712
 68    28.639 54587.22075943 12.59 231.054408  65.856170  7.712
 68    28.610 54587.22076008 10.92 231.051248  65.859260  7.712
 68    28.842 54587.22076072  8.58 231.048088  65.862350  7.712
 69    28.714 54622.22077295 47.09 231.081735  65.833686 20.628
 69    28.752 54622.22077359 48.04 231.078575  65.836776 20.628
 69    28.604 54622.22077553 40.34 231.069102  65.846054 36.248
 69    28.533 54622.22077617 47.35 231.065952  65.849144 36.248
 69    28.498 54622.22077682 48.54 231.062792  65.852234 36.248
 69    28.472 54622.22077746 47.00 231.059622  65.855324 36.248
 69    28.470 54622.22077810 50.38 231.056462  65.858414 36.248
 69    28.456 54622.22077875 52.85 231.053302  65.861504 36.248
 70    28.423 54657.22078584 19.98 231.063640  65.849539 17.606
 70    28.557 54657.22078648 18.37 231.060480  65.852629 17.606
 70    28.277 54657.22078713 18.41 231.057310  65.855719 17.606
 70    28.675 54657.22078777 19.07 231.054150  65.858809 17.606
 70    28.548 54657.22078842 17.34 231.050990  65.861899 17.606
 71    26.911 54692.22076560 24.55 231.086204  65.833443 22.673
 71    26.754 54692.22076625 21.14 231.083044  65.836543 22.673
 71    26.717 54692.22076689 19.98 231.079884  65.839633 22.673
 71    26.921 54692.22076754 20.14 231.076734  65.842723 22.673
 71    26.916 54692.22076818 22.16 231.073574  65.845813 22.673
 71    26.771 54692.22076883 21.16 231.070416  65.848910 14.321
 71    26.696 54692.22076947 21.76 231.067256  65.852000 14.321
 71    26.512 54692.22077012 22.94 231.064096  65.855090 14.321
 71    26.697 54692.22077076 18.64 231.060936  65.858180 14.321
 72    26.344 54727.22073916 23.02 231.053873  65.852303 32.591
 72    26.133 54727.22073980 22.48 231.050713  65.855393 32.591
 72    26.280 54727.22074045 24.93 231.047543  65.858483 32.591
 72    26.323 54727.22074109 27.07 231.044383  65.861573 32.591
 72    26.382 54727.22074174 34.03 231.041223  65.864663 32.591
 73    36.087 54762.22074296 20.78 231.080500  65.834330 18.843
 73    31.833 54762.22074554 19.80 231.067872  65.846704  7.753
 73    31.205 54762.22074618 18.43 231.064712  65.849794  7.753
 73    28.687 54762.22074683 18.94 231.061552  65.852884  7.753
 73    28.033 54762.22074747 19.41 231.058392  65.855974  7.753
 73    27.742 54762.22074812 18.94 231.055232  65.859064  7.753
 73    27.670 54762.22074876 19.46 231.052072  65.862154  7.753
 74    26.824 54797.22073263 24.09 231.046667  65.853131  8.973
 74    26.984 54797.22073328 23.72 231.043507  65.856221  8.973
 74    27.048 54797.22073392 24.83 231.040337  65.859311  8.973
 74    27.920 54797.22073457 24.07 231.037177  65.862401  8.973
 74    27.434 54797.22073521 28.00 231.034007  65.865491  8.973
 75    62.654 54832.22073220 10.01 231.083175  65.832298  4.443
 75    61.586 54832.22073284  9.35 231.080015  65.835388  4.443
 75    31.652 54832.22073542 15.39 231.067385  65.847748  4.443
 75    28.740 54832.22073607 15.99 231.064225  65.850838  4.443
 75    28.222 54832.22073671 15.65 231.061065  65.853928  4.443
 75    27.722 54832.22073736 16.38 231.057905  65.857028  4.443
 75    27.695 54832.22073800 15.88 231.054745  65.860118  4.443
 76    59.043 54867.22072826  5.27 231.050152  65.853172  2.251
 76    57.390 54867.22072890  5.19 231.046982  65.856262  2.251
 76    62.282 54867.22072955  5.28 231.043822  65.859352  2.251
 76    63.505 54867.22073019  5.05 231.040662  65.862442  2.251
 77    63.702 54902.22074231  3.67 231.086906  65.833329  3.079
 77    62.134 54902.22074295  3.45 231.083746  65.836419  3.079
 77    60.672 54902.22074360  3.85 231.080596  65.839509  3.079
 77    60.593 54902.22074424  3.48 231.077436  65.842599  3.079
 77    57.781 54902.22074488  3.72 231.074282  65.845696  2.221
 77    58.305 54902.22074553  3.74 231.071122  65.848786  2.221
 77    65.980 54902.22074617  4.16 231.067962  65.851876  2.221
 77    60.385 54902.22074682  4.51 231.064802  65.854966  2.221
 77    63.663 54902.22074746  4.36 231.061642  65.858056  2.221
 78    59.369 54937.22071765  3.32 231.058096  65.850552  2.111
 78    57.254 54937.22071829  3.76 231.054936  65.853642  2.111
 78    67.886 54937.22071894  3.41 231.051776  65.856732  2.111
 78    63.428 54937.22071958  3.59 231.048616  65.859822  2.111
 78    67.053 54937.22072023  3.54 231.045456  65.862912  2.111
 79    36.200 54972.22075023 27.45 231.061936  65.849684 15.595
 79    36.097 54972.22075087 27.19 231.058766  65.852774 15.595
 79    36.056 54972.22075152 27.72 231.055606  65.855864 15.595
 79    36.032 54972.22075216 28.34 231.052446  65.858954 15.595
 79    35.956 54972.22075281 30.59 231.049286  65.862044 15.595
 80    28.580 55007.22076398 44.31 231.082124  65.833074 23.151
 80    28.704 55007.22076463 37.07 231.078974  65.836164 23.151
 80    28.600 55007.22076721 43.96 231.066345  65.848530 34.068
 80    28.544 55007.22076785 47.62 231.063185  65.851620 34.068
 80    28.632 55007.22076850 46.63 231.060025  65.854710 34.068
 80    28.645 55007.22076914 48.09 231.056865  65.857800 34.068
 80    28.621 55007.22076979 49.12 231.053705  65.860890 34.068
 81    27.233 55042.22075311 23.42 231.080206  65.834747 14.678
 81    27.557 55042.22075569 32.58 231.067576  65.847113 25.906
 81    27.558 55042.22075633 27.65 231.064416  65.850203 25.906
 81    27.530 55042.22075698 38.81 231.061256  65.853293 25.906
 81    27.516 55042.22075762 37.81 231.058096  65.856383 25.906
 81    27.278 55042.22075827 32.65 231.054926  65.859473 25.906
 81    27.639 55042.22075891 32.75 231.051766  65.862563 25.906
 82    27.579 55077.22073178 31.38 231.091485  65.830827 21.135
 82    27.418 55077.22073242 28.58 231.088335  65.833917 21.135
 82    27.350 55077.22073307 28.33 231.085175  65.837017 21.135
 82    27.338 55077.22073371 29.60 231.082025  65.840107 21.135
 82    27.388 55077.22073435 31.36 231.078865  65.843197 21.135
 82    27.293 55077.22073500 30.22 231.075705  65.846287 21.135
 82    27.326 55077.22073564 25.09 231.072551  65.849376 12.614
 82    27.293 55077.22073629 20.68 231.069391  65.852476 12.614
 82    27.251 55077.22073693 19.42 231.066231  65.855566 12.614
 83    32.329 55112.22068884 17.85 231.058450  65.849853  7.601
 83    31.523 55112.22068949 15.88 231.055290  65.852943  7.601
 83    30.309 55112.22069013 15.08 231.052130  65.856033  7.601
 83    29.436 55112.22069078 15.47 231.048970  65.859123  7.601
 83    29.731 55112.22069142 14.89 231.045810  65.862213  7.601
 84    27.239 55147.22068654 30.93 231.081809  65.832648 19.909
 84    27.251 55147.22068977 29.05 231.066029  65.848098 19.909
 84    27.199 55147.22069041 31.11 231.062869  65.851198 19.909
 84    27.173 55147.22069105 29.85 231.059709  65.854288 19.909
 84    27.222 55147.22069170 28.62 231.056544  65.857378 13.927
 84    27.124 55147.22069234 29.08 231.053384  65.860468 13.927
 85    29.491 55182.22066940 17.91 231.049072  65.852562  5.286
 85    28.361 55182.22067005 19.24 231.045912  65.855652  5.286
 85    27.057 55182.22067069 19.03 231.042752  65.858742  5.286
 85    27.226 55182.22067134 19.57 231.039582  65.861832  5.286
 85    27.458 55182.22067198 28.72 231.036422  65.864925  5.250
 86    62.284 55217.22068260  8.64 231.083726  65.834142  3.928
 86    61.137 55217.22068324  8.39 231.080576  65.837232  3.928
 86    60.186 55217.22068389  8.31 231.077414  65.840321  2.674
 86    57.439 55217.22068453  9.26 231.074254  65.843411  2.674
 86    55.100 55217.22068518  9.41 231.071104  65.846511  2.674
 86    54.437 55217.22068582  7.61 231.067944  65.849601  2.674
 86    69.254 55217.22068711  6.37 231.061624  65.855781  2.674
 87    54.911 55252.22066516  7.30 231.055868  65.850990  2.657
 87    55.233 55252.22066581  6.34 231.052698  65.854080  2.657
 87    53.876 55252.22066645  8.35 231.049538  65.857170  2.657
 87    70.417 55252.22066709  7.13 231.046378  65.860260  2.657
 88    63.149 55287.22067427  5.66 231.090914  65.831488  3.660
 88    61.399 55287.22067491  5.34 231.087764  65.834588  3.660
 88    60.400 55287.22067556  4.57 231.084604  65.837678  3.660
 88    59.383 55287.22067620  5.19 231.081454  65.840768  3.660
 88    59.601 55287.22067685  4.35 231.078294  65.843858  3.660
 88    56.013 55287.22067749  4.70 231.075137  65.846946  2.662
 88    65.220 55287.22067813  5.18 231.071977  65.850046  2.662
 88    66.764 55287.22067878  5.52 231.068817  65.853136  2.662
 88    69.573 55287.22067942  4.57 231.065657  65.856226  2.662
 89    29.768 55322.22065382 36.20 231.063829  65.849392 28.625
 89    29.652 55322.22065447 32.15 231.060669  65.852482 28.625
 89    29.683 55322.22065511 34.64 231.057509  65.855572 28.625
 89    29.664 55322.22065576 30.53 231.054339  65.858662 28.625
 89    29.674 55322.22065640 33.81 231.051179  65.861752 28.625
 90    27.680 55357.22064959 20.49 231.083204  65.832478 19.264
 90    27.640 55357.22065023 20.78 231.080054  65.835568 19.264
 90    27.431 55357.22065281 27.25 231.067426  65.847935 17.107
 90    27.323 55357.22065346 21.69 231.064266  65.851025 17.107
 90    27.358 55357.22065410 19.46 231.061106  65.854115 17.107
 90    27.529 55357.22065474 15.76 231.057946  65.857205 17.107
 90    28.511 55357.22065539 16.12 231.054786  65.860295 17.107
 91    27.452 55392.22065539 33.20 231.057619  65.849494 19.906
 91    27.302 55392.22065603 27.25 231.054459  65.852584 19.906
 91    27.096 55392.22065668 23.67 231.051289  65.855674 19.906
 91    27.064 55392.22065732 19.28 231.048129  65.858764 19.906
 91    29.177 55392.22065797 17.49 231.044969  65.861854 19.906
 92    27.122 55427.22066655 52.17 231.079835  65.834943 32.967
 92    27.041 55427.22066912 55.08 231.067198  65.847309 38.210
 92    26.996 55427.22066977 51.21 231.064038  65.850399 38.210
 92    26.955 55427.22067041 46.84 231.060878  65.853489 38.210
 92    26.899 55427.22067106 33.48 231.057718  65.856579 38.210
 92    26.805 55427.22067170 35.85 231.054558  65.859669 38.210
 92    26.967 55427.22067235 47.77 231.051398  65.862759 38.210
 93    27.009 55462.22063081 51.35 231.095591  65.830954 37.503
 93    26.849 55462.22063146 51.47 231.092431  65.834044 37.503
 93    26.885 55462.22063210 51.82 231.089281  65.837134 37.503
 93    26.919 55462.22063275 43.66 231.086121  65.840234 37.503
 93    26.875 55462.22063339 48.43 231.082961  65.843324 37.503
 93    26.867 55462.22063404 50.33 231.079811  65.846414 37.503
 93    26.840 55462.22063468 52.07 231.076651  65.849504 37.503
 93    26.835 55462.22063533 51.11 231.073490  65.852602 31.218
