# NaN NaN NaN ;Mean Elev.(m), Avg Gradient(m/km), RMS Gradient(m/km) - SRTM1     
#  130.015  -0.971   2.080 ;Mean Elev.(m), Avg Gradient(m/km), RMS Gradient(m/km) - ASTER GDEM
#  143.000   0.010   1.180 ;Mean Elev.(m), Avg Gradient(m/km), RMS Gradient(m/km) - GMTED2010 
  8 241.771370  61.445750   140.241   140.573 19 52487.78942834 35.213
  9 241.763703  61.445042   141.038   141.062 18 52522.78940090 47.583
 10 241.773102  61.444949   139.302   139.821 18 52557.78945127 25.587
 11 241.765476  61.445190   140.158   140.158 19 52592.78944897 40.128
 12 241.792268  61.446912   140.577   140.640 17 52627.78936830 30.844
 13 241.769850  61.445372   140.983   140.958 18 52662.78941141 23.501
 14 241.789810  61.445725   140.745   140.659 17 52697.78938697 23.000
 15 241.779263  61.446252   140.306   140.260 17 52732.78940830 17.050
 16 241.756616  61.445101   142.150   142.167 19 52767.78941770 29.983
 17 241.786885  61.446769   141.405   141.346 17 52802.78943099 17.062
 18 241.783739  61.446670   139.657   140.223 18 52837.78949555 22.348
 19 241.778544  61.445764   141.069   141.065 18 52872.78953603 52.491
 20 241.773138  61.447043   140.509   140.635 18 52907.78952229 37.154
 21 241.793066  61.445796   140.464   140.506 17 52942.78944823 42.430
 23 241.765565  61.445441   140.420   140.406 19 53012.78950755 23.914
 24 241.781527  61.446688   140.229   140.243 17 53047.78947524 19.694
 25 241.761929  61.445239   140.234   140.222 19 53082.78951120 21.379
 26 241.776731  61.446073   140.425   140.428 17 53117.78948085 10.074
 27 241.769221  61.444576   140.498   140.446 18 53152.78953102 24.489
 28 241.782902  61.446234   140.761   140.779 17 53187.78951803 51.261
 29 241.770808  61.445832   139.843   139.839 18 53222.78953865 31.034
 30 241.758997  61.445906   140.011   140.084 19 53257.78951477 49.982
 31 241.773804  61.445175   140.065   140.055 18 53292.78953398 29.566
 32 241.772787  61.444457   140.417   140.429 18 53327.78950809 33.635
 33 241.770009  61.446494   140.045   140.053 18 53362.78946225 21.513
 34 241.779125  61.446927   139.971   139.939 18 53397.78948368 15.798
 35 241.767173  61.444789   140.090   140.053 18 53432.78947564 16.872
 36 241.781760  61.446142   140.413   140.407 17 53467.78951203 19.514
 37 241.766820  61.445717   141.729   141.836 18 53502.78956265 35.390
 38 241.771303  61.446517   140.631   140.935 18 53537.78955646 24.915
 39 241.764318  61.445286   139.184   140.271 19 53572.78955948 28.645
 40 241.759845  61.445335   140.573   140.691 19 53607.78950869 36.150
 41 241.781729  61.445676   140.377   140.162 18 53642.78950919 33.001
 42 241.766574  61.445426   140.441   140.737 19 53677.78952843 45.056
 43 241.767151  61.445604   140.432   140.503 19 53712.78945717 29.000
 45 241.774931  61.445303   141.360   141.345 18 53782.78940079 19.589
 46 241.760494  61.444994   140.984   140.983 18 53817.78936559 17.338
 47 241.776202  61.445582   140.810   141.270 18 53852.78943966 27.510
 48 241.784087  61.447107   141.427   141.319 18 53887.78944579 35.904
 49 241.764635  61.445074   140.039   140.788 18 53922.78951684 32.691
 50 241.761078  61.445149   139.825   140.108 18 53957.78951073 35.398
 51 241.794917  61.448203   140.588   140.562 17 53992.78943479 51.003
 52 241.784288  61.446382   139.030   139.572 18 54027.78949766 43.649
 53 241.776267  61.446377   140.471   140.523 18 54062.78949169 25.746
 54 241.762319  61.444734   140.323   140.305 19 54097.78946184 16.085
 55 241.785278  61.447282   139.998   140.145 18 54132.78941378 14.568
 56 241.764487  61.444660   140.202   140.229 18 54167.78943534 14.612
 57 241.765927  61.425314   140.515   140.497  5 54202.78942206  5.837
 58 241.777033  61.446701   140.640   140.433 18 54237.78945299 32.059
 59 241.771969  61.444383   140.543   140.953 18 54272.78947246 31.647
 60 241.776178  61.446891   141.317   141.291 18 54307.78947407 52.811
 61 241.765781  61.444806   138.963   139.943 18 54342.78945398 23.943
 62 241.779741  61.447176   140.777   140.829 18 54377.78940921 45.175
 63 241.770784  61.445855   140.480   140.484 18 54412.78940118 44.622
 64 241.783310  61.446697   140.996   141.065 18 54447.78937492 27.124
 66 241.782853  61.446352   140.482   140.482 17 54517.78938889 16.682
 67 241.765238  61.444785   140.400   140.383 18 54552.78940673 15.074
 68 241.776704  61.445468   141.428   141.543 18 54587.78938471 35.893
 69 241.772087  61.445810   140.948   141.398 19 54622.78940303 49.689
 70 241.771586  61.445811   139.453   140.302 18 54657.78941235 22.513
 71 241.769226  61.445483   140.202   140.463 18 54692.78939480 39.431
 72 241.781259  61.445910   139.992   140.322 18 54727.78936512 30.930
 73 241.771645  61.445322   139.950   139.955 18 54762.78937246 29.967
 74 241.783589  61.446486   140.001   140.059 17 54797.78935836 43.240
 75 241.772190  61.446693   140.763   140.742 18 54832.78936189 21.395
 76 241.783614  61.446103   140.375   140.344 17 54867.78935437 15.696
 77 241.763999  61.445563   140.045   140.049 19 54902.78937246 13.203
 78 241.779188  61.446230   140.640   140.653 18 54937.78934454  9.055
 79 241.776048  61.446266   142.775   143.273 18 54972.78937686 49.220
 80 241.768909  61.444885   140.653   140.861 18 55007.78939387 23.128
 81 241.774961  61.446331   140.700   141.363 18 55042.78938237 47.791
 82 241.766943  61.445645   140.668   140.636 18 55077.78936154 51.152
 83 241.779687  61.447120   140.138   140.068 18 55112.78931475 30.662
 84 241.771107  61.445990   140.073   140.092 18 55147.78931635 41.970
 85 241.783712  61.446755   140.825   140.819 18 55182.78929533 25.652
 86 241.768145  61.444796   140.536   140.533 18 55217.78931363 19.864
 87 241.782037  61.445892   140.660   140.626 18 55252.78929188 20.253
 88 241.763435  61.444804   140.699   140.708 18 55287.78930452 15.928
 89 241.770861  61.445497   143.493   143.514 18 55322.78928030 38.951
 90 241.770752  61.445819   140.575   140.653 19 55357.78927954 31.930
 91 241.778394  61.446297   139.797   139.944 18 55392.78928182 27.635
 92 241.774295  61.445014   139.559   139.659 18 55427.78929562 25.454
 93 241.766737  61.445887   139.975   140.030 18 55462.78926032 49.306
