# NaN NaN NaN ;Mean Elev.(m), Avg Gradient(m/km), RMS Gradient(m/km) - SRTM1     
#    1.147  -4.976  18.523 ;Mean Elev.(m), Avg Gradient(m/km), RMS Gradient(m/km) - ASTER GDEM
#   17.412  -4.929  16.598 ;Mean Elev.(m), Avg Gradient(m/km), RMS Gradient(m/km) - GMTED2010 
  8    94.143 52491.84005633  7.89 228.721610  67.465770  3.833
  8    92.226 52491.84005698  6.52 228.718040  67.462710  3.833
  8    89.316 52491.84005762  7.64 228.714473  67.459651 16.985
  8    88.032 52491.84005826  9.29 228.710903  67.456601 16.985
  8    88.444 52491.84005891 12.33 228.707333  67.453541 16.985
  8    88.870 52491.84005955 15.04 228.703773  67.450481 16.985
 10    93.623 52561.84008565 16.21 228.724184  67.465167 13.095
 10    91.872 52561.84008630 17.14 228.720614  67.462107 13.095
 10    88.088 52561.84008694 18.25 228.717044  67.459057 13.095
 10    88.459 52561.84008759 18.81 228.713474  67.455997 13.095
 10    89.058 52561.84008823 19.99 228.709904  67.452937 13.095
 10    89.734 52561.84008888 23.51 228.706344  67.449877 13.095
 12    93.706 52631.84004038 13.32 228.728068  67.466957  7.344
 12    92.528 52631.84004102 12.68 228.724498  67.463897  7.344
 12    90.915 52631.84004167 13.95 228.720928  67.460847  7.344
 12    87.561 52631.84004231 15.35 228.717358  67.457787  7.344
 12    88.163 52631.84004296 16.91 228.713788  67.454727  7.344
 12    88.747 52631.84004360 18.13 228.710228  67.451667  7.344
 12    89.433 52631.84004425 18.66 228.706658  67.448607  7.344
 13    93.200 52666.84006155 11.72 228.715519  67.467439  4.408
 13    91.596 52666.84006219 13.63 228.711949  67.464379  4.408
 13    89.835 52666.84006284 13.17 228.708379  67.461319  4.408
 13    87.727 52666.84006348 14.99 228.704819  67.458259  4.408
 13    88.370 52666.84006413 14.28 228.701251  67.455201  7.016
 13    88.749 52666.84006477 16.74 228.697681  67.452151  7.016
 14    89.006 52701.84003401 11.82 228.723398  67.453781  3.766
 14    90.131 52701.84003465 11.65 228.719838  67.450721  3.766
 14    97.287 52701.84003529 12.08 228.716268  67.447661  3.766
 15    91.737 52736.84007345  8.20 228.712952  67.466166  3.447
 15    90.812 52736.84007410  8.40 228.709382  67.463106  3.447
 15    89.724 52736.84007474  7.99 228.705812  67.460046  3.447
 15    89.057 52736.84007539  9.08 228.702252  67.456986  3.447
 15    92.170 52736.84007603  8.34 228.698682  67.453926  3.447
 15    89.371 52736.84007668 10.30 228.695122  67.450866  3.447
 17    94.481 52806.84009664 10.28 228.727275  67.465151 13.363
 17    92.289 52806.84009729  8.85 228.723705  67.462091 13.363
 17    90.259 52806.84009793  9.97 228.720135  67.459041 13.363
 17    90.594 52806.84009858 10.52 228.716565  67.455981 13.363
 17    90.923 52806.84009922 11.52 228.712995  67.452921 13.363
 17    91.476 52806.84009987 13.80 228.709435  67.449861 13.363
 18    86.840 52841.84015733 13.71 228.718208  67.458006 17.914
 18    33.029 52841.84015798 27.40 228.714638  67.454946 17.914
 18    15.793 52841.84015862 34.48 228.711068  67.451886 17.914
 18    11.217 52841.84015926 41.89 228.707508  67.448826 17.914
 19    12.040 52876.84019473 28.66 228.719762  67.465005 12.054
 19    12.453 52876.84019538 36.31 228.716192  67.461955 12.054
 19    11.669 52876.84019602 40.71 228.712622  67.458895 12.054
 19    12.174 52876.84019667 42.76 228.709062  67.455835 12.054
 19    12.143 52876.84019731 40.87 228.705492  67.452775 12.054
 19    10.792 52876.84019796 32.54 228.701922  67.449715 12.054
 20    91.943 52911.84015475 10.60 228.712501  67.465589 13.424
 20    89.770 52911.84015539 10.81 228.708932  67.462528 27.781
 20    88.992 52911.84015604 12.31 228.705372  67.459478 27.781
 20    88.230 52911.84015668 12.84 228.701802  67.456418 27.781
 20    88.989 52911.84015733 14.39 228.698242  67.453358 27.781
 20    89.191 52911.84015797 21.25 228.694672  67.450298 27.781
 21    93.243 52946.84010955 17.52 228.737128  67.463212  8.745
 21    92.027 52946.84011020 18.01 228.733558  67.460162  8.745
 21    87.665 52946.84011084 20.27 228.729988  67.457102  8.745
 21    88.829 52946.84011148 19.27 228.726418  67.454042  8.745
 21    89.400 52946.84011213 21.38 228.722858  67.450982  8.745
 21    90.218 52946.84011277 22.45 228.719288  67.447932  8.745
 23    92.053 53016.84014406 10.89 228.708785  67.468062  5.889
 23    90.874 53016.84014471 11.05 228.705215  67.465012  5.889
 23    89.815 53016.84014535  9.61 228.701655  67.461952  5.889
 23    88.411 53016.84014600 11.25 228.698085  67.458892  5.889
 23    88.202 53016.84014664 11.80 228.694515  67.455832  5.889
 23    89.034 53016.84014729 11.63 228.690955  67.452772  5.889
 24    92.945 53051.84012251  9.50 228.729599  67.464638  3.913
 24    91.419 53051.84012316  9.96 228.726029  67.461578  3.913
 24    88.788 53051.84012380 10.91 228.722459  67.458518  3.913
 24    88.768 53051.84012445 11.10 228.718889  67.455468  3.913
 24    89.292 53051.84012509 10.07 228.715329  67.452408  3.913
 24    89.987 53051.84012574 12.40 228.711759  67.449348  3.913
 25    92.100 53086.84015963  7.98 228.699918  67.467317  3.744
 25    90.713 53086.84016027  6.97 228.696348  67.464267  3.744
 25    89.688 53086.84016092  6.70 228.692778  67.461207  3.744
 25    88.697 53086.84016156  6.98 228.689218  67.458147  3.744
 25    89.061 53086.84016221  7.32 228.685648  67.455087  3.744
 25    89.359 53086.84016285  7.91 228.682088  67.452027  3.744
 26    94.738 53121.84012912  4.61 228.724404  67.466159  3.203
 26    92.493 53121.84012977  4.98 228.720834  67.463099  3.203
 26    91.660 53121.84013041  5.05 228.717264  67.460049  3.203
 26    90.248 53121.84013106  5.21 228.713694  67.456989  3.203
 26    89.718 53121.84013170  5.63 228.710134  67.453929  3.203
 26    90.353 53121.84013235  5.39 228.706564  67.450869  3.203
 26    90.923 53121.84013299  6.51 228.702994  67.447809  3.203
 27    95.393 53156.84018450 18.09 228.717225  67.467596 18.495
 27    94.283 53156.84018514 17.52 228.713655  67.464536 18.495
 27    93.858 53156.84018578 14.51 228.710085  67.461476 18.495
 27    90.844 53156.84018643 16.01 228.706525  67.458416 18.495
 27    89.917 53156.84018707 17.35 228.702955  67.455366 18.495
 27    89.507 53156.84018772 20.28 228.699385  67.452306 18.495
 27    89.857 53156.84018836 25.42 228.695825  67.449246 18.495
 28    18.111 53191.84017725 36.67 228.719294  67.464749 23.997
 28    18.858 53191.84017790 38.35 228.715734  67.461699 23.997
 28    17.786 53191.84017854 39.25 228.712164  67.458639 23.997
 28    17.222 53191.84017919 37.05 228.708594  67.455579 23.997
 28    17.246 53191.84017983 40.17 228.705034  67.452519 23.997
 28    18.238 53191.84018048 37.55 228.701464  67.449459 23.997
 29    91.696 53226.84017956 10.99 228.715694  67.466254 18.397
 29    90.795 53226.84018021  8.35 228.712124  67.463194 18.397
 29    89.516 53226.84018085  7.86 228.708564  67.460144 18.397
 29    88.224 53226.84018150 10.00 228.704994  67.457084 18.397
 29    88.520 53226.84018214 10.82 228.701434  67.454024 18.397
 29    89.180 53226.84018278 16.04 228.697864  67.450964 18.397
 30    91.516 53261.84015330  7.24 228.700899  67.467679 18.261
 30    90.493 53261.84015394  7.19 228.697339  67.464629 18.261
 30    89.505 53261.84015459  7.34 228.693769  67.461569 18.261
 30    88.458 53261.84015523  6.26 228.690199  67.458509 18.261
 30    88.970 53261.84015588  8.92 228.686639  67.455449 18.261
 30    89.361 53261.84015652 15.43 228.683079  67.452389 18.261
 31    93.051 53296.84018803 19.18 228.715009  67.465956 16.030
 31    91.883 53296.84018867 17.60 228.711439  67.462896 16.030
 31    89.029 53296.84018932 20.61 228.707869  67.459846 16.030
 31    88.199 53296.84018996 22.77 228.704299  67.456786 16.030
 31    88.546 53296.84019060 24.53 228.700729  67.453726 16.030
 31    89.022 53296.84019125 25.54 228.697159  67.450666 16.030
 32    92.734 53331.84016039 12.70 228.715065  67.464737 11.352
 32    91.108 53331.84016104 13.57 228.711495  67.461687 11.352
 32    88.969 53331.84016168 15.08 228.707935  67.458627 11.352
 32    88.328 53331.84016233 17.05 228.704365  67.455567 11.352
 32    88.464 53331.84016297 18.59 228.700795  67.452507 11.352
 32    88.938 53331.84016361 23.49 228.697235  67.449447 11.352
 33    92.613 53366.84010601 13.08 228.707787  67.468090  6.124
 33    91.154 53366.84010666 13.23 228.704227  67.465040  6.124
 33    90.218 53366.84010730 12.64 228.700657  67.461980  6.124
 33    88.801 53366.84010795 13.48 228.697097  67.458920  6.124
 33    88.049 53366.84010859 14.25 228.693527  67.455860  6.124
 33    88.580 53366.84010923 15.44 228.689967  67.452800  6.124
 35    91.658 53436.84012329 11.46 228.707072  67.465628  5.814
 35    90.348 53436.84012393 10.08 228.703502  67.462578  5.814
 35    89.353 53436.84012458  9.60 228.699942  67.459518  5.814
 35    88.259 53436.84012522 10.71 228.696372  67.456458  5.814
 35    88.838 53436.84012587 10.95 228.692812  67.453398  5.814
 35    88.838 53436.84012651 17.26 228.689252  67.450348  5.814
 36    94.034 53471.84017416  7.54 228.722213  67.466921  5.926
 36    92.857 53471.84017481  8.64 228.718643  67.463861  5.926
 36    91.566 53471.84017545  7.85 228.715073  67.460811  5.926
 36    87.548 53471.84017609 11.94 228.711503  67.457751  5.926
 36    88.302 53471.84017674 10.67 228.707933  67.454691  5.926
 36    89.151 53471.84017738 10.93 228.704373  67.451631  5.926
 36    89.696 53471.84017803 13.17 228.700803  67.448581  5.926
 37    18.989 53506.84020579 32.05 228.714787  67.467555  7.452
 37    18.667 53506.84020643 32.99 228.711216  67.464498 17.557
 37    18.967 53506.84020708 36.59 228.707646  67.461448 17.557
 37    18.771 53506.84020772 45.11 228.704086  67.458388 17.557
 37    19.133 53506.84020836 43.20 228.700516  67.455328 17.557
 37    19.788 53506.84020901 43.49 228.696946  67.452268 17.557
 38    92.059 53541.84021225  9.86 228.710740  67.465046 15.997
 38    90.267 53541.84021289  8.88 228.707180  67.461996 15.997
 38    89.140 53541.84021354  9.46 228.703610  67.458936 15.997
 38    88.548 53541.84021418 10.38 228.700040  67.455876 15.997
 38    88.975 53541.84021483 12.91 228.696480  67.452816 15.997
 38    89.488 53541.84021547 18.86 228.692910  67.449756 15.997
 39    12.343 53576.84020029 24.06 228.707664  67.467899 18.363
 39    13.570 53576.84020093 30.51 228.704094  67.464849 18.363
 39    12.791 53576.84020158 35.91 228.700524  67.461789 18.363
 39    11.855 53576.84020222 30.96 228.696964  67.458729 18.363
 39    13.438 53576.84020287 30.37 228.693394  67.455669 18.363
 39    13.202 53576.84020351 37.12 228.689834  67.452609 18.363
 40    91.123 53611.84015290  8.51 228.698562  67.465741 17.767
 40    90.295 53611.84015355  7.93 228.694992  67.462681 17.767
 40    88.839 53611.84015419  8.98 228.691422  67.459621 17.767
 40    88.525 53611.84015484  9.64 228.687862  67.456561 17.767
 40    88.961 53611.84015548 14.29 228.684302  67.453501 17.767
 41    93.858 53646.84015656 16.27 228.728487  67.465737 15.381
 41    92.528 53646.84015720 14.09 228.724917  67.462677 15.381
 41    91.254 53646.84015785 13.50 228.721347  67.459617 15.381
 41    87.847 53646.84015849 17.57 228.717777  67.456567 15.381
 41    88.951 53646.84015914 16.18 228.714217  67.453507 15.381
 41    89.340 53646.84015978 20.61 228.710647  67.450447 15.381
 41    89.936 53646.84016043 22.43 228.707077  67.447387 15.381
 42    92.176 53681.84017316  7.59 228.706526  67.465941  5.284
 42    90.843 53681.84017381  6.27 228.702956  67.462891  5.284
 42    89.436 53681.84017445  7.05 228.699396  67.459831  5.284
 42    88.467 53681.84017510  6.23 228.695826  67.456771  5.284
 42    90.407 53681.84017574  6.54 228.692256  67.453711  5.284
 42    94.152 53681.84017639  6.02 228.688696  67.450651  5.284
 43    93.372 53716.84010028  6.03 228.710278  67.467611  4.359
 43    92.150 53716.84010092  6.69 228.706708  67.464561  4.359
 43    90.218 53716.84010157  6.81 228.703138  67.461501  4.359
 43    89.276 53716.84010221  6.43 228.699578  67.458441  4.359
 43    88.924 53716.84010286  7.25 228.696008  67.455381  4.359
 43    89.451 53716.84010350  7.03 228.692448  67.452321  4.359
 44    94.455 53751.84001889  8.25 228.735811  67.465010  5.326
 44    92.990 53751.84001953  8.51 228.732243  67.461952  5.016
 44    91.724 53751.84002017  8.78 228.728673  67.458892  5.016
 44    89.707 53751.84002082  9.63 228.725103  67.455832  5.016
 44    89.694 53751.84002146  9.47 228.721533  67.452782  5.016
 44    90.152 53751.84002211  9.77 228.717963  67.449722  5.016
 44    91.072 53751.84002275 11.87 228.714403  67.446662  5.016
 45    93.083 53786.84004971  8.56 228.714776  67.464782  6.043
 45    91.561 53786.84005036  9.08 228.711206  67.461732  6.043
 45    89.514 53786.84005100  9.30 228.707636  67.458672  6.043
 45    88.789 53786.84005165  9.10 228.704076  67.455612  6.043
 45    89.073 53786.84005229 10.34 228.700506  67.452552  6.043
 45    89.646 53786.84005294 12.03 228.696946  67.449492  6.043
 46    91.742 53821.84000509  8.53 228.698987  67.466586  3.208
 46    90.566 53821.84000573  7.90 228.695422  67.463530  4.541
 46    89.376 53821.84000638  8.39 228.691862  67.460470  4.541
 46    88.562 53821.84000702  8.81 228.688292  67.457410  4.541
 46    89.204 53821.84000766  8.95 228.684732  67.454350  4.541
 46    89.027 53821.84000831 11.78 228.681172  67.451290  4.541
 47    94.627 53856.84009464  2.29 228.718791  67.465867  2.778
 47    92.753 53856.84009529  2.68 228.715221  67.462817  2.778
 47    91.311 53856.84009593  2.85 228.711656  67.459753  2.726
 47    91.023 53856.84009658  2.87 228.708086  67.456693  2.726
 47    92.181 53856.84009722  2.64 228.704516  67.453643  2.726
 47    93.244 53856.84009787  2.61 228.700956  67.450583  2.726
 48    94.910 53891.84010727 11.44 228.724006  67.465104 11.990
 48    94.157 53891.84010792 10.73 228.720436  67.462044 11.990
 48    93.300 53891.84010856 11.02 228.716866  67.458994 11.990
 48    92.125 53891.84010920 10.62 228.713296  67.455934 11.990
 48    91.113 53891.84010985 13.63 228.709736  67.452874 11.990
 48    91.718 53891.84011049 14.61 228.706166  67.449814 11.990
 49    12.803 53926.84016862 38.49 228.708291  67.466145 24.477
 49    12.018 53926.84016926 44.81 228.704719  67.463089 14.835
 49    11.748 53926.84016991 42.47 228.701159  67.460029 14.835
 49    11.630 53926.84017055 35.19 228.697589  67.456979 14.835
 49    11.815 53926.84017119 25.19 228.694019  67.453919 14.835
 49    12.591 53926.84017184 24.02 228.690459  67.450859 14.835
 50    11.720 53961.84015389 28.20 228.701479  67.466186 22.843
 50    10.425 53961.84015453 35.12 228.697909  67.463126 15.798
 50    10.140 53961.84015518 22.97 228.694339  67.460076 15.798
 50    11.272 53961.84015582 16.10 228.690779  67.457016 15.798
 50    90.207 53961.84015647 13.87 228.687209  67.453956 15.798
 51    10.950 53996.84009590 23.75 228.739991  67.463551 21.219
 51    10.697 53996.84009654 20.70 228.736421  67.460494 10.565
 51    11.178 53996.84009719 18.07 228.732851  67.457434 10.565
 51    12.073 53996.84009783 16.44 228.729281  67.454374 10.565
 51    86.454 53996.84009848 14.85 228.725711  67.451324 10.565
 51    90.611 53996.84009912 15.16 228.722141  67.448264 10.565
 52    94.249 54031.84014818 17.94 228.727375  67.465808 17.192
 52    92.949 54031.84014882 18.81 228.723805  67.462758 17.192
 52    90.139 54031.84014947 17.42 228.720235  67.459696 13.266
 52    88.021 54031.84015011 21.21 228.716665  67.456636 13.266
 52    88.806 54031.84015076 21.00 228.713105  67.453586 13.266
 52    89.422 54031.84015140 24.47 228.709535  67.450526 13.266
 52    89.854 54031.84015205 27.83 228.705965  67.447466 13.266
 53    93.590 54066.84014222 18.13 228.716272  67.467251  4.906
 53    92.656 54066.84014287 17.33 228.712705  67.464196  8.125
 53    90.728 54066.84014351 16.30 228.709135  67.461136  8.125
 53    88.718 54066.84014415 18.54 228.705565  67.458086  8.125
 53    88.466 54066.84014480 18.04 228.702005  67.455026  8.125
 53    88.910 54066.84014544 20.23 228.698435  67.451966  8.125
 54    92.193 54101.84010376 15.39 228.704182  67.466898  5.109
 54    90.824 54101.84010441 14.75 228.700612  67.463837  6.048
 54    89.600 54101.84010505 15.20 228.697052  67.460787  6.048
 54    88.196 54101.84010570 16.62 228.693482  67.457727  6.048
 54    88.127 54101.84010634 16.80 228.689922  67.454667  6.048
 54    88.891 54101.84010699 15.44 228.686352  67.451607  6.048
 55    93.624 54136.84006981 11.85 228.724378  67.465097  5.671
 55    91.609 54136.84007045 11.28 228.720803  67.462035  6.017
 55    88.897 54136.84007110 12.61 228.717233  67.458975  6.017
 55    88.696 54136.84007174 13.33 228.713663  67.455925  6.017
 55    89.081 54136.84007239 13.08 228.710103  67.452865  6.017
 55    90.062 54136.84007303 14.67 228.706533  67.449805  6.017
 56    92.303 54171.84008056 10.99 228.706563  67.466303  4.795
 56    91.173 54171.84008120 10.60 228.702993  67.463243  4.795
 56    89.725 54171.84008185 10.44 228.699423  67.460193  4.795
 56    88.649 54171.84008249 11.23 228.695863  67.457133  4.795
 56    88.443 54171.84008314 12.13 228.692293  67.454073  4.795
 56    89.455 54171.84008378 12.44 228.688733  67.451013  4.795
 57    94.346 54206.84007504  7.42 228.725210  67.465490  6.656
 57    93.156 54206.84007568  7.31 228.721640  67.462430  6.656
 57    91.137 54206.84007633  7.30 228.718070  67.459370  6.656
 57    88.944 54206.84007697  9.66 228.714500  67.456320  6.656
 57    89.658 54206.84007762  8.17 228.710930  67.453260  6.656
 57    90.119 54206.84007826  9.80 228.707370  67.450200  6.656
 58    94.572 54241.84010761  2.02 228.718261  67.466726  6.128
 58    93.011 54241.84010825  3.63 228.714701  67.463666  6.128
 58    91.905 54241.84010890  1.75 228.711131  67.460606  6.128
 58    92.196 54241.84010954  0.78 228.707561  67.457556  6.128
 59    14.136 54276.84012232 43.55 228.717198  67.465826 19.667
 59    14.424 54276.84012296 43.24 228.713628  67.462766 19.667
 59    14.052 54276.84012361 45.38 228.710068  67.459706 19.667
 59    14.442 54276.84012425 44.47 228.706498  67.456656 19.667
 59    14.343 54276.84012490 41.92 228.702928  67.453596 19.667
 59    15.221 54276.84012554 42.85 228.699368  67.450536 19.667
 60    92.961 54311.84012331  9.78 228.716870  67.465483 17.188
 60    91.524 54311.84012396  8.65 228.713300  67.462423 17.188
 60    89.584 54311.84012460  8.61 228.709740  67.459363 17.188
 60    89.191 54311.84012525  8.89 228.706170  67.456313 17.188
 60    90.235 54311.84012589 10.05 228.702600  67.453253 17.188
 60    90.759 54311.84012654 14.45 228.699040  67.450193 17.188
 61    91.331 54346.84009663  8.91 228.704440  67.466236 19.874
 61    90.357 54346.84009728  8.50 228.700880  67.463176 19.874
 61    89.485 54346.84009792  7.65 228.697310  67.460126 19.874
 61    88.596 54346.84009857  8.30 228.693750  67.457066 19.874
 61    88.884 54346.84009921 13.33 228.690180  67.454006 19.874
 61    89.187 54346.84009986 22.48 228.686620  67.450946 19.874
 62    92.684 54381.84006004 19.86 228.724324  67.465560 19.555
 62    89.925 54381.84006069 19.60 228.720754  67.462500 19.555
 62    89.031 54381.84006133 19.20 228.717184  67.459450 19.555
 62    88.161 54381.84006197 21.80 228.713614  67.456390 19.555
 62    88.534 54381.84006262 25.04 228.710054  67.453330 19.555
 62    89.370 54381.84006326 26.76 228.706484  67.450270 19.555
 63    93.425 54416.84004544 13.37 228.710368  67.467213  8.481
 63    91.992 54416.84004609 11.77 228.706808  67.464153  8.481
 63    90.215 54416.84004673 13.63 228.703238  67.461103  8.481
 63    88.784 54416.84004738 13.46 228.699668  67.458043  8.481
 63    88.227 54416.84004802 15.01 228.696108  67.454983  8.481
 63    88.698 54416.84004866 15.81 228.692538  67.451923  8.481
 64    93.177 54451.84002912 12.53 228.727638  67.464933  6.218
 64    92.191 54451.84002976 14.06 228.724068  67.461873  6.218
 64    89.766 54451.84003040 13.97 228.720498  67.458823  6.218
 64    89.181 54451.84003105 15.10 228.716928  67.455763  6.218
 64    89.115 54451.84003169 14.31 228.713368  67.452703  6.218
 64    89.692 54451.84003234 16.64 228.709798  67.449643  6.218
 65    93.197 54486.84004232 11.54 228.716834  67.465836  4.371
 65    91.847 54486.84004296 11.78 228.713266  67.462771  6.505
 65    90.192 54486.84004360 12.55 228.709696  67.459711  6.505
 65    88.706 54486.84004425 12.81 228.706126  67.456661  6.505
 65    88.862 54486.84004489 12.23 228.702566  67.453601  6.505
 65    89.194 54486.84004554 14.73 228.698996  67.450541  6.505
 66    93.701 54521.84004248  9.24 228.723431  67.465210  3.548
 66    92.425 54521.84004313  9.81 228.719861  67.462160  3.548
 66    90.597 54521.84004377  9.84 228.716291  67.459100  3.548
 66    88.769 54521.84004442 10.63 228.712721  67.456040  3.548
 66    88.974 54521.84004506  9.89 228.709151  67.452980  3.548
 66    89.962 54521.84004571 10.25 228.705591  67.449930  3.548
 67    92.299 54556.84005302 10.62 228.706566  67.465397  3.461
 67    90.449 54556.84005367  8.87 228.702996  67.462337  3.461
 67    89.414 54556.84005431  8.75 228.699436  67.459277  3.461
 67    88.579 54556.84005496  9.60 228.695866  67.456217  3.461
 67    91.809 54556.84005560  8.38 228.692306  67.453167  3.461
 67    93.376 54556.84005625  9.79 228.688736  67.450107  3.461
 69    12.716 54626.84005447 18.75 228.712868  67.465281  8.873
 69    11.141 54626.84005511 18.52 228.709298  67.462221  8.873
 69    11.670 54626.84005576 18.30 228.705728  67.459161  8.873
 69    11.176 54626.84005640 17.48 228.702158  67.456101  8.873
 69    11.258 54626.84005705 17.39 228.698598  67.453041  8.873
 69    91.527 54626.84005769 16.51 228.695038  67.449991  8.873
 70    16.918 54661.84006230 23.30 228.714516  67.464701  5.769
 70    14.270 54661.84006294 16.74 228.710946  67.461641  5.769
 70    15.671 54661.84006359 18.60 228.707376  67.458581  5.769
 70    13.812 54661.84006423 18.77 228.703816  67.455521  5.769
 70    13.975 54661.84006488 16.93 228.700246  67.452471  5.769
 70    90.146 54661.84006552 17.07 228.696686  67.449411  5.769
 71    10.638 54696.84003807 36.72 228.709500  67.466744 15.438
 71    10.693 54696.84003871 28.18 228.705930  67.463684 15.438
 71    10.907 54696.84003936 22.90 228.702360  67.460624 15.438
 71    10.770 54696.84004000 18.12 228.698800  67.457564 15.438
 71    11.022 54696.84004065 15.33 228.695230  67.454504 15.438
 71    91.303 54696.84004129 14.59 228.691670  67.451454 15.438
 72    93.106 54731.84001793  9.91 228.725335  67.466079 13.998
 72    92.042 54731.84001858  8.57 228.721765  67.463019 13.998
 72    90.252 54731.84001922  9.03 228.718205  67.459969 13.998
 72    89.153 54731.84001986  9.45 228.714635  67.456909 13.998
 72    89.069 54731.84002051 10.48 228.711065  67.453849 13.998
 72    89.469 54731.84002115 14.22 228.707495  67.450799 13.998
 72    89.582 54731.84002180 19.09 228.703935  67.447739 13.998
 73    93.053 54766.84001730 17.46 228.715358  67.465729 13.170
 73    91.964 54766.84001794 14.86 228.711788  67.462669 13.170
 73    89.682 54766.84001859 14.78 228.708218  67.459609 13.170
 73    88.399 54766.84001923 17.00 228.704658  67.456549 13.170
 73    88.831 54766.84001988 17.70 228.701088  67.453489 13.170
 73    89.212 54766.84002052 19.35 228.697528  67.450439 13.170
 74    94.111 54801.84001202 11.88 228.724873  67.465516  8.260
 74    90.956 54801.84001266 12.81 228.721303  67.462466  8.260
 74    91.179 54801.84001331 12.08 228.717733  67.459406  8.260
 74    88.554 54801.84001395 13.92 228.714163  67.456346  8.260
 74    89.260 54801.84001460 13.40 228.710593  67.453286  8.260
 74    89.506 54801.84001524 17.40 228.707033  67.450236  8.260
 75    93.465 54836.84000921 14.38 228.716355  67.467020  5.977
 75    91.787 54836.84000985 15.60 228.712795  67.463970  5.977
 75    90.867 54836.84001050 13.80 228.709225  67.460910  5.977
 75    88.956 54836.84001114 15.10 228.705655  67.457850  5.977
 75    87.905 54836.84001179 16.15 228.702085  67.454790  5.977
 75    88.953 54836.84001243 15.56 228.698525  67.451740  5.977
 76    93.793 54871.84001055 11.74 228.724400  67.465065  4.545
 76    91.996 54871.84001120 12.85 228.720830  67.462015  4.545
 76    90.331 54871.84001184 11.82 228.717260  67.458955  4.545
 76    88.940 54871.84001249 12.69 228.713690  67.455895  4.545
 76    88.974 54871.84001313 12.19 228.710120  67.452835  4.545
 76    89.638 54871.84001377 13.57 228.706560  67.449785  4.545
 77    91.972 54906.84001736 12.36 228.704344  67.467880  4.963
 77    91.235 54906.84001800 11.68 228.700774  67.464820  4.963
 77    90.160 54906.84001865 10.92 228.697214  67.461760  4.963
 77    89.230 54906.84001929 10.81 228.693644  67.458700  4.963
 77    88.688 54906.84001994 11.34 228.690084  67.455640  4.963
 77    89.121 54906.84002058 11.67 228.686514  67.452590  4.963
 78    94.084 54941.84000323  8.62 228.721993  67.464732  5.111
 78    91.337 54941.84000388  8.67 228.718423  67.461672  5.111
 78    89.467 54941.84000452  9.08 228.714853  67.458612  5.111
 78    89.681 54941.84000517  9.58 228.711283  67.455552  5.111
 78    89.502 54941.84000581  9.72 228.707713  67.452492  5.111
 78    89.995 54941.84000646 11.86 228.704153  67.449442  5.111
 79    95.283 54976.84003104 16.62 228.717365  67.466809 14.426
 79    94.765 54976.84003169 14.58 228.713795  67.463749 14.426
 79    93.869 54976.84003233 14.85 228.710225  67.460689 14.426
 79    92.227 54976.84003298 16.23 228.706655  67.457629 14.426
 79    91.475 54976.84003362 17.45 228.703095  67.454569 14.426
 79    92.066 54976.84003426 18.24 228.699525  67.451519 14.426
 80    94.561 55011.84004033  9.90 228.712058  67.465148 18.301
 80    90.631 55011.84004097 10.25 228.708488  67.462088 18.301
 80    89.621 55011.84004162 10.57 228.704918  67.459028 18.301
 80    89.340 55011.84004226 11.32 228.701348  67.455968 18.301
 80    89.307 55011.84004291 14.66 228.697788  67.452908 18.301
 80    89.974 55011.84004355 16.90 228.694228  67.449858 18.301
 81    93.079 55046.84003159  9.98 228.719494  67.466801 19.258
 81    91.739 55046.84003224  8.35 228.715924  67.463751 19.258
 81    90.383 55046.84003288  8.82 228.712354  67.460691 19.258
 81    89.108 55046.84003353  9.65 228.708784  67.457631 19.258
 81    88.355 55046.84003417 12.28 228.705224  67.454571 19.258
 81    88.869 55046.84003482 14.48 228.701654  67.451521 19.258
 82    91.208 55081.84000494  9.02 228.701654  67.464184 15.920
 82    89.770 55081.84000559  9.34 228.698084  67.461124 15.920
 82    89.797 55081.84000623  9.61 228.694514  67.458064 15.920
 82    90.984 55081.84000688  9.98 228.690954  67.455014 15.920
 82    89.353 55081.84000752 17.64 228.687384  67.451954 15.920
 83    92.876 55116.83996396 16.21 228.723194  67.464596  8.824
 83    91.139 55116.83996461 16.34 228.719624  67.461536  8.824
 83    89.838 55116.83996525 17.15 228.716054  67.458476  8.824
 83    88.911 55116.83996590 17.12 228.712484  67.455416  8.824
 83    89.349 55116.83996654 16.85 228.708914  67.452356  8.824
 83    90.094 55116.83996719 19.40 228.705354  67.449306  8.824
 84    92.864 55151.83996227 18.46 228.711907  67.465568  8.935
 84    90.969 55151.83996291 18.13 228.708337  67.462518  8.935
 84    89.010 55151.83996356 19.56 228.704767  67.459458  8.935
 84    88.460 55151.83996420 20.15 228.701207  67.456398  8.935
 84    88.978 55151.83996485 19.56 228.697637  67.453338  8.935
 84    89.165 55151.83996549 23.47 228.694077  67.450288  8.935
 85    93.332 55186.83995035 16.96 228.723336  67.464375  8.616
 85    91.921 55186.83995099 18.05 228.719766  67.461315  8.616
 85    88.048 55186.83995164 18.42 228.716196  67.458255  8.616
 85    88.827 55186.83995228 18.10 228.712626  67.455195  8.616
 85    89.027 55186.83995292 19.18 228.709056  67.452135  8.616
 85    89.585 55186.83995357 21.31 228.705496  67.449085  8.616
 86    92.614 55221.83996075 16.76 228.711429  67.465560  6.815
 86    90.935 55221.83996139 16.30 228.707859  67.462500  6.815
 86    89.332 55221.83996204 15.55 228.704289  67.459440  6.815
 86    88.232 55221.83996268 16.67 228.700719  67.456380  6.815
 86    88.961 55221.83996333 16.86 228.697159  67.453320  6.815
 86    88.994 55221.83996397 19.09 228.693599  67.450270  6.815
 87    93.335 55256.83994626 14.29 228.722202  67.465906  5.433
 87    91.154 55256.83994691 14.66 228.718642  67.462856  5.433
 87    90.350 55256.83994755 14.92 228.715072  67.459796  5.433
 87    89.075 55256.83994820 15.01 228.711502  67.456736  5.433
 87    88.633 55256.83994884 16.69 228.707932  67.453676  5.433
 87    89.707 55256.83994948 16.07 228.704372  67.450626  5.433
 88    92.405 55291.83994868 11.05 228.706206  67.468054  6.458
 88    91.431 55291.83994933 10.79 228.702636  67.464994  6.458
 88    90.217 55291.83994997 10.88 228.699066  67.461934  6.458
 88    88.965 55291.83995062 11.82 228.695496  67.458874  6.458
 88    88.891 55291.83995126 11.18 228.691936  67.455814  6.458
 88    89.172 55291.83995191 12.07 228.688376  67.452764  6.458
 89    92.122 55326.83993066 17.87 228.715357  67.466064 16.921
 89    91.853 55326.83993131 13.46 228.711787  67.463004 16.921
 89    89.774 55326.83993195 14.64 228.708217  67.459944 16.921
 89    88.132 55326.83993259 17.30 228.704647  67.456884 16.921
 89    88.535 55326.83993324 19.45 228.701077  67.453824 16.921
 89    89.032 55326.83993388 20.99 228.697517  67.450774 16.921
 90    92.516 55361.83992744 12.72 228.709986  67.465377 12.259
 90    89.855 55361.83992808 14.14 228.706426  67.462317 12.259
 90    88.093 55361.83992873 14.67 228.702856  67.459257 12.259
 91    11.390 55396.83993437 18.94 228.721914  67.464115 15.421
 91    11.736 55396.83993502 20.54 228.718354  67.461055 15.421
 91    11.779 55396.83993566 25.75 228.714784  67.457995 15.421
 91    11.363 55396.83993631 23.22 228.711214  67.454935 15.421
 91    89.589 55396.83993695 15.94 228.707644  67.451885 15.421
 91    92.089 55396.83993760 12.47 228.704084  67.448825 15.421
 92    94.258 55431.83994193 10.32 228.719341  67.466683 14.205
 92    91.930 55431.83994258  9.03 228.715771  67.463633 14.205
 92    90.415 55431.83994322  9.27 228.712201  67.460573 14.205
 92    89.912 55431.83994387 10.05 228.708631  67.457513 14.205
 92    90.622 55431.83994451 10.84 228.705071  67.454453 14.205
 92    89.154 55431.83994515 14.93 228.701501  67.451393 14.205
 93    12.081 55466.83990206 36.90 228.704699  67.468248 13.762
 93     8.891 55466.83990271 39.10 228.701129  67.465188 13.762
 93    12.260 55466.83990335 42.84 228.697569  67.462128 13.762
 93    12.147 55466.83990400 43.81 228.693999  67.459068 13.762
 93    10.885 55466.83990464 42.13 228.690439  67.456008 13.762
 93    12.037 55466.83990528 41.09 228.686869  67.452958 13.762
