# NaN NaN NaN ;Mean Elev.(m), Avg Gradient(m/km), RMS Gradient(m/km) - SRTM1     
#  103.133  -1.488   8.464 ;Mean Elev.(m), Avg Gradient(m/km), RMS Gradient(m/km) - ASTER GDEM
#  120.686  -2.844   6.788 ;Mean Elev.(m), Avg Gradient(m/km), RMS Gradient(m/km) - GMTED2010 
  8 238.069501  62.035388   145.253   140.679 11 52497.21002780 19.226
 10 238.058668  62.036803   160.630   160.696 13 52567.21003863  9.975
 11 238.058821  62.041265   150.362   147.179  7 52602.21004408 11.279
 12 238.044391  62.041875   143.926   139.281  6 52637.21001305  9.240
 13 238.060533  62.038844   149.757   152.319 10 52672.21001505 10.709
 14 238.049442  62.042664   153.535   153.835  9 52707.21001829  4.446
 15 238.054524  62.043522   159.924   159.493  8 52742.21004987  3.373
 16 238.072486  62.042735   123.371   123.371  2 52777.20999080 45.838
 17 238.039884  62.045328   162.688   162.921  7 52812.21007137 10.353
 18 238.041884  62.047086   112.973   112.997  5 52847.21012620 47.481
 19 238.056770  62.037570   164.063   163.411 13 52882.21016059  7.863
 20 238.073358  62.032549   163.051   163.410 11 52917.21011613  9.598
 21 238.048979  62.041469   123.791   125.326  6 52952.21007983 40.899
 22 238.068432  62.034319   155.012   157.176 11 52987.21009276  7.808
 23 238.070152  62.037180   153.606   154.221  8 53022.21008201  4.747
 24 238.058437  62.041202   158.360   158.937  9 53057.21007481  3.187
 25 238.058806  62.040955   152.834   153.821  8 53092.21011260  4.510
 26 238.054789  62.037595   164.901   163.786 13 53127.21008306  9.931
 27 238.048427  62.042646   163.288   163.105  9 53162.21014775  9.685
 28 238.069767  62.025658   112.890   112.582  6 53197.21014338 39.517
 29 238.075746  62.030237   164.773   164.892 12 53232.21012287  5.573
 30 238.073733  62.037831   119.587   117.783  7 53267.21009321 45.633
 31 238.037270  62.045659   126.524   131.818  4 53302.21014961 34.434
 32 238.064165  62.034975   135.944   138.452  9 53337.21011696 34.107
 33 238.077078  62.035284   148.600   150.063  9 53372.21005196  5.694
 35 238.075163  62.034542   160.589   159.790  9 53442.21007483  1.237
 36 238.035856  62.053868   159.640   159.640  2 53477.21015013  0.343
 37 238.060561  62.034748   165.522   164.446 13 53512.21015816 11.749
 38 238.056847  62.039947   119.381   120.535 11 53547.21017675 46.214
 39 238.070551  62.030305   112.927   113.043  9 53582.21014454 45.637
 40 238.072783  62.033612   121.552   121.715 11 53617.21010067 45.813
 41 238.054066  62.039197   121.377   119.080 11 53652.21011978 43.238
 42 238.057719  62.036653   133.383   134.187 11 53687.21012248 35.823
 43 238.077531  62.034237   161.094   160.580  8 53722.21004697  1.681
 44 238.058852  62.036660   160.049   160.454 13 53757.20998075  3.487
 45 238.066058  62.039337   155.587   156.537  8 53792.21000570  3.485
 46 238.048000  62.042348   156.343   157.498  9 53827.20997201  3.367
 47 238.047193  62.042183   147.190   139.285  9 53862.21005929 21.848
 48 238.059359  62.034781   165.684   165.365 13 53897.21007919 11.056
 49 238.054757  62.032957   114.026   114.026  2 53932.21012780 46.339
 50 238.070496  62.022029   112.664   112.687  5 53967.21009975 44.543
 51 238.042473  62.043713   161.592   161.381  7 54002.21006931  4.981
 52 238.058514  62.037405   133.316   134.472  7 54037.21010587 44.964
 53 238.059456  62.041667   155.280   157.488  8 54072.21010091  2.896
 54 238.071037  62.040044   156.828   156.481  6 54107.21005027  2.140
 55 238.045563  62.047741   156.705   156.933  5 54142.21003714  1.348
 56 238.059159  62.047937   156.821   156.821  2 54177.21003422  0.540
 57 238.051664  62.040524   162.725   162.962 11 54212.21004283  2.837
 58 238.058325  62.036214   165.187   164.495 13 54247.21007118  8.931
 60 238.067454  62.033768   164.469   164.326 13 54317.21007824  4.455
 61 238.070596  62.035653   128.976   131.144  8 54352.21004465 34.636
 62 238.056758  62.040235   123.860   120.585 10 54387.21001918 44.292
 63 238.066579  62.036747   148.070   141.441  7 54422.20999462 17.017
 64 238.047539  62.042201   157.491   157.939  8 54457.20999338  4.689
 65 238.064550  62.039598   158.823   158.936  8 54492.20999763  4.384
 66 238.053544  62.042121   159.489   159.683  9 54527.21000595  3.539
 67 238.072521  62.031744   164.215   164.505 12 54562.21000412  2.418
 68 238.061218  62.035502   165.390   164.629 12 54597.21000048 14.476
 69 238.060014  62.035852   122.653   122.305 12 54632.21001382 44.458
 70 238.069448  62.024712   112.406   112.223  6 54667.21001731 35.513
 71 238.075546  62.031013   164.150   164.816 12 54702.20998532  3.960
 72 238.049280  62.042158   121.593   121.950  8 54737.20998163 44.316
 73 238.066539  62.036993   125.482   123.778  8 54772.20996727 40.889
 74 238.049345  62.039561   147.555   145.694  6 54807.20997473  6.911
 75 238.060057  62.041068   155.916   156.612  9 54842.20996492  3.901
 76 238.051083  62.043385   154.032   154.759  9 54877.20997726  4.530
 77 238.064816  62.040584   160.360   160.279  6 54912.20996944  1.429
 79 238.059514  62.036411   165.227   164.515 13 54982.20999428  9.285
 80 238.063574  62.033895   165.512   165.284 13 55017.20999312  8.977
 81 238.071121  62.027541   112.508   112.696  9 55052.20998699 39.628
 82 238.070163  62.037567   139.651   135.895  8 55087.20995244 21.778
 83 238.056317  62.037281   158.416   162.977 12 55122.20992398 11.337
 84 238.070343  62.030583   130.691   131.180 11 55157.20991146 26.604
 85 238.047715  62.042199   148.640   151.220  8 55192.20991486  7.772
 86 238.066826  62.035443   155.783   156.102 11 55227.20991351  5.710
 87 238.056544  62.041324   155.901   157.033  9 55262.20990986  4.244
 89 238.058443  62.039362   129.360   133.329  7 55332.20988935 44.207
 90 238.063992  62.038130   121.474   121.418  9 55367.20988119 45.322
 91 238.049722  62.042368   162.755   162.276  9 55402.20989670  8.227
 92 238.069052  62.033019   150.345   150.983  8 55437.20989783 20.340
 93 238.077602  62.030704   164.345   164.592 11 55472.20984702 10.912
