# NaN NaN NaN ;Mean Elev.(m), Avg Gradient(m/km), RMS Gradient(m/km) - SRTM1     
#    4.253 -11.031  20.741 ;Mean Elev.(m), Avg Gradient(m/km), RMS Gradient(m/km) - ASTER GDEM
#   13.902  -9.796  19.204 ;Mean Elev.(m), Avg Gradient(m/km), RMS Gradient(m/km) - GMTED2010 
  6   107.167 52420.22509816  7.59 227.986287  67.351835  5.242
  6   105.066 52420.22509880  7.72 227.982747  67.354895  5.242
  6   101.079 52420.22509945  8.12 227.979207  67.357955  5.242
  6    94.204 52420.22510009  9.72 227.975667  67.361015  5.242
  6    89.039 52420.22510074 10.98 227.972127  67.364075  5.242
  8    10.437 52490.22509511 33.84 228.013243  67.343774 11.620
  8    99.150 52490.22509576  3.92 228.009713  67.346834 11.620
  8    72.042 52490.22509640  5.14 228.006173  67.349894 11.620
  8    73.444 52490.22509705  6.03 228.002633  67.352954 11.620
  8    75.626 52490.22509769  5.55 227.999103  67.356015 16.735
  8    76.459 52490.22509834  8.55 227.995563  67.359075 16.735
  8    78.074 52490.22509898  8.26 227.992023  67.362135 16.735
  8    78.652 52490.22509963  9.29 227.988483  67.365195 16.735
 10    96.261 52560.22512482  9.49 227.985561  67.352220  3.406
 10    78.422 52560.22512546 10.10 227.982031  67.355280  3.406
 10    80.083 52560.22512611 10.10 227.978491  67.358340  3.406
 10    81.417 52560.22512675 11.73 227.974951  67.361400  3.406
 10    82.040 52560.22512740 15.07 227.971405  67.364461 13.619
 11    76.247 52595.22513178 11.37 227.990012  67.352011  4.025
 11    79.340 52595.22513243 11.77 227.986472  67.355071  4.025
 11    79.331 52595.22513307 12.41 227.982938  67.358128  6.794
 11    81.008 52595.22513372 13.08 227.979398  67.361188  6.794
 11    81.586 52595.22513436 16.22 227.975858  67.364248  6.794
 11    82.431 52595.22513500 16.83 227.972318  67.367308  6.794
 12    76.590 52630.22506500 10.25 227.986007  67.351318  5.544
 12    78.255 52630.22506565 11.06 227.982467  67.354378  5.544
 12    78.935 52630.22506629 12.10 227.978927  67.357438  5.544
 12    79.671 52630.22506693 12.84 227.975387  67.360498  5.544
 12    81.711 52630.22506758 13.15 227.971847  67.363558  5.544
 12    82.089 52630.22506822 14.26 227.968307  67.366618  5.544
 14    76.800 52700.22506600  5.79 227.987582  67.349942  4.393
 14    78.686 52700.22506664  5.94 227.984042  67.353002  4.393
 14    79.627 52700.22506729  6.57 227.980506  67.356063  3.375
 14    80.688 52700.22506793  7.13 227.976956  67.359123  3.375
 14    81.661 52700.22506858  7.99 227.973416  67.362183  3.375
 14    82.086 52700.22506922  8.25 227.969876  67.365243  3.375
 15    14.082 52735.22509650 10.86 228.013211  67.344910  3.605
 15    14.494 52735.22509715 10.59 228.009671  67.347970  3.605
 15     8.813 52735.22509779 11.87 228.006141  67.351030  3.605
 15    14.839 52735.22509844 11.84 228.002601  67.354090  3.605
 15    80.108 52735.22509908  4.22 227.999071  67.357150  3.605
 15    81.211 52735.22509973  4.06 227.995531  67.360210  3.605
 15    82.077 52735.22510037  4.09 227.991991  67.363270  3.605
 15    82.753 52735.22510102  5.13 227.988451  67.366330  3.605
 16   111.935 52770.22508304 13.17 228.018617  67.343958  3.887
 16   110.585 52770.22508368 12.37 228.015077  67.347018  3.887
 16   109.086 52770.22508433 11.11 228.011547  67.350078  3.887
 16   107.392 52770.22508497 10.60 228.008017  67.353138  3.887
 16   104.967 52770.22508562 11.25 228.004477  67.356198  3.887
 16   100.227 52770.22508626 12.29 228.000947  67.359258  3.887
 16    92.160 52770.22508691 13.38 227.997407  67.362318  3.887
 16    87.643 52770.22508755 15.29 227.993867  67.365378  3.887
 16    83.135 52770.22508819 19.27 227.990327  67.368438  3.887
 17    11.163 52805.22512375 46.42 227.974427  67.355146 15.339
 17    10.078 52805.22512440 49.04 227.970887  67.358206 15.339
 17    12.860 52805.22512504 43.83 227.967347  67.361266 15.339
 17    12.920 52805.22512569 45.47 227.963807  67.364326 15.339
 18    71.358 52840.22518387  7.88 227.986484  67.351489 11.966
 18    77.624 52840.22518452  7.57 227.982944  67.354549 11.966
 18    78.234 52840.22518516  8.16 227.979404  67.357609 11.966
 18    75.564 52840.22518581 10.05 227.975864  67.360669 11.966
 18    81.810 52840.22518645  9.32 227.972324  67.363729 11.966
 18    80.405 52840.22518710 10.74 227.968784  67.366789 11.966
 19     9.869 52875.22522275 39.85 227.990431  67.350720  8.894
 19     6.136 52875.22522340 40.29 227.986888  67.353777 12.230
 19     9.568 52875.22522404 27.94 227.983358  67.356837 12.230
 19     9.364 52875.22522469 21.36 227.979818  67.359897 12.230
 19     9.165 52875.22522533 19.69 227.976278  67.362957 12.230
 20     9.963 52910.22519126 28.60 228.019652  67.343746 11.718
 20    12.722 52910.22519191 34.40 228.016122  67.346806 11.718
 20    10.170 52910.22519255 36.81 228.012592  67.349866 11.718
 20     7.504 52910.22519320 43.39 228.009052  67.352926 11.718
 20     8.339 52910.22519384 44.93 228.005522  67.355986 11.718
 20     8.723 52910.22519449 45.38 228.001982  67.359046 11.718
 20     7.897 52910.22519513 47.03 227.998442  67.362116 11.718
 20     7.988 52910.22519578 46.77 227.994902  67.365176 11.718
 20     8.689 52910.22519642 44.92 227.991362  67.368236 11.718
 21    76.380 52945.22513588 12.18 227.984939  67.350676  3.106
 21    77.547 52945.22513653 12.57 227.981409  67.353736  3.106
 21    78.532 52945.22513717 13.31 227.977865  67.356795  8.154
 21    79.571 52945.22513781 14.21 227.974325  67.359855  8.154
 21    81.801 52945.22513846 15.04 227.970785  67.362915  8.154
 21    82.180 52945.22513910 17.37 227.967245  67.365975  8.154
 23    91.734 53015.22518023  3.79 228.003470  67.349697  2.465
 23    89.602 53015.22518217  5.34 227.992870  67.358887  2.465
 23    85.942 53015.22518281  5.71 227.989330  67.361947  2.465
 23    82.737 53015.22518346  5.95 227.985790  67.365007  2.465
 23    81.605 53015.22518410  6.68 227.982247  67.368063  3.447
 24    18.357 53050.22515558 13.35 227.984440  67.351568  4.655
 24    18.525 53050.22515622 13.15 227.980900  67.354628  4.655
 24    16.853 53050.22515687 12.84 227.977360  67.357688  4.655
 24    14.806 53050.22515751 13.38 227.973819  67.360749  2.316
 25   100.214 53085.22519094  2.59 227.997574  67.349602  1.975
 25    97.303 53085.22519159  2.48 227.994044  67.352662  1.975
 25    94.389 53085.22519223  2.77 227.990504  67.355722  1.975
 25    89.531 53085.22519288  3.83 227.986974  67.358782  1.975
 25    84.414 53085.22519352  3.91 227.983436  67.361841  2.365
 25    83.578 53085.22519416  3.98 227.979896  67.364901  2.365
 26   100.403 53120.22516168  1.74 227.984976  67.350296  1.953
 26    96.320 53120.22516233  3.23 227.981446  67.353366  1.953
 26    93.316 53120.22516297  3.51 227.977906  67.356426  1.953
 26    89.303 53120.22516362  3.58 227.974371  67.359479  2.232
 26    82.757 53120.22516426  3.76 227.970821  67.362539  2.232
 26    83.223 53120.22516491  4.01 227.967281  67.365599  2.232
 27   107.153 53155.22521517 10.48 227.983394  67.352230  5.218
 27   104.859 53155.22521582 10.84 227.979853  67.355288 13.387
 27   102.060 53155.22521646 11.13 227.976313  67.358348 13.387
 27    90.526 53155.22521711 13.79 227.972773  67.361408 13.387
 27    82.478 53155.22521775 16.23 227.969233  67.364468 13.387
 28    99.120 53190.22520447  1.66 228.003217  67.349118  7.206
 28    94.380 53190.22520511  4.04 227.999677  67.352178  7.206
 28    78.521 53190.22520576  3.50 227.996139  67.355237 23.084
 28    80.506 53190.22520640  3.46 227.992609  67.358297 23.084
 28    81.113 53190.22520704  3.59 227.989069  67.361357 23.084
 28    82.242 53190.22520769  4.90 227.985529  67.364417 23.084
 28    82.867 53190.22520833  7.57 227.981989  67.367477 23.084
 29    28.737 53225.22521294 15.14 228.010493  67.345393  6.622
 29    28.553 53225.22521422 18.09 228.003423  67.351513  6.622
 29    28.415 53225.22521487 16.74 227.999883  67.354583  6.622
 29    28.442 53225.22521551 20.56 227.996353  67.357633  6.622
 29    29.075 53225.22521616 18.85 227.992813  67.360703  6.622
 29     8.487 53225.22521745 40.35 227.985729  67.366819  4.384
 30    17.217 53260.22518706 34.95 228.013999  67.343584 23.850
 30    15.613 53260.22518770 34.31 228.010469  67.346644 23.850
 30    14.239 53260.22518835 41.32 228.006939  67.349704 23.850
 30    14.770 53260.22518899 28.30 228.003399  67.352774 23.850
 30    13.549 53260.22518964 31.10 227.999869  67.355834 23.850
 30    14.605 53260.22519028 22.23 227.996329  67.358894 23.850
 30     8.001 53260.22519093 20.80 227.992799  67.361954 23.850
 30     9.360 53260.22519157 23.50 227.989259  67.365014 23.850
 30     8.343 53260.22519221 35.17 227.985722  67.368073 21.159
 31     8.609 53295.22521830 40.49 227.977971  67.351916 12.267
 31     9.723 53295.22521894 43.61 227.974431  67.354976 12.267
 32    11.463 53330.22519002 20.34 228.000179  67.348983  8.257
 32    10.710 53330.22519067 20.58 227.996649  67.352043  8.257
 32    10.801 53330.22519131 18.85 227.993109  67.355103  8.257
 32     9.491 53330.22519196 19.60 227.989569  67.358163  8.257
 32     9.866 53330.22519260 18.77 227.986039  67.361223  8.257
 32     9.682 53330.22519325 17.24 227.982499  67.364283  8.257
 32     8.198 53330.22519389 17.26 227.978959  67.367343  8.257
 33    89.897 53365.22513832  5.98 228.017373  67.346068  3.089
 33    88.977 53365.22513896  6.07 228.013843  67.349128  3.089
 33    88.122 53365.22513961  6.56 228.010303  67.352188  3.089
 33    78.455 53365.22514025  7.29 228.006773  67.355248  3.089
 33    89.676 53365.22514089  7.72 228.003233  67.358308  3.089
 33    80.980 53365.22514154  8.10 227.999703  67.361368  3.089
 33    82.193 53365.22514218  9.40 227.996163  67.364428  3.089
 33    82.349 53365.22514283  9.58 227.992623  67.367488  3.089
 35   101.224 53435.22515454  4.08 228.008545  67.350598  2.611
 35    95.110 53435.22515518  4.30 228.005015  67.353658  2.611
 35    95.025 53435.22515583  5.03 228.001475  67.356718  2.611
 35    81.086 53435.22515647  6.01 227.997945  67.359778  2.611
 35    82.102 53435.22515712  6.33 227.994405  67.362838  2.611
 35    82.464 53435.22515776  6.99 227.990865  67.365898  2.611
 36    97.730 53470.22520137  3.75 227.982749  67.351742  2.516
 36    94.073 53470.22520202  4.74 227.979209  67.354802  2.516
 36    79.376 53470.22520266  5.11 227.975669  67.357862  2.516
 36    80.914 53470.22520331  5.20 227.972129  67.360922  2.516
 36    82.274 53470.22520395  5.50 227.968589  67.363982  2.516
 38    36.972 53540.22524083 22.43 227.996814  67.349500  5.326
 38    16.467 53540.22524148 18.56 227.993274  67.352560  5.326
 38    11.581 53540.22524212 16.01 227.989744  67.355620  5.326
 38    12.138 53540.22524276 16.21 227.986204  67.358680  5.326
 38    12.576 53540.22524341 16.46 227.982664  67.361740  5.326
 38    12.635 53540.22524405 15.23 227.979124  67.364800  5.326
 39    99.290 53575.22523465  4.22 228.002300  67.349685  6.796
 39    94.434 53575.22523530  5.68 227.998770  67.352745  6.796
 39    91.303 53575.22523594  5.63 227.995230  67.355805  6.796
 39    88.527 53575.22523658  6.95 227.991700  67.358865  6.796
 39    77.338 53575.22523723  7.07 227.988160  67.361925  6.796
 39    82.201 53575.22523787 10.75 227.984620  67.364985  6.796
 40   101.923 53610.22518395  3.34 228.018205  67.343740  7.563
 40   102.412 53610.22518459  2.08 228.014665  67.346800  7.563
 40    96.943 53610.22518524  1.61 228.011135  67.349860  7.563
 40    94.441 53610.22518588  2.80 228.007605  67.352920  7.563
 40    89.861 53610.22518652  3.08 228.004065  67.355980  7.563
 40    86.502 53610.22518717  4.16 228.000535  67.359040  7.563
 40    77.321 53610.22518781  4.98 227.996995  67.362100  7.563
 40    80.644 53610.22518846  6.48 227.993455  67.365160  7.563
 40    82.143 53610.22518910  7.26 227.989925  67.368220  7.563
 41    77.500 53645.22518981  4.09 227.981312  67.352703  5.222
 41    78.321 53645.22519045  4.82 227.977772  67.355763  5.222
 41    79.185 53645.22519109  6.04 227.974232  67.358823  5.222
 41    80.395 53645.22519174  7.50 227.970692  67.361883  5.222
 41    81.726 53645.22519238 11.26 227.967152  67.364943  5.222
 42    10.871 53680.22520622 33.35 227.994273  67.351182 17.675
 42    12.228 53680.22520687 27.04 227.990743  67.354242 17.675
 42    13.077 53680.22520751 29.55 227.987203  67.357302 17.675
 42    10.505 53680.22520816 40.22 227.983663  67.360362 17.675
 42    11.544 53680.22520880 40.98 227.980123  67.363422 17.675
 42    12.606 53680.22520945 40.27 227.976593  67.366482 17.675
 43   104.100 53715.22513253  1.04 228.017288  67.345368  2.253
 43   101.577 53715.22513317  1.77 228.013758  67.348428  2.253
 43    97.931 53715.22513382  1.98 228.010218  67.351488  2.253
 43    93.740 53715.22513446  1.89 228.006688  67.354548  2.253
 43    92.083 53715.22513510  2.66 228.003148  67.357608  2.253
 43    81.586 53715.22513575  3.68 227.999608  67.360668  2.253
 43    82.762 53715.22513639  4.06 227.996078  67.363728  2.253
 43    82.616 53715.22513704  4.57 227.992538  67.366788  2.253
 44    28.379 53750.22505287 15.37 227.974589  67.360270  4.335
 44    13.485 53750.22505351 14.37 227.971049  67.363330  4.335
 44     9.152 53750.22505416 14.53 227.967509  67.366390  4.335
 45   105.691 53785.22507936  2.67 228.011990  67.344204  2.360
 45   102.443 53785.22508000  3.14 228.008460  67.347264  2.360
 45   100.362 53785.22508065  3.58 228.004920  67.350324  2.360
 45    96.469 53785.22508129  3.94 228.001390  67.353384  2.360
 45    79.347 53785.22508194  4.75 227.997850  67.356444  2.360
 45    80.299 53785.22508258  5.62 227.994320  67.359504  2.360
 45    83.606 53785.22508322  6.24 227.990780  67.362564  2.360
 45    82.267 53785.22508387  6.37 227.987240  67.365624  2.360
 46   104.165 53820.22503841  3.43 228.024330  67.346923  2.130
 46    97.654 53820.22503906  3.42 228.020790  67.349983  2.130
 46    83.359 53820.22503970  4.05 228.017260  67.353043  2.130
 46    80.413 53820.22504035  4.40 228.013730  67.356103  2.130
 46    80.337 53820.22504099  5.15 228.010190  67.359163  2.130
 46    81.815 53820.22504163  5.53 228.006660  67.362223  2.130
 46    82.065 53820.22504228  5.75 228.003120  67.365283  2.130
 46    82.682 53820.22504292  6.07 227.999580  67.368343  2.130
 47    78.582 53855.22512419  5.30 227.984950  67.350419  2.673
 47    79.657 53855.22512483  5.73 227.981410  67.353479  2.673
 47    80.409 53855.22512548  6.94 227.977870  67.356539  2.673
 47    81.331 53855.22512612  7.50 227.974330  67.359599  2.673
 47    82.444 53855.22512677  7.35 227.970790  67.362659  2.673
 47    82.981 53855.22512741  7.59 227.967250  67.365719  2.673
 48   108.691 53890.22513388  6.81 228.000674  67.350137  4.596
 48   105.349 53890.22513452  7.66 227.997134  67.353197  4.596
 48   103.076 53890.22513517  8.31 227.993594  67.356257  4.596
 48    93.173 53890.22513581  9.48 227.990064  67.359317  4.596
 48    81.987 53890.22513646 10.99 227.986524  67.362377  4.596
 48    82.613 53890.22513710 12.39 227.982984  67.365437  4.596
 49    77.687 53925.22519971  4.64 227.980789  67.352845  2.874
 49    78.571 53925.22520036  5.36 227.977249  67.355905  2.874
 49    79.504 53925.22520100  5.95 227.973719  67.358965  2.874
 49    81.426 53925.22520165  6.48 227.970179  67.362025  2.874
 49    81.869 53925.22520229  7.42 227.966639  67.365085  2.874
 51    99.820 53995.22512394  5.73 227.974802  67.351448  5.866
 51    95.383 53995.22512458  7.00 227.971262  67.354508  5.866
 51    92.222 53995.22512523  7.83 227.967722  67.357568  5.866
 51    80.409 53995.22512587  8.50 227.964182  67.360628  5.866
 51    81.249 53995.22512652  9.41 227.960642  67.363688  5.866
 52     6.332 54030.22518002 37.09 227.986287  67.352271  8.704
 52     8.707 54030.22518066 32.61 227.982747  67.355331  8.704
 55    98.403 54135.22509915  6.74 227.985802  67.350533  2.856
 55    95.170 54135.22509979  8.45 227.982262  67.353593  2.856
 55    92.210 54135.22510044  8.29 227.978722  67.356653  2.856
 55    89.489 54135.22510108  8.71 227.975182  67.359713  2.856
 55    81.814 54135.22510173  9.47 227.971642  67.362773  2.856
 55    81.615 54135.22510237  9.98 227.968102  67.365833  2.856
 57    77.719 54205.22510411  5.19 227.981979  67.352443  2.322
 57    78.871 54205.22510476  6.05 227.978439  67.355503  2.322
 57    80.154 54205.22510540  6.94 227.974899  67.358563  2.322
 57    80.164 54205.22510605  7.23 227.971359  67.361623  2.322
 57    82.027 54205.22510669  7.44 227.967819  67.364683  2.322
 59    16.105 54275.22515310 21.05 227.999121  67.349254  8.924
 59    67.577 54275.22515374 11.07 227.995591  67.352314  8.924
 59    15.666 54275.22515439 11.86 227.992051  67.355374  8.924
 59    70.250 54275.22515503 10.25 227.988511  67.358434  8.924
 59    14.159 54275.22515567 11.94 227.984971  67.361494  8.924
 59    80.497 54275.22515632 10.23 227.981441  67.364554  8.924
 59    82.321 54275.22515696 11.29 227.977891  67.367614  8.924
 61     9.842 54345.22512862 17.34 228.017883  67.344605 13.246
 61    10.196 54345.22512927 19.58 228.014353  67.347665 13.246
 61    11.211 54345.22512991 21.60 228.010823  67.350725 13.246
 61    11.223 54345.22513056 25.09 228.007283  67.353785 13.246
 61     9.992 54345.22513120 26.01 228.003753  67.356845 13.246
 61    11.406 54345.22513185 20.78 228.000213  67.359915 13.246
 61    12.316 54345.22513249 19.91 227.996683  67.362965 13.246
 61    11.350 54345.22513314 20.82 227.993143  67.366035 13.246
 62    16.289 54380.22509226 19.91 227.982841  67.355842  7.573
 62    14.949 54380.22509355 18.74 227.975761  67.361962  7.573
 62    10.387 54380.22509419 28.13 227.972221  67.365022  7.573
 63   100.717 54415.22507828  6.57 228.003431  67.349388  4.765
 63    96.892 54415.22507892  7.20 227.999901  67.352458  4.765
 63    87.885 54415.22507957  7.62 227.996361  67.355518  4.765
 63    78.280 54415.22508021  8.75 227.992821  67.358568  4.765
 63    84.526 54415.22508086  9.20 227.989291  67.361638  4.765
 63    82.245 54415.22508150  9.63 227.985751  67.364698  4.765
 63    82.990 54415.22508215 10.69 227.982213  67.367754  5.236
 65    99.615 54485.22507370  7.26 227.998906  67.349738  3.502
 65    96.801 54485.22507434  7.06 227.995366  67.352798  3.502
 65    90.854 54485.22507499  8.89 227.991836  67.355858  3.502
 65    79.535 54485.22507563  9.03 227.988296  67.358918  3.502
 65    80.705 54485.22507628  9.01 227.984756  67.361978  3.502
 65    82.085 54485.22507692  9.57 227.981216  67.365038  3.502
 66   101.086 54520.22507219  4.13 227.990913  67.349764  3.770
 66    96.249 54520.22507283  4.66 227.987373  67.352824  3.770
 66    93.508 54520.22507347  4.78 227.983833  67.355884  3.770
 66    89.768 54520.22507412  5.56 227.980293  67.358944  3.770
 66    81.268 54520.22507476  6.40 227.976753  67.362004  3.770
 66    82.094 54520.22507541  7.10 227.973213  67.365064  3.770
 67    91.092 54555.22508377  3.57 228.012377  67.345045  2.601
 67    90.248 54555.22508441  3.32 228.008847  67.348105  2.601
 67    93.126 54555.22508505  3.66 228.005317  67.351165  2.601
 67    92.211 54555.22508570  3.86 228.001777  67.354225  2.601
 67    79.356 54555.22508634  4.17 227.998238  67.357287  3.863
 67    80.791 54555.22508699  5.14 227.994708  67.360347  3.863
 67    82.025 54555.22508763  5.53 227.991168  67.363407  3.863
 67    82.404 54555.22508828  6.17 227.987628  67.366467  3.863
 68     8.696 54590.22506847  3.04 227.991773  67.350891  4.883
 68     9.535 54590.22506911  2.51 227.988233  67.353951  4.883
 69    13.661 54625.22508471 43.43 227.999776  67.350424 12.897
 69     8.748 54625.22508535 49.45 227.996239  67.353486 14.846
 69    13.723 54625.22508600 43.79 227.992709  67.356546 14.846
 70    14.357 54660.22509306 40.99 227.994620  67.349834 13.648
 70    13.851 54660.22509370 43.34 227.991085  67.352894 12.648
 70    13.587 54660.22509435 44.05 227.987545  67.355954 12.648
 70    13.453 54660.22509499 44.36 227.984005  67.359014 12.648
 70    13.272 54660.22509564 44.04 227.980465  67.362074 12.648
 70    13.406 54660.22509628 45.96 227.976925  67.365134 12.648
 71   -25.440 54695.22507275 17.64 227.998537  67.356136  7.765
 71    10.268 54695.22507340 36.30 227.995001  67.359197 28.902
 71    13.707 54695.22507404 43.65 227.991461  67.362257 28.902
 71     9.185 54695.22507469 44.77 227.987931  67.365317 28.902
 72    97.774 54730.22504876  4.17 227.987174  67.352263  8.813
 72    91.940 54730.22504940  5.18 227.983634  67.355323  8.813
 72    78.539 54730.22505005  5.77 227.980094  67.358383  8.813
 72    80.908 54730.22505069  6.36 227.976554  67.361443  8.813
 72    80.362 54730.22505134  8.36 227.973014  67.364503  8.813
 73    11.595 54765.22504987 37.01 227.997674  67.350070  9.255
 73     9.352 54765.22505051 31.17 227.994134  67.353130  9.255
 73    10.732 54765.22505116 28.13 227.990597  67.356187 16.585
 73    11.307 54765.22505180 38.95 227.987057  67.359247 16.585
 73    10.558 54765.22505245 40.47 227.983527  67.362307 16.585
 73    10.846 54765.22505309 39.24 227.979987  67.365367 16.585
 75    99.910 54835.22504123  6.97 227.999248  67.349718  2.448
 75    96.524 54835.22504187  7.12 227.995708  67.352778  2.448
 75    92.992 54835.22504252  7.58 227.992175  67.355838  3.214
 75    89.533 54835.22504316  8.43 227.988635  67.358898  3.214
 75    85.519 54835.22504381  8.15 227.985095  67.361958  3.214
 75    82.775 54835.22504445  8.36 227.981565  67.365018  3.214
 77   104.982 54905.22504854  3.41 228.013251  67.344503  2.212
 77   102.195 54905.22504919  3.94 228.009711  67.347563  2.212
 77    94.564 54905.22504983  4.25 228.006181  67.350623  2.212
 77    95.809 54905.22505048  4.62 228.002651  67.353683  2.212
 77    80.427 54905.22505112  4.58 227.999113  67.356744  2.302
 77    84.415 54905.22505177  5.09 227.995573  67.359804  2.302
 77    82.694 54905.22505241  5.58 227.992043  67.362864  2.302
 77    82.987 54905.22505305  5.51 227.988503  67.365924  2.302
 78    98.021 54940.22503139  3.18 227.988211  67.351065  2.200
 78    79.108 54940.22503204  4.02 227.984671  67.354135  2.200
 78    88.690 54940.22503268  4.22 227.981131  67.357195  2.200
 78    80.786 54940.22503333  4.77 227.977595  67.360249  2.402
 78    81.922 54940.22503397  4.96 227.974045  67.363309  2.402
 78    82.831 54940.22503462  5.19 227.970505  67.366369  2.402
 79   108.472 54975.22506096 12.13 227.993302  67.350762 11.882
 79   106.236 54975.22506160 11.50 227.989772  67.353822 11.882
 79   103.670 54975.22506225 11.99 227.986232  67.356882 11.882
 79    99.437 54975.22506289 13.31 227.982692  67.359942 11.882
 79    90.631 54975.22506354 14.60 227.979152  67.363002 11.882
 79    82.996 54975.22506418 18.77 227.975612  67.366062 11.882
 80    24.542 55010.22507227 18.25 227.999914  67.350275  8.368
 80    14.487 55010.22507292 17.28 227.996374  67.353335  8.368
 80    12.032 55010.22507356 14.87 227.992844  67.356395 13.154
 80    12.683 55010.22507421 13.43 227.989304  67.359455 13.154
 80    12.614 55010.22507485 12.42 227.985764  67.362515 13.154
 80    12.683 55010.22507550 11.78 227.982224  67.365575 13.154
 81    16.262 55045.22506327 17.48 227.995464  67.350719  7.036
 81    10.900 55045.22506392 17.70 227.991932  67.353778 14.462
 81    10.687 55045.22506456 17.91 227.988392  67.356838 14.462
 81    11.201 55045.22506521 16.37 227.984852  67.359898 14.462
 81    11.357 55045.22506585 15.36 227.981312  67.362958 14.462
 81    11.130 55045.22506650 13.82 227.977782  67.366018 14.462
 82    10.576 55080.22503673 37.55 228.014801  67.345081 12.235
 82    11.718 55080.22503738 43.08 228.011271  67.348141 12.235
 82    10.685 55080.22503802 45.32 228.007731  67.351201 12.235
 82    11.824 55080.22503867 37.62 228.004201  67.354261 12.235
 83    98.761 55115.22499542 12.43 227.990761  67.350657  3.284
 83    95.865 55115.22499607 11.70 227.987227  67.353713  8.974
 83    91.496 55115.22499671 12.60 227.983687  67.356773  8.974
 83    81.051 55115.22499736 13.38 227.980147  67.359833  8.974
 83    81.825 55115.22499800 14.54 227.976607  67.362893  8.974
 83    82.918 55115.22499865 16.70 227.973067  67.365953  8.974
 84    76.779 55150.22499441 12.93 227.998537  67.349541  3.388
 84    77.306 55150.22499505 13.24 227.995007  67.352601  3.388
 84    79.273 55150.22499570 14.41 227.991466  67.355659  5.495
 84    80.372 55150.22499634 15.28 227.987926  67.358719  5.495
 84    79.834 55150.22499699 17.45 227.984386  67.361779  5.495
 84    82.411 55150.22499763 18.20 227.980856  67.364839  5.495
 85    77.456 55185.22498028 12.41 227.983755  67.352161  3.499
 85    79.125 55185.22498093 12.89 227.980215  67.355221  3.499
 85    79.968 55185.22498157 13.51 227.976675  67.358281  3.499
 85    79.951 55185.22498222 14.89 227.973145  67.361341  3.499
 85    81.135 55185.22498286 15.82 227.969595  67.364401  3.499
 86    76.604 55220.22499261  9.74 228.000028  67.350581  4.022
 86    77.725 55220.22499325 10.43 227.996498  67.353641  4.022
 86    79.251 55220.22499390 11.49 227.992958  67.356701  3.659
 86    80.315 55220.22499454 12.02 227.989418  67.359761  3.659
 86    81.386 55220.22499519 12.89 227.985878  67.362821  3.659
 86    82.296 55220.22499583 13.44 227.982338  67.365881  3.659
 87    77.297 55255.22497611  9.98 227.988364  67.352276  3.131
 87    78.950 55255.22497675 10.94 227.984824  67.355336  3.131
 87    79.528 55255.22497740 11.09 227.981284  67.358396  3.131
 87    80.760 55255.22497804 11.30 227.977744  67.361456  3.131
 87    81.505 55255.22497868 12.19 227.974204  67.364516  3.131
 88    85.624 55290.22498036  5.26 228.015372  67.343972  2.348
 88    82.082 55290.22498100  5.34 228.011832  67.347032  2.348
 88    80.081 55290.22498165  5.70 228.008302  67.350092  2.348
 88    77.170 55290.22498229  6.18 228.004762  67.353152  2.348
 88    76.074 55290.22498294  7.12 228.001232  67.356212  2.348
 88    76.921 55290.22498358  7.94 227.997700  67.359275  3.956
 88    77.717 55290.22498423  8.48 227.994160  67.362335  3.956
 88    78.546 55290.22498487  9.02 227.990620  67.365395  3.956
 89   107.302 55325.22496189  6.70 227.994127  67.350640  5.467
 89    97.981 55325.22496253  8.03 227.990587  67.353701 12.213
 89    80.688 55325.22496318  8.85 227.987047  67.356761 12.213
 89    81.450 55325.22496382  9.92 227.983507  67.359821 12.213
 89    82.066 55325.22496447 10.52 227.979977  67.362881 12.213
 89    82.815 55325.22496511 13.12 227.976437  67.365941 12.213
 90   100.150 55360.22495943  3.59 227.997781  67.352385  4.222
 90    93.972 55360.22496008  4.40 227.994246  67.355446 17.246
 90    80.172 55360.22496072  5.60 227.990706  67.358506 17.246
 90    86.042 55360.22496137  5.72 227.987166  67.361566 17.246
 90    82.462 55360.22496201  6.60 227.983626  67.364626 17.246
 90    82.675 55360.22496266  8.96 227.980086  67.367686 17.246
 91   107.300 55395.22496471  1.59 227.988761  67.351185  8.799
 91    98.949 55395.22496536  2.74 227.985221  67.354245  8.799
 91    92.511 55395.22496600  5.30 227.981681  67.357305  8.799
 91    88.206 55395.22496665  5.74 227.978141  67.360365  8.799
 91    81.915 55395.22496729  6.78 227.974611  67.363425  8.799
 91    82.289 55395.22496794  9.01 227.971061  67.366485  8.799
 92     9.561 55430.22497457 22.00 227.997641  67.350082  8.397
 92     9.575 55430.22497522 22.93 227.994101  67.353142  8.397
 92    10.062 55430.22497586 21.41 227.990566  67.356201 16.919
 92    10.512 55430.22497650 20.91 227.987026  67.359261 16.919
 92    10.886 55430.22497715 16.58 227.983486  67.362321 16.919
 92    10.371 55430.22497779 17.01 227.979946  67.365381 16.919
 93     9.319 55465.22493504 17.29 228.017426  67.346759  9.409
 93     9.722 55465.22493569 18.64 228.013896  67.349819  9.409
 93     9.984 55465.22493633 20.88 228.010356  67.352879  9.409
 93    10.731 55465.22493698 25.11 228.006826  67.355939  9.409
 93     9.204 55465.22493762 30.79 228.003286  67.358999  9.409
 93     9.478 55465.22493827 24.73 227.999755  67.362062 18.488
 93    10.484 55465.22493891 20.46 227.996215  67.365122 18.488
 93    10.591 55465.22493955 23.00 227.992675  67.368182 18.488
