# NaN NaN NaN ;Mean Elev.(m), Avg Gradient(m/km), RMS Gradient(m/km) - SRTM1     
#    7.002  -1.288  11.822 ;Mean Elev.(m), Avg Gradient(m/km), RMS Gradient(m/km) - ASTER GDEM
#   15.347   0.097  17.625 ;Mean Elev.(m), Avg Gradient(m/km), RMS Gradient(m/km) - GMTED2010 
  7    12.526 52475.84212009 27.64 227.854400  67.347489 15.411
  7    12.056 52475.84212074 27.09 227.850860  67.344429 15.411
  7    11.809 52475.84212138 26.06 227.847330  67.341369 15.411
  7    12.417 52475.84212203 26.33 227.843790  67.338309 15.411
  7    12.254 52475.84212267 30.62 227.840260  67.335249 15.411
  8    76.862 52510.84207435 20.85 227.855113  67.347287 16.578
  8    75.871 52510.84207500 20.27 227.851573  67.344227 16.578
  8    75.322 52510.84207564 18.05 227.848043  67.341167 16.578
  8    75.146 52510.84207628 15.62 227.844513  67.338107 16.578
  9     8.702 52545.84208998 39.52 227.879644  67.352398 17.438
  9    10.347 52545.84209062 35.24 227.876104  67.349338 17.438
  9     8.677 52545.84209127 22.28 227.872564  67.346278 17.438
  9     8.397 52545.84209191 20.90 227.869034  67.343218 17.438
  9     8.549 52545.84209256 20.36 227.865494  67.340158 17.438
  9     9.201 52545.84209320 21.78 227.861964  67.337098 17.438
 11    75.915 52615.84208707 23.44 227.838308  67.343655  9.100
 11    75.522 52615.84208771 21.07 227.834778  67.340595  9.100
 11    74.845 52615.84208836 19.55 227.831248  67.337535  9.100
 11    73.691 52615.84208900 18.27 227.827708  67.334475  9.100
 11    72.879 52615.84208965 17.22 227.824178  67.331405  9.100
 11    71.749 52615.84209029 15.49 227.820648  67.328345  9.100
 12    77.410 52650.84206240 16.51 227.873209  67.349849  5.994
 12    76.779 52650.84206305 15.95 227.869669  67.346789  5.994
 12    75.851 52650.84206369 17.04 227.866139  67.343729  5.994
 12    74.907 52650.84206434 16.57 227.862599  67.340669  5.994
 12    74.251 52650.84206498 14.62 227.859069  67.337609  5.994
 12    73.610 52650.84206562 14.04 227.855529  67.334549  5.994
 13    76.372 52685.84205206 17.14 227.853894  67.347770  4.733
 13    76.149 52685.84205270 16.33 227.850364  67.344710  4.733
 13    75.513 52685.84205335 15.83 227.846824  67.341650  4.733
 13    75.020 52685.84205399 13.03 227.843294  67.338590  4.733
 13    74.525 52685.84205464 12.03 227.839764  67.335530  4.733
 13    73.803 52685.84205528 11.05 227.836234  67.332470  4.733
 13    72.961 52685.84205593 10.85 227.832704  67.329400  4.733
 14    76.939 52720.84210216 10.32 227.860115  67.347860  3.777
 14    76.271 52720.84210281 10.31 227.856575  67.344800  3.777
 14    75.453 52720.84210345  9.45 227.853035  67.341740  3.777
 14    74.905 52720.84210410  9.62 227.849505  67.338680  3.777
 14    80.620 52720.84210474  7.93 227.845975  67.335620  3.777
 14    74.112 52720.84210539  7.50 227.842435  67.332560  3.777
 14    73.562 52720.84210603  8.85 227.838905  67.329500  3.777
 16    78.416 52790.84207351 21.39 227.882340  67.352063 16.995
 16    78.064 52790.84207416 17.42 227.878800  67.349003 16.995
 16    78.886 52790.84207480 15.85 227.875260  67.345943 16.995
 16    77.115 52790.84207545 14.90 227.871720  67.342883 16.995
 16    94.449 52790.84207609 14.82 227.868190  67.339823 16.995
 16    95.931 52790.84207674 14.27 227.864650  67.336763 16.995
 17    78.060 52825.84214316 19.94 227.878479  67.351367 24.079
 17    77.397 52825.84214381 17.21 227.874939  67.348307 24.079
 17    76.573 52825.84214445 16.12 227.871399  67.345247 24.079
 17    75.609 52825.84214510 13.64 227.867869  67.342187 24.079
 17    74.566 52825.84214574 14.95 227.864329  67.339127 24.079
 17    73.829 52825.84214639 12.46 227.860799  67.336067 24.079
 18    77.900 52860.84218893 25.00 227.878487  67.351085 22.640
 18    77.271 52860.84218958 22.28 227.874947  67.348025 22.640
 18    76.321 52860.84219022 19.85 227.871407  67.344965 22.640
 18    75.469 52860.84219087 18.14 227.867877  67.341905 22.640
 18    74.239 52860.84219151 16.27 227.864337  67.338845 22.640
 18    73.079 52860.84219216 15.36 227.860807  67.335785 22.640
 19    77.326 52895.84222074 21.51 227.853349  67.347442 18.018
 19    77.057 52895.84222139 19.70 227.849809  67.344382 18.018
 19    76.725 52895.84222203 19.20 227.846279  67.341322 18.018
 20    75.697 52930.84217041 26.81 227.834403  67.343060 19.601
 20    75.220 52930.84217105 24.81 227.830873  67.340000 19.601
 20    74.470 52930.84217170 20.26 227.827343  67.336930 19.601
 20    73.739 52930.84217234 19.51 227.823813  67.333870 19.601
 20    72.646 52930.84217299 17.63 227.820283  67.330810 19.601
 20    71.453 52930.84217363 17.62 227.816753  67.327750 19.601
 21    77.266 52965.84216288 14.69 227.878606  67.349983  3.290
 21    76.243 52965.84216353 15.27 227.875066  67.346923  3.290
 21    75.656 52965.84216417 13.65 227.871526  67.343863  3.290
 21    74.628 52965.84216482 13.41 227.867996  67.340803  3.290
 21    89.042 52965.84216546 12.78 227.864456  67.337743  3.290
 22    76.092 53000.84219653 11.97 227.846222  67.344284  4.009
 22    75.403 53000.84219717 10.82 227.842692  67.341224  4.009
 22    74.774 53000.84219782 11.47 227.839162  67.338164  4.009
 22    80.321 53000.84219846 10.77 227.835622  67.335104  4.009
 22    73.559 53000.84219911 10.17 227.832092  67.332044  4.009
 22    75.788 53000.84219975  9.15 227.828562  67.328984  4.009
 23    76.200 53035.84214610  8.57 227.837079  67.343286  2.894
 23    77.073 53035.84214674  7.64 227.833549  67.340226  2.894
 23    74.987 53035.84214739  8.03 227.830019  67.337166  2.894
 23    80.470 53035.84214803  7.92 227.826489  67.334106  2.894
 23    85.332 53035.84214868  7.66 227.822959  67.331036  2.894
 23    88.880 53035.84214932  6.96 227.819429  67.327976  2.894
 24    77.135 53070.84216547  6.26 227.860020  67.347634  2.703
 24    76.615 53070.84216611  6.11 227.856480  67.344574  2.703
 24    78.552 53070.84216676  5.59 227.852950  67.341514  2.703
 24    85.415 53070.84216740  5.56 227.849410  67.338454  2.703
 24    90.422 53070.84216805  5.91 227.845880  67.335394  2.703
 24    90.224 53070.84216869  6.17 227.842350  67.332334  2.703
 24    93.731 53070.84216934  4.56 227.838820  67.329274  2.703
 25    77.458 53105.84214784  5.73 227.830281  67.341915  2.574
 25    75.666 53105.84214848  5.31 227.826751  67.338845  2.574
 25    76.091 53105.84214913  5.11 227.823221  67.335785  2.574
 25    74.919 53105.84214977  4.57 227.819691  67.332725  2.574
 25    80.281 53105.84215042  3.85 227.816161  67.329665  2.574
 25    77.772 53105.84215106  4.05 227.812631  67.326605  2.574
 27    78.502 53175.84220315 13.00 227.863493  67.349067 22.547
 27    77.785 53175.84220379 12.42 227.859953  67.346007 22.547
 27    77.073 53175.84220444 12.72 227.856423  67.342947 22.547
 27    76.136 53175.84220508 13.39 227.852883  67.339887 22.547
 27    75.505 53175.84220573 13.70 227.849353  67.336827 22.547
 27    74.588 53175.84220637 14.49 227.845823  67.333767 22.547
 27    10.979 53175.84220702 21.21 227.842283  67.330707 22.547
 28    75.883 53210.84222290 17.11 227.851934  67.344892 25.294
 28    75.492 53210.84222355 14.36 227.848404  67.341832 25.294
 28    75.042 53210.84222419 13.28 227.844864  67.338772 25.294
 28    74.449 53210.84222483 11.76 227.841334  67.335712 25.294
 28    73.885 53210.84222548 11.98 227.837804  67.332652 25.294
 28    72.986 53210.84222612 11.21 227.834264  67.329592 25.294
 29     6.307 53245.84219215 31.82 227.844101  67.339749 20.389
 29     6.901 53245.84219279 26.40 227.840571  67.336689 20.389
 29     8.027 53245.84219344 34.07 227.837041  67.333629 20.389
 29     4.632 53245.84219408 37.44 227.833511  67.330559 20.389
 30    76.678 53280.84217387 21.57 227.873828  67.349307 12.614
 30    76.167 53280.84217452 21.15 227.870288  67.346247 12.614
 30    75.022 53280.84217516 21.41 227.866758  67.343187 12.614
 30    74.220 53280.84217581 19.36 227.863218  67.340127 12.614
 30    73.615 53280.84217645 18.09 227.859678  67.337067 12.614
 30    72.949 53280.84217710 16.84 227.856148  67.334007 12.614
 31    77.387 53315.84218789 18.08 227.865369  67.348838  5.256
 31    76.438 53315.84218854 17.54 227.861839  67.345778  5.256
 31    75.005 53315.84218918 18.71 227.858299  67.342718  5.256
 31    74.027 53315.84218983 19.51 227.854759  67.339658  5.256
 31    73.559 53315.84219047 16.93 227.851229  67.336598  5.256
 31    72.227 53315.84219112 17.70 227.847699  67.333538  5.256
 31    71.168 53315.84219176 16.11 227.844159  67.330478  5.256
 32    76.030 53350.84215429 15.85 227.855537  67.346562  3.881
 32    75.818 53350.84215493 13.15 227.851997  67.343502  3.881
 32    74.965 53350.84215557 12.82 227.848467  67.340442  3.881
 32    74.405 53350.84215622 12.67 227.844937  67.337382  3.881
 32    73.499 53350.84215686 11.84 227.841397  67.334322  3.881
 32    74.025 53350.84215751 11.24 227.837867  67.331262  3.881
 32    92.558 53350.84215815 11.24 227.834337  67.328202  3.881
 33    85.275 53385.84213582  9.13 227.877119  67.351350  3.483
 33    86.028 53385.84213647  9.37 227.873579  67.348290  3.483
 33    87.293 53385.84213711  8.82 227.870039  67.345230  3.483
 33    75.004 53385.84213776  9.65 227.866509  67.342170  3.483
 33    93.512 53385.84213840  8.35 227.862969  67.339110  3.483
 33    89.493 53385.84213905  8.60 227.859439  67.336050  3.483
 34    77.542 53420.84214037 11.02 227.868120  67.349502  3.586
 34    76.826 53420.84214102 11.51 227.864580  67.346442  3.586
 34    75.815 53420.84214166 11.45 227.861050  67.343382  3.586
 34    75.013 53420.84214231  9.81 227.857520  67.340322  3.586
 34    74.262 53420.84214295  9.13 227.853980  67.337262  3.586
 34    73.401 53420.84214360  8.79 227.850450  67.334202  3.586
 34    92.413 53420.84214424  8.03 227.846920  67.331142  3.586
 35    78.905 53455.84214493  7.07 227.885398  67.352326  3.040
 35    77.893 53455.84214558  7.74 227.881858  67.349266  3.040
 35    76.866 53455.84214622  7.80 227.878318  67.346206  3.040
 35    76.836 53455.84214686  7.07 227.874778  67.343146  3.040
 35    74.782 53455.84214751  7.10 227.871248  67.340086  3.040
 35    73.796 53455.84214815  6.81 227.867708  67.337026  3.040
 37    12.040 53525.84221481 28.64 227.863296  67.347381 24.307
 37    12.023 53525.84221546 24.51 227.859766  67.344321 24.307
 37    12.668 53525.84221610 23.74 227.856226  67.341261 24.307
 37    12.357 53525.84221675 22.10 227.852696  67.338201 24.307
 37    12.878 53525.84221739 21.84 227.849156  67.335141 24.307
 39     9.972 53595.84218216 39.42 227.851605  67.345844 17.405
 39     8.898 53595.84218280 34.41 227.848075  67.342784 17.405
 39     7.957 53595.84218345 26.05 227.844545  67.339724 17.405
 39     9.129 53595.84218409 22.14 227.841005  67.336664 17.405
 39     8.753 53595.84218474 22.26 227.837475  67.333594 17.405
 40    77.356 53630.84217461 17.10 227.875780  67.350085 15.693
 40    76.717 53630.84217525 13.53 227.872240  67.347025 15.693
 40    75.914 53630.84217590 12.39 227.868700  67.343965 15.693
 40    74.691 53630.84217654 13.61 227.865170  67.340905 15.693
 40    73.759 53630.84217719 14.05 227.861630  67.337845 15.693
 40    73.528 53630.84217783 10.08 227.858090  67.334785 15.693
 41     7.950 53665.84219899 44.13 227.856045  67.346770 10.599
 41     8.322 53665.84219964 47.67 227.852515  67.343710 10.599
 41     8.454 53665.84220028 45.67 227.848975  67.340650 10.599
 41     8.810 53665.84220093 44.66 227.845445  67.337590 10.599
 41     8.763 53665.84220157 44.81 227.841915  67.334530 10.599
 41     7.690 53665.84220222 44.86 227.838375  67.331470 10.599
 41     7.248 53665.84220286 32.28 227.834845  67.328410 10.599
 43    75.847 53735.84207391 14.45 227.841211  67.344456  6.623
 43    75.271 53735.84207456 11.61 227.837681  67.341396  6.623
 43    74.493 53735.84207520 10.73 227.834141  67.338336  6.623
 43    73.970 53735.84207585  9.11 227.830611  67.335266  6.623
 43    73.367 53735.84207649  8.15 227.827081  67.332206  6.623
 43    72.829 53735.84207714  6.67 227.823561  67.329146  6.623
 44    77.595 53770.84206331  8.11 227.871490  67.348636  3.365
 44    76.953 53770.84206395  8.51 227.867950  67.345576  3.365
 44    75.787 53770.84206460  7.82 227.864420  67.342516  3.365
 44    75.128 53770.84206524  7.58 227.860880  67.339456  3.365
 44    74.538 53770.84206589  6.76 227.857350  67.336396  3.365
 44    94.377 53770.84206653  7.03 227.853810  67.333336  3.365
 45    76.990 53805.84205662 10.03 227.849043  67.345791  3.254
 45    76.385 53805.84205726  9.45 227.845513  67.342731  3.254
 45    75.509 53805.84205791  9.81 227.841983  67.339671  3.254
 45    75.556 53805.84205855  9.23 227.838453  67.336611  3.254
 45    74.316 53805.84205920  8.88 227.834913  67.333541  3.254
 45    75.051 53805.84205984  7.68 227.831383  67.330481  3.254
 47    20.108 53875.84212395 50.04 227.861417  67.343331 20.608
 47    19.929 53875.84212459 50.28 227.857877  67.340271 20.608
 47    20.626 53875.84212524 47.05 227.854347  67.337211 20.608
 47    20.602 53875.84212588 46.34 227.850817  67.334151 20.608
 47    20.874 53875.84212653 45.91 227.847277  67.331091 20.608
 48    14.400 53910.84217143 36.69 227.857137  67.346825 19.426
 48    13.531 53910.84217207 38.00 227.853607  67.343765 19.426
 48    11.934 53910.84217272 36.25 227.850067  67.340705 19.426
 48    12.670 53910.84217336 28.82 227.846537  67.337645 19.426
 49     9.997 53945.84219218 14.76 227.838147  67.339935 11.630
 49    10.613 53945.84219283 15.87 227.834617  67.336875 11.630
 49    10.563 53945.84219347 17.39 227.831087  67.333815 11.630
 49    10.411 53945.84219412 19.55 227.827557  67.330755 11.630
 50    76.820 53980.84213693 21.80 227.844478  67.346141 14.241
 50     9.140 53980.84213757 24.76 227.840948  67.343081 14.241
 50     8.110 53980.84213822 23.47 227.837418  67.340021 14.241
 50     8.906 53980.84213886 18.33 227.833878  67.336961 14.241
 50     8.898 53980.84213951 21.49 227.830348  67.333901 14.241
 50     9.180 53980.84214015 26.15 227.826818  67.330831 14.241
 51    14.606 54015.84215502 37.26 227.883377  67.352941 27.395
 51    15.466 54015.84215566 40.10 227.879837  67.349881 27.395
 51    15.692 54015.84215631 39.13 227.876297  67.346821 27.395
 51     9.631 54015.84215760 43.35 227.869217  67.340701 27.395
 51     9.027 54015.84215824 43.37 227.865687  67.337641 27.395
 53    76.177 54085.84214998 20.87 227.852534  67.346359  4.569
 53    75.582 54085.84215062 19.55 227.849004  67.343299  4.569
 53    75.199 54085.84215126 17.95 227.845464  67.340239  4.569
 53    74.480 54085.84215191 17.85 227.841934  67.337179  4.569
 53    73.815 54085.84215255 16.55 227.838404  67.334119  4.569
 53    72.950 54085.84215320 16.42 227.834874  67.331059  4.569
 53    70.957 54085.84215384 16.50 227.831344  67.327999  4.569
 54    75.320 54120.84207779 17.79 227.827885  67.340514  4.990
 54    74.546 54120.84207844 16.32 227.824355  67.337454  4.990
 54    73.639 54120.84207908 15.44 227.820825  67.334394  4.990
 54    72.668 54120.84207973 14.72 227.817295  67.331324  4.990
 54    71.431 54120.84208037 14.46 227.813765  67.328264  4.990
 55    76.553 54155.84210836 14.23 227.857475  67.346551  3.275
 55    75.907 54155.84210900 13.37 227.853945  67.343491  3.275
 55    75.253 54155.84210965 13.00 227.850405  67.340431  3.275
 55    74.730 54155.84211029 12.83 227.846875  67.337371  3.275
 55    74.015 54155.84211093 11.98 227.843345  67.334311  3.275
 55    73.572 54155.84211158 11.85 227.839805  67.331251  3.275
 55    76.054 54155.84211222 11.47 227.836275  67.328191  3.275
 56    76.207 54190.84207438 13.77 227.838660  67.343905  4.357
 56    75.662 54190.84207503 12.79 227.835130  67.340845  4.357
 56    75.093 54190.84207567 10.79 227.831600  67.337785  4.357
 56    74.169 54190.84207632 10.38 227.828070  67.334715  4.357
 56    73.413 54190.84207696 10.87 227.824540  67.331655  4.357
 56    74.803 54190.84207760  9.73 227.821010  67.328595  4.357
 57    76.918 54225.84211911 10.66 227.862387  67.347585  3.865
 57    76.018 54225.84211976 10.00 227.858857  67.344525  3.865
 57    75.370 54225.84212040  8.73 227.855317  67.341465  3.865
 57    74.874 54225.84212105  7.97 227.851787  67.338405  3.865
 57    74.106 54225.84212169  7.16 227.848247  67.335345  3.865
 57    73.367 54225.84212234  6.48 227.844717  67.332285  3.865
 57    73.249 54225.84212298  5.03 227.841187  67.329225  3.865
 58    78.087 54260.84213886 15.58 227.862909  67.349017 19.079
 58    77.599 54260.84213950 15.54 227.859379  67.345957 19.079
 58    77.068 54260.84214014 14.82 227.855839  67.342897 19.079
 58    75.437 54260.84214079 14.54 227.852309  67.339837 19.079
 58    75.225 54260.84214143 12.98 227.848769  67.336777 19.079
 58    82.874 54260.84214208 11.34 227.845239  67.333717 19.079
 58    95.078 54260.84214272  9.57 227.841709  67.330657 19.079
 59    13.602 54295.84214332 43.85 227.860362  67.348270 31.748
 59    12.877 54295.84214397 45.19 227.856822  67.345210 31.748
 59    13.512 54295.84214461 46.59 227.853292  67.342150 31.748
 59    13.908 54295.84214526 45.02 227.849752  67.339090 31.748
 59    13.245 54295.84214590 44.30 227.846222  67.336030 31.748
 59    13.158 54295.84214655 42.78 227.842692  67.332970 31.748
 59    12.761 54295.84214719 45.82 227.839152  67.329910 31.748
 60    76.546 54330.84213622 17.90 227.851376  67.345071  9.121
 60    76.613 54330.84213687 16.94 227.847846  67.342011  9.121
 60    75.632 54330.84213751 17.43 227.844306  67.338951  9.121
 60    75.089 54330.84213816 16.72 227.840776  67.335891  9.121
 60    73.738 54330.84213880 16.89 227.837246  67.332821  9.121
 60    71.964 54330.84213944 19.20 227.833716  67.329761  9.121
 61    81.392 54365.84208042 16.47 227.839541  67.344446 21.181
 61    82.058 54365.84208106 13.91 227.836011  67.341386 21.181
 61    82.578 54365.84208171 11.63 227.832481  67.338326 21.181
 61    81.352 54365.84208235 11.41 227.828951  67.335256 21.181
 61    77.257 54365.84208300 12.68 227.825421  67.332196 21.181
 61    72.022 54365.84208364 16.04 227.821891  67.329136 21.181
 62    75.759 54400.84207713 25.67 227.861866  67.349067  9.021
 62    75.624 54400.84207778 25.27 227.858326  67.346007  9.021
 62    75.199 54400.84207842 25.24 227.854796  67.342947  9.021
 62    74.519 54400.84207907 24.16 227.851256  67.339887  9.021
 62    73.709 54400.84207971 22.99 227.847726  67.336827  9.021
 62    72.563 54400.84208036 22.78 227.844196  67.333767  9.021
 62    71.549 54400.84208100 21.76 227.840656  67.330707  9.021
 63    76.289 54435.84203566 13.83 227.844788  67.345289  3.866
 63    75.703 54435.84203630 14.07 227.841258  67.342229  3.866
 63    74.990 54435.84203695 13.42 227.837718  67.339169  3.866
 63    74.203 54435.84203759 13.34 227.834188  67.336109  3.866
 63    73.259 54435.84203823 12.30 227.830658  67.333039  3.866
 63    72.654 54435.84203888 12.35 227.827128  67.329979  3.866
 64    77.723 54470.84206042 11.74 227.874101  67.351292  3.807
 64    77.248 54470.84206107 10.82 227.870561  67.348232  3.807
 64    76.196 54470.84206171 11.80 227.867021  67.345172  3.807
 64    75.292 54470.84206236 11.98 227.863491  67.342112  3.807
 64    87.339 54470.84206300 11.16 227.859951  67.339052  3.807
 64    87.858 54470.84206365 10.34 227.856421  67.335992  3.807
 64    94.232 54470.84206429  9.91 227.852881  67.332932  3.807
 65    76.484 54505.84204921 10.91 227.841989  67.343571  4.237
 65    75.805 54505.84204986 10.67 227.838459  67.340511  4.237
 65    74.915 54505.84205050 11.68 227.834929  67.337451  4.237
 65    74.217 54505.84205115 10.07 227.831389  67.334381  4.237
 65    87.820 54505.84205179 10.23 227.827859  67.331321  4.237
 66    77.283 54540.84207605 11.83 227.861577  67.348966  3.825
 66    76.484 54540.84207669 11.27 227.858037  67.345906  3.825
 66    75.859 54540.84207734 10.65 227.854507  67.342846  3.825
 66    75.259 54540.84207798  9.36 227.850967  67.339786  3.825
 66    74.641 54540.84207863  9.96 227.847437  67.336726  3.825
 66    91.530 54540.84207927  8.09 227.843907  67.333666  3.825
 66    92.677 54540.84207992  7.53 227.840377  67.330606  3.825
 67    76.445 54575.84205023 14.90 227.842332  67.344750  4.599
 67    74.694 54575.84205216  9.95 227.831742  67.335560  4.599
 67    73.702 54575.84205281  9.94 227.828212  67.332500  4.599
 67    74.650 54575.84205345  8.32 227.824682  67.329440  4.599
 69    76.729 54645.84207552 15.83 227.859251  67.348642 24.658
 69    75.931 54645.84207616 16.57 227.855711  67.345582 24.658
 69    75.306 54645.84207681 17.18 227.852181  67.342522 24.658
 69    74.878 54645.84207745 15.36 227.848641  67.339462 24.658
 69    74.190 54645.84207809 15.86 227.845111  67.336402 24.658
 69    73.366 54645.84207874 15.55 227.841581  67.333342 24.658
 69    72.319 54645.84207938 13.58 227.838051  67.330282 24.658
 70    77.617 54680.84207688 14.65 227.856122  67.347666 21.590
 70    76.678 54680.84207752 16.10 227.852592  67.344606 21.590
 70    76.581 54680.84207817 15.68 227.849052  67.341546 21.590
 70    75.721 54680.84207881 14.10 227.845522  67.338486 21.590
 71    77.899 54715.84202766 15.27 227.841390  67.344771 17.850
 71    77.265 54715.84202831 14.51 227.837860  67.341711 17.850
 71    76.320 54715.84202895 13.13 227.834330  67.338641 17.850
 71    74.570 54715.84202960 13.66 227.830800  67.335581 17.850
 71    10.985 54715.84203024 14.81 227.827270  67.332521 17.850
 71    10.222 54715.84203089 18.36 227.823740  67.329461 17.850
 72    76.776 54750.84204762 21.42 227.865368  67.348478 10.068
 72    75.963 54750.84204827 21.55 227.861828  67.345418 10.068
 72    75.162 54750.84204891 20.78 227.858288  67.342358 10.068
 72    74.577 54750.84204955 19.45 227.854758  67.339298 10.068
 72    73.997 54750.84205020 17.48 227.851218  67.336238 10.068
 72    73.267 54750.84205084 16.69 227.847688  67.333178 10.068
 72    72.196 54750.84205149 16.02 227.844158  67.330118 10.068
 73    75.947 54785.84201685 19.66 227.846961  67.344912  5.881
 73    75.055 54785.84201749 19.18 227.843431  67.341852  5.881
 73    74.582 54785.84201814 17.99 227.839901  67.338792  5.881
 73    73.480 54785.84201878 17.36 227.836361  67.335722  5.881
 73    72.478 54785.84201943 16.16 227.832831  67.332662  5.881
 73    71.302 54785.84202007 15.51 227.829302  67.329603  4.212
 74    76.789 54820.84204093 11.77 227.866305  67.347813  3.175
 74    75.941 54820.84204157 11.80 227.862765  67.344753  3.175
 74    74.954 54820.84204222 11.35 227.859225  67.341693  3.175
 74    86.774 54820.84204286 10.71 227.855695  67.338633  3.175
 74    73.500 54820.84204351 11.59 227.852155  67.335573  3.175
 74    86.347 54820.84204415 10.14 227.848625  67.332513  3.175
 75     8.190 54855.84201291 19.47 227.849018  67.345331  5.841
 75     8.310 54855.84201355 17.72 227.845478  67.342271  5.841
 75     8.338 54855.84201420 17.49 227.841948  67.339211  5.841
 75     8.471 54855.84201484 16.68 227.838418  67.336151  5.841
 75     8.667 54855.84201549 16.56 227.834888  67.333081  5.841
 75     8.492 54855.84201613 16.20 227.831358  67.330021  5.841
 76    78.014 54890.84204648  7.25 227.848101  67.341750  3.793
 76    75.302 54890.84204713  6.74 227.844571  67.338690  3.793
 76    29.576 54890.84204777 15.12 227.841041  67.335630  3.793
 76    11.413 54890.84204842 15.28 227.837501  67.332570  3.793
 76     8.218 54890.84204906 15.77 227.833973  67.329504  4.018
 77     7.822 54925.84201213 15.35 227.837346  67.344653  5.092
 77     7.518 54925.84201277 14.70 227.833806  67.341593  5.092
 77     7.655 54925.84201341 14.82 227.830276  67.338523  5.092
 78    78.113 54960.84204285 19.69 227.863935  67.348646 15.496
 78    77.012 54960.84204350 20.45 227.860405  67.345586 15.496
 78    75.194 54960.84204414 20.06 227.856865  67.342526 15.496
 78    75.076 54960.84204478 16.84 227.853335  67.339466 15.496
 78    75.139 54960.84204543 15.71 227.849795  67.336406 15.496
 78    83.177 54960.84204607 13.42 227.846265  67.333346 15.496
 79    78.951 54995.84206479 16.44 227.856222  67.348121 21.873
 79    77.961 54995.84206544 15.63 227.852682  67.345061 21.873
 79    77.431 54995.84206608 16.07 227.849152  67.342001 21.873
 79    18.512 54995.84206673 15.99 227.845612  67.338941 21.873
 79    18.066 54995.84206737 16.88 227.842082  67.335881 21.873
 79    18.525 54995.84206802 17.77 227.838552  67.332821 21.873
 79    17.983 54995.84206866 18.51 227.835022  67.329761 21.873
 81     9.052 55065.84204483 42.50 227.853835  67.347270 19.938
 81     8.993 55065.84204547 47.93 227.850305  67.344210 19.938
 81     9.351 55065.84204612 46.04 227.846765  67.341150 19.938
 81     9.427 55065.84204676 45.48 227.843235  67.338080 19.938
 81     7.614 55065.84204741 44.41 227.839705  67.335030 19.938
 81     8.858 55065.84204805 23.71 227.836175  67.331960 19.938
 81     9.756 55065.84204870 26.11 227.832645  67.328900 19.938
 84    76.243 55170.84195370 21.82 227.847018  67.346389  5.013
 84    75.743 55170.84195434 21.25 227.843488  67.343329  5.013
 84    75.251 55170.84195499 19.06 227.839948  67.340269  5.013
 84    74.347 55170.84195563 19.08 227.836418  67.337209  5.013
 84    73.468 55170.84195628 18.68 227.832888  67.334139  5.013
 84    72.687 55170.84195692 17.49 227.829358  67.331079  5.013
 85    76.849 55205.84198342 20.43 227.864679  67.348033  4.414
 85    76.020 55205.84198406 19.52 227.861139  67.344973  4.414
 85    75.254 55205.84198471 18.34 227.857599  67.341913  4.414
 85    74.437 55205.84198535 17.81 227.854069  67.338853  4.414
 85    73.808 55205.84198600 18.29 227.850529  67.335793  4.414
 85    72.672 55205.84198664 17.23 227.846999  67.332733  4.414
 86    76.092 55240.84196025 17.96 227.841049  67.344345  4.759
 86    75.588 55240.84196089 17.22 227.837509  67.341285  4.759
 86    75.000 55240.84196154 16.76 227.833979  67.338225  4.759
 86    74.054 55240.84196218 16.31 227.830449  67.335155  4.759
 86    73.128 55240.84196283 15.30 227.826919  67.332095  4.759
 86    72.103 55240.84196347 14.72 227.823395  67.329034  3.780
 87    76.680 55275.84197783 15.57 227.853556  67.347358  4.168
 87    76.219 55275.84197848 15.63 227.850026  67.344298  4.168
 87    75.676 55275.84197912 14.55 227.846486  67.341238  4.168
 87    74.847 55275.84197977 14.08 227.842956  67.338178  4.168
 87    74.280 55275.84198041 13.31 227.839426  67.335108  4.168
 87    73.464 55275.84198106 13.43 227.835896  67.332048  4.168
 87    72.924 55275.84198170 11.76 227.832365  67.328989  5.035
 88    76.273 55310.84194417 26.25 227.842229  67.344445 15.224
 88    76.408 55310.84194481 22.57 227.838699  67.341375 15.224
 88    75.462 55310.84194546 20.58 227.835169  67.338315 15.224
 88    74.702 55310.84194610 19.42 227.831639  67.335255 15.224
 88    81.132 55310.84194675 16.22 227.828109  67.332195 15.224
 88    72.871 55310.84194739 18.33 227.824579  67.329135 15.224
 89    81.823 55345.84194927 11.54 227.843966  67.335221 14.349
 89    91.715 55345.84195056  8.89 227.836906  67.329091 14.349
 90    15.784 55380.84194002 24.07 227.851163  67.346511 24.080
 90    14.069 55380.84194066 21.24 227.847623  67.343451 24.080
 90    74.263 55380.84194131 15.41 227.844093  67.340391 24.080
 90    78.843 55380.84194195 12.88 227.840563  67.337331 24.080
 90    75.075 55380.84194260 12.75 227.837023  67.334261 24.080
 90    73.356 55380.84194324 12.62 227.833493  67.331201 24.080
 90    16.112 55380.84194389 14.24 227.829963  67.328142 13.872
 91    77.594 55415.84196537 18.44 227.869242  67.349995 22.335
 91    76.975 55415.84196601 14.66 227.865712  67.346935 22.335
 91    76.051 55415.84196666 15.19 227.862172  67.343875 22.335
 91    74.894 55415.84196730 15.91 227.858632  67.340815 22.335
 91    74.136 55415.84196795 14.50 227.855102  67.337755 22.335
 91    73.670 55415.84196859 11.66 227.851572  67.334695 22.335
 91    73.101 55415.84196924 11.31 227.848032  67.331635 22.335
 92    14.069 55450.84195170 37.20 227.848041  67.344540 29.077
 92    14.835 55450.84195235 34.58 227.844511  67.341480 29.077
 92    15.593 55450.84195299 35.48 227.840971  67.338420 29.077
 92    17.211 55450.84195364 36.31 227.837441  67.335350 29.077
 92    10.331 55450.84195428 43.87 227.833911  67.332290 29.077
 92    10.707 55450.84195493 44.94 227.830381  67.329230 29.077
 93    76.094 55485.84187665 21.25 227.836293  67.343203 15.700
 93    75.645 55485.84187730 20.04 227.832763  67.340133 15.700
 93    74.698 55485.84187794 19.14 227.829233  67.337073 15.700
 93    73.607 55485.84187858 17.41 227.825703  67.334013 15.700
 93    72.590 55485.84187923 16.42 227.822173  67.330953 15.700
 93    71.010 55485.84187987 16.09 227.818651  67.327899  8.837
