# NaN NaN NaN ;Mean Elev.(m), Avg Gradient(m/km), RMS Gradient(m/km) - SRTM1     
#   17.591  -2.883  51.013 ;Mean Elev.(m), Avg Gradient(m/km), RMS Gradient(m/km) - ASTER GDEM
#   49.399  -2.410  53.306 ;Mean Elev.(m), Avg Gradient(m/km), RMS Gradient(m/km) - GMTED2010 
  8    34.505 52498.82648944 14.37 231.740035  65.618875  4.771
  8    34.084 52498.82649009 15.41 231.736925  65.615785  4.771
  8    34.785 52498.82649073 12.68 231.733815  65.612685  4.771
  8    34.446 52498.82649138 12.19 231.730715  65.609585  4.771
 10    81.339 52568.82650413 12.95 231.754146  65.619915 10.376
 10    88.778 52568.82650478 10.18 231.751036  65.616825 10.376
 10    93.677 52568.82650542  9.33 231.747936  65.613725 10.376
 10    95.624 52568.82650607  6.88 231.744826  65.610635 10.376
 10    96.025 52568.82650671  7.00 231.741716  65.607535 10.376
 11    93.724 52603.82649393 13.63 231.733701  65.617377  6.861
 11    98.509 52603.82649458 12.81 231.730591  65.614277  6.861
 11    98.762 52603.82649522 10.13 231.727481  65.611187  6.861
 11    98.101 52603.82649587 10.18 231.724381  65.608087  6.861
 12    81.440 52638.82647087 11.29 231.754422  65.618368  4.223
 12    84.433 52638.82647151 10.78 231.751312  65.615278  4.223
 12    84.396 52638.82647216 10.64 231.748212  65.612178  4.223
 12   107.375 52638.82647280  8.30 231.745102  65.609088  4.223
 13    92.226 52673.82646897  8.89 231.739374  65.618445  3.597
 13    97.404 52673.82646961  7.13 231.736264  65.615345  3.597
 13    97.863 52673.82647026  6.80 231.733154  65.612255  3.597
 13   103.950 52673.82647090  5.67 231.730054  65.609155  3.597
 14    94.057 52708.82648109  6.67 231.749981  65.614962  3.223
 14   107.750 52708.82648174  4.93 231.746871  65.611872  3.223
 14   106.142 52708.82648238  3.83 231.743771  65.608772  3.223
 15    97.722 52743.82651090  4.88 231.733211  65.616985  2.930
 15    98.737 52743.82651154  4.49 231.730101  65.613895  2.930
 15    99.368 52743.82651219  3.68 231.726991  65.610795  2.930
 15    99.441 52743.82651283  3.66 231.723891  65.607705  2.930
 18    88.700 52848.82658284  3.12 231.756542  65.619077  8.656
 18    96.407 52848.82658348  2.77 231.753432  65.615977  8.656
 18    96.848 52848.82658413  3.05 231.750322  65.612887  8.656
 18   106.448 52848.82658477  2.38 231.747222  65.609787  8.656
 18    89.243 52848.82658542  7.34 231.744112  65.606697  8.656
 20   155.692 52918.82657582 10.61 231.737988  65.618506  5.499
 20   153.853 52918.82657646  9.79 231.734878  65.615416  5.499
 20   151.596 52918.82657711 10.36 231.731778  65.612316  5.499
 20    96.943 52918.82657775 10.38 231.728668  65.609226  5.499
 20    97.290 52918.82657839 11.44 231.725568  65.606126  5.499
 21    80.893 52953.82653776 14.62 231.765122  65.619218  8.013
 21    78.994 52953.82653840 18.15 231.762012  65.616118  8.013
 21    78.413 52953.82653905 13.35 231.758902  65.613028  8.013
 21    52.132 52953.82653969 21.03 231.755802  65.609928  8.013
 21    52.888 52953.82654034 17.88 231.752692  65.606838  8.013
 22   112.907 52988.82654664  4.66 231.752977  65.614245  3.279
 22   107.422 52988.82654728  4.96 231.749867  65.611155  3.279
 22   107.729 52988.82654793  3.71 231.746767  65.608055  3.279
 23    95.149 53023.82653268  6.39 231.746847  65.620307  3.714
 23    95.597 53023.82653332  6.52 231.743747  65.617207  3.714
 23    96.394 53023.82653397  6.35 231.740637  65.614107  3.714
 23    96.529 53023.82653461  5.22 231.737527  65.611017  3.714
 23    98.051 53023.82653526  4.73 231.734427  65.607917  3.714
 24    92.308 53058.82652879  6.56 231.756897  65.617081  3.323
 24    93.206 53058.82652943  6.29 231.753787  65.613981  3.323
 24    93.236 53058.82653008  5.75 231.750677  65.610891  3.323
 24    96.307 53058.82653072  4.33 231.747577  65.607791  3.323
 25   100.439 53093.82656752  6.42 231.725985  65.617319  2.830
 25    99.687 53093.82656817  5.64 231.722875  65.614229  2.830
 25   100.289 53093.82656881  5.04 231.719775  65.611129  2.830
 25    99.666 53093.82656946  5.22 231.716665  65.608039  2.830
 28    32.832 53198.82660752 30.76 231.740403  65.611155 13.667
 28    32.388 53198.82660816 24.04 231.737293  65.608065 13.667
 30   154.220 53268.82654583  6.28 231.724801  65.616531  5.634
 30   153.882 53268.82654647  5.91 231.721691  65.613441  5.634
 30   151.204 53268.82654712  6.60 231.718591  65.610341  5.634
 30    95.465 53268.82654776  6.84 231.715481  65.607251  5.634
 31    79.862 53303.82660427 13.31 231.747282  65.619200  8.313
 31    77.619 53303.82660491 18.22 231.744172  65.616100  8.313
 31    52.271 53303.82660556 18.85 231.741062  65.613010  8.313
 31    52.568 53303.82660620 22.16 231.737962  65.609910  8.313
 31    70.632 53303.82660685 16.62 231.734852  65.606820  8.313
 32    97.214 53338.82657401 10.95 231.738957  65.617322  3.972
 32    96.719 53338.82657465 10.26 231.735847  65.614232  3.972
 32    97.504 53338.82657530  8.64 231.732747  65.611132  3.972
 32    98.079 53338.82657594  7.03 231.729637  65.608042  3.972
 33    99.136 53373.82650691  6.02 231.731376  65.617053  3.439
 33   100.374 53373.82650756  4.62 231.728266  65.613963  3.439
 33    99.550 53373.82650820  3.94 231.725166  65.610863  3.439
 33    99.883 53373.82650885  4.11 231.722056  65.607773  3.439
 34   105.763 53408.82654688  4.11 231.753481  65.618745  2.576
 34   111.117 53408.82654753  3.79 231.750371  65.615645  2.576
 34   108.978 53408.82654817  3.55 231.747261  65.612555  2.576
 34   108.777 53408.82654882  3.15 231.744161  65.609455  2.576
 35   100.903 53443.82653216  5.74 231.726860  65.615804  2.718
 35   100.635 53443.82653280  5.41 231.723760  65.612704  2.718
 35   100.561 53443.82653345  5.35 231.720650  65.609614  2.718
 35   100.347 53443.82653409  5.80 231.717550  65.606514  2.718
 36   110.612 53478.82660737  5.29 231.747212  65.618961  2.774
 36    98.645 53478.82660802  5.61 231.744102  65.615871  2.774
 36    99.026 53478.82660866  4.91 231.741002  65.612771  2.774
 36   106.716 53478.82660931  3.62 231.737892  65.609681  2.774
 36   102.668 53478.82660995  3.37 231.734782  65.606581  2.774
 37    98.028 53513.82661591  8.32 231.746652  65.619715  4.745
 37    98.567 53513.82661655  8.33 231.743542  65.616615  4.745
 37    99.155 53513.82661720  8.66 231.740432  65.613515  4.745
 37    99.918 53513.82661784  9.14 231.737322  65.610425  4.745
 37   100.493 53513.82661849  9.94 231.734222  65.607325  4.745
 40    32.997 53618.82655725 15.92 231.722300  65.615039  3.314
 40    33.705 53618.82655790 14.91 231.719200  65.611939  3.314
 41   155.774 53653.82657945  8.10 231.750799  65.618037  9.684
 41   155.186 53653.82658010  5.85 231.747689  65.614947  9.684
 41   153.490 53653.82658074  5.15 231.744589  65.611847  9.684
 41    96.911 53653.82658139  5.88 231.741479  65.608757  9.684
 42    98.978 53688.82657828 10.41 231.735984  65.614087  5.899
 42   103.890 53688.82657893  8.26 231.732884  65.610987  5.899
 42   102.514 53688.82657957  7.83 231.729774  65.607897  5.899
 43    94.693 53723.82650246  8.83 231.731802  65.617825  3.213
 43    99.060 53723.82650311  8.32 231.728692  65.614735  3.213
 43    99.098 53723.82650375  8.04 231.725592  65.611635  3.213
 43    99.405 53723.82650439  8.01 231.722482  65.608545  3.213
 44    85.041 53758.82644071  7.81 231.765575  65.619525  3.478
 44    85.183 53758.82644135  8.37 231.762465  65.616425  3.478
 44    91.153 53758.82644200  8.02 231.759355  65.613335  3.478
 44    81.696 53758.82644264  8.92 231.756255  65.610235  3.478
 44   102.099 53758.82644329  6.69 231.753145  65.607145  3.478
 45    90.934 53793.82646242  7.56 231.742913  65.617685  3.566
 45    96.148 53793.82646307  7.33 231.739803  65.614595  3.566
 45    97.936 53793.82646371  6.22 231.736703  65.611495  3.566
 45    98.183 53793.82646435  5.81 231.733593  65.608405  3.566
 46    85.113 53828.82643444  6.01 231.763244  65.617212  3.020
 46    93.005 53828.82643509  5.93 231.760124  65.614122  3.020
 46   101.111 53828.82643573  5.28 231.757024  65.611022  3.020
 46    98.834 53828.82643638  4.80 231.753914  65.607932  3.020
 47    99.338 53863.82651783  7.88 231.743247  65.611665  7.743
 47    98.869 53863.82651847  9.90 231.740137  65.608575  7.743
 48   112.724 53898.82654156  6.81 231.744890  65.614718 15.999
 48    56.920 53898.82654220 26.57 231.741790  65.611618 15.999
 48    39.669 53898.82654285 32.31 231.738680  65.608528 15.999
 49   155.142 53933.82658683  4.96 231.731817  65.615551  5.959
 49   159.576 53933.82658748  4.41 231.728707  65.612451  5.959
 49    99.334 53933.82658812  4.47 231.725597  65.609361  5.959
 49    90.859 53933.82658877  7.75 231.722497  65.606261  5.959
 51   155.107 54003.82652795  5.89 231.765569  65.619058  6.331
 51   154.176 54003.82652860  5.41 231.762459  65.615958  6.331
 51   152.833 54003.82652924  5.08 231.759349  65.612868  6.331
 51   102.411 54003.82652989  5.91 231.756239  65.609768  6.331
 51   150.905 54003.82653053  4.90 231.753129  65.606678  6.331
 52    79.317 54038.82656234 22.50 231.755557  65.619404  8.241
 52    77.994 54038.82656298 21.08 231.752447  65.616304  8.241
 52    75.412 54038.82656363 22.60 231.749337  65.613214  8.241
 52    52.418 54038.82656427 23.24 231.746227  65.610114  8.241
 52    52.441 54038.82656492 20.81 231.743117  65.607024  8.241
 53   106.165 54073.82655720 10.05 231.745012  65.619594  4.608
 53   109.782 54073.82655784  8.60 231.741912  65.616504  4.608
 53    96.812 54073.82655849  8.59 231.738802  65.613404  4.608
 53    96.843 54073.82655913  7.60 231.735692  65.610314  4.608
 53    98.193 54073.82655977  7.75 231.732592  65.607214  4.608
 54    99.662 54108.82650468  8.09 231.724911  65.616490  4.239
 54    99.619 54108.82650532  7.90 231.721811  65.613390  4.239
 54    99.937 54108.82650596  7.07 231.718701  65.610300  4.239
 54    99.299 54108.82650661  6.63 231.715601  65.607200  4.239
 55    93.534 54143.82649407  7.14 231.752275  65.617780  3.512
 55    94.661 54143.82649471  7.24 231.749165  65.614690  3.512
 55    95.713 54143.82649535  6.62 231.746055  65.611590  3.512
 55    97.116 54143.82649600  5.03 231.742945  65.608500  3.512
 56    99.029 54178.82648860  6.31 231.731323  65.616549  3.311
 56    98.068 54178.82648925  5.74 231.728223  65.613449  3.311
 56    99.180 54178.82648989  3.87 231.725113  65.610359  3.311
 56    98.367 54178.82649054  4.90 231.722013  65.607259  3.311
 58    33.480 54248.82652962 17.75 231.748339  65.618759  8.248
 58    33.679 54248.82653026 19.10 231.745229  65.615669  8.248
 58    34.027 54248.82653091 20.25 231.742129  65.612569  8.248
 58    34.211 54248.82653155 36.52 231.739019  65.609479  8.248
 59    82.801 54283.82653819  6.03 231.744681  65.617995  9.509
 59    87.947 54283.82653883  4.00 231.741571  65.614905  9.509
 59   153.445 54283.82653948  5.16 231.738471  65.611805  9.509
 59   150.993 54283.82654012  7.00 231.735361  65.608715  9.509
 60   155.241 54318.82653534 12.48 231.747035  65.620577  9.241
 60   154.910 54318.82653599  7.90 231.743925  65.617477  9.241
 60   153.461 54318.82653663  6.82 231.740815  65.614387  9.241
 60    81.193 54318.82653728  7.30 231.737715  65.611287  9.241
 60   150.951 54318.82653792  6.51 231.734605  65.608197  9.241
 62    79.025 54388.82647579 12.88 231.748233  65.618504  9.821
 62    78.061 54388.82647643 10.45 231.745133  65.615404  9.821
 62    96.179 54388.82647708  7.85 231.742023  65.612314  9.821
 62    53.181 54388.82647772 15.63 231.738913  65.609214  9.821
 63   111.288 54423.82644986  6.76 231.739241  65.618725  4.832
 63   108.673 54423.82645050  7.39 231.736141  65.615625  4.832
 63   107.792 54423.82645115  6.08 231.733031  65.612535  4.832
 63   106.728 54423.82645179  5.22 231.729921  65.609435  4.832
 63   103.278 54423.82645244  5.46 231.726821  65.606345  4.832
 65   111.171 54493.82645402  3.91 231.740042  65.618424  3.474
 65   109.153 54493.82645466  2.45 231.736932  65.615334  3.474
 65   106.778 54493.82645531  3.03 231.733832  65.612234  3.474
 65   104.182 54493.82645595  5.31 231.730722  65.609144  3.474
 66   114.753 54528.82646353  1.53 231.752852  65.617789  2.580
 66   112.929 54528.82646418  2.07 231.749742  65.614699  2.580
 66   110.540 54528.82646482  2.69 231.746632  65.611599  2.580
 66   107.612 54528.82646547  2.29 231.743522  65.608509  2.580
 67   109.005 54563.82646138  2.52 231.733323  65.617939  2.947
 67   106.828 54563.82646203  2.89 231.730213  65.614849  2.947
 67   103.367 54563.82646267  3.11 231.727103  65.611749  2.947
 67   100.622 54563.82646332  3.44 231.724003  65.608649  2.947
 68    98.216 54598.82645891 14.12 231.747190  65.618901  7.652
 68    99.141 54598.82645955 15.21 231.744090  65.615801  7.652
 68    99.439 54598.82646020 16.78 231.740980  65.612711  7.652
 68   100.349 54598.82646084 17.14 231.737870  65.609611  7.652
 68   100.690 54598.82646148 19.11 231.734770  65.606521  7.652
 69    37.469 54633.82647170 14.45 231.746248  65.619948  7.620
 69    38.262 54633.82647235 15.48 231.743148  65.616848  7.620
 69    42.107 54633.82647299 15.07 231.740038  65.613758  7.620
 69    36.456 54633.82647364 16.38 231.736928  65.610658  7.620
 69    47.428 54633.82647428 15.41 231.733818  65.607568  7.620
 70   152.730 54668.82647850  6.88 231.735366  65.611529  4.708
 70    93.950 54668.82647915  6.36 231.732256  65.608439  4.708
 71   155.797 54703.82644154  9.24 231.737998  65.618722 15.734
 71   155.098 54703.82644218  5.82 231.734898  65.615622 15.734
 71    92.546 54703.82644282  6.67 231.731788  65.612532 15.734
 71    97.239 54703.82644347  6.02 231.728678  65.609432 15.734
 71   100.368 54703.82644411  5.22 231.725578  65.606332 15.734
 72   156.330 54738.82643848  8.64 231.754788  65.619797  4.069
 72   155.517 54738.82643913  9.10 231.751688  65.616697  4.069
 72   154.973 54738.82643977  6.62 231.748578  65.613607  4.069
 72   152.868 54738.82644042  7.52 231.745468  65.610507  4.069
 72   152.133 54738.82644106  6.91 231.742358  65.607417  4.069
 73    96.769 54773.82642272 10.95 231.741177  65.619074  5.404
 73    92.533 54773.82642337 11.18 231.738067  65.615984  5.404
 73    97.530 54773.82642401  9.27 231.734957  65.612884  5.404
 73    86.103 54773.82642466 11.94 231.731857  65.609794  5.404
 73    96.622 54773.82642530  9.26 231.728747  65.606694  5.404
 74    91.229 54808.82643312  9.33 231.751304  65.614315  3.970
 74    94.353 54808.82643376  8.79 231.748194  65.611215  3.970
 74   104.877 54808.82643441  6.75 231.745084  65.608125  3.970
 75    96.767 54843.82642075  7.78 231.739787  65.617403  3.559
 75    97.810 54843.82642139  8.29 231.736677  65.614313  3.559
 75    98.506 54843.82642204  5.92 231.733567  65.611213  3.559
 75    98.370 54843.82642268  5.36 231.730467  65.608123  3.559
 76    95.352 54878.82643539  4.51 231.748902  65.619387  2.224
 76    97.800 54878.82643604  4.51 231.745792  65.616297  2.224
 76    99.450 54878.82643668  4.06 231.742682  65.613197  2.224
 76   100.715 54878.82643733  3.27 231.739572  65.610107  2.224
 76   100.856 54878.82643797  3.35 231.736462  65.607007  2.224
 77    99.141 54913.82642561  3.61 231.730037  65.615585  2.633
 77   101.645 54913.82642625  2.65 231.726927  65.612485  2.633
 77    99.787 54913.82642690  2.37 231.723827  65.609395  2.633
 77    99.918 54913.82642754  3.26 231.720717  65.606295  2.633
 79   155.338 54983.82645332 11.62 231.743582  65.617064  3.892
 79   153.589 54983.82645396 11.63 231.740472  65.613974  3.892
 79    85.825 54983.82645461 12.02 231.737362  65.610874  3.892
 79    89.040 54983.82645525 12.01 231.734252  65.607784  3.892
 80   155.839 55018.82644961 12.00 231.747374  65.620363  4.565
 80   154.698 55018.82645025  9.98 231.744274  65.617263  4.565
 80    96.644 55018.82645090 10.26 231.741164  65.614173  4.565
 80    94.283 55018.82645154 11.30 231.738054  65.611073  4.565
 80    93.200 55018.82645218 13.06 231.734944  65.607983  4.565
 81    83.297 55053.82644568  6.98 231.744246  65.619411  8.339
 81    84.509 55053.82644632  6.49 231.741146  65.616311  8.339
 81    91.143 55053.82644697  5.98 231.738036  65.613221  8.339
 81    97.959 55053.82644761  4.96 231.734926  65.610121  8.339
 81    97.588 55053.82644825  5.69 231.731826  65.607021  8.339
 82   155.511 55088.82640779  5.88 231.731812  65.616764  5.910
 82   154.672 55088.82640844  5.60 231.728702  65.613674  5.910
 82   150.974 55088.82640908  5.71 231.725592  65.610574  5.910
 82    94.276 55088.82640973  7.79 231.722492  65.607474  5.910
 83    52.690 55123.82638250 21.65 231.751628  65.618481 12.654
 83    51.785 55123.82638314 23.12 231.748518  65.615391 12.654
 83    52.867 55123.82638379 21.73 231.745408  65.612291 12.654
 83    53.260 55123.82638443 23.45 231.742298  65.609201 12.654
 84    81.208 55158.82636863 13.10 231.736225  65.617048  5.293
 84    98.484 55158.82636927 10.86 231.733115  65.613958  5.293
 84    98.422 55158.82636991  9.37 231.730005  65.610858  5.293
 84    98.286 55158.82637056  9.93 231.726905  65.607768  5.293
 85    87.421 55193.82637213  9.06 231.755784  65.618891  3.570
 85    91.152 55193.82637278  8.61 231.752684  65.615791  3.570
 85    83.682 55193.82637342  9.70 231.749574  65.612701  3.570
 85    91.516 55193.82637407  6.93 231.746464  65.609601  3.570
 85    94.191 55193.82637471  7.03 231.743354  65.606511  3.570
 86    96.810 55228.82637081  8.14 231.733175  65.616249  3.317
 86    97.928 55228.82637145  6.85 231.730065  65.613149  3.317
 86    98.557 55228.82637210  5.69 231.726965  65.610059  3.317
 86    97.516 55228.82637274  5.83 231.723855  65.606959  3.317
 87    93.060 55263.82636776  6.79 231.748602  65.618985  3.400
 87    95.151 55263.82636840  6.98 231.745492  65.615895  3.400
 87    93.369 55263.82636905  6.99 231.742382  65.612795  3.400
 87    94.890 55263.82636969  4.96 231.739272  65.609705  3.400
 87    94.653 55263.82637034  5.15 231.736172  65.606605  3.400
 88    94.296 55298.82635382  4.58 231.733737  65.616383  3.198
 88    98.712 55298.82635447  3.60 231.730627  65.613293  3.198
 88    98.544 55298.82635511  4.32 231.727517  65.610193  3.198
 88    98.856 55298.82635576  3.60 231.724417  65.607093  3.198
 89   105.932 55333.82634569 10.07 231.742508  65.619273  7.240
 89   106.277 55333.82634633 10.36 231.739408  65.616173  7.240
 89   106.135 55333.82634698 10.63 231.736298  65.613083  7.240
 89    99.833 55333.82634762 12.33 231.733188  65.609983  7.240
 89   100.692 55333.82634827 13.08 231.730088  65.606893  7.240
 90   170.381 55368.82633751  8.51 231.742390  65.617817  4.279
 90   163.140 55368.82633816  5.69 231.739280  65.614727  4.279
 90   153.924 55368.82633880  4.84 231.736170  65.611627  4.279
 90   151.760 55368.82633945  5.61 231.733070  65.608537  4.279
 91   153.188 55403.82635393  9.75 231.750412  65.615467  3.797
 91    79.192 55403.82635458  9.74 231.747302  65.612377  3.797
 91    84.360 55403.82635522  9.49 231.744192  65.609277  3.797
 93   154.616 55473.82630360  7.41 231.730969  65.615549 13.325
 93   153.358 55473.82630424  7.48 231.727859  65.612459 13.325
 93   151.944 55473.82630489  6.86 231.724759  65.609359 13.325
 93    94.333 55473.82630553  7.38 231.721649  65.606259 13.325
