# NaN NaN NaN ;Mean Elev.(m), Avg Gradient(m/km), RMS Gradient(m/km) - SRTM1     
#   46.282  -0.407  15.643 ;Mean Elev.(m), Avg Gradient(m/km), RMS Gradient(m/km) - ASTER GDEM
#   72.709  -0.752  15.141 ;Mean Elev.(m), Avg Gradient(m/km), RMS Gradient(m/km) - GMTED2010 
  7   175.053 52446.21248825  7.85 235.580322  64.122550  2.716
  7   176.153 52446.21248889  6.59 235.577522  64.125670  2.716
  7   177.091 52446.21248953  6.59 235.574712  64.128790  2.716
  7   177.482 52446.21249018  5.91 235.571902  64.131910  2.716
  7   177.987 52446.21249082  6.19 235.569092  64.135030  2.716
  7   178.130 52446.21249147  5.93 235.566292  64.138150  2.716
  7   178.213 52446.21249211  6.23 235.563482  64.141270  2.716
  7   177.856 52446.21249276  6.91 235.560672  64.144390  2.716
  7   177.486 52446.21249340  6.69 235.557862  64.147510  2.716
  7   176.220 52446.21249405  6.91 235.555052  64.150630  2.716
  8    72.501 52481.21248027 47.10 235.586169  64.128382 36.538
  8    72.552 52481.21248091 49.59 235.583369  64.131502 36.538
  8    72.506 52481.21248156 50.23 235.580559  64.134622 36.538
  8    72.441 52481.21248220 49.45 235.577749  64.137742 36.538
  8    72.226 52481.21248285 48.41 235.574949  64.140862 36.538
  8    72.197 52481.21248349 49.91 235.572139  64.143982 36.538
  8    72.290 52481.21248414 53.16 235.569329  64.147102 36.538
  8    72.196 52481.21248478 47.12 235.566519  64.150222 36.538
  8    72.195 52481.21248542 45.23 235.563709  64.153342 36.538
  8    71.856 52481.21248607 44.70 235.560899  64.156462 36.538
  9    71.117 52516.21243350 31.56 235.594268  64.137937 11.836
  9    71.030 52516.21243414 33.87 235.591458  64.141057 11.836
  9    70.956 52516.21243479 35.82 235.588658  64.144177 11.836
  9    71.126 52516.21243543 37.28 235.585848  64.147297 11.836
  9    71.190 52516.21243607 39.02 235.583038  64.150417 11.836
  9    70.874 52516.21243672 34.68 235.580228  64.153537 11.836
 11    70.440 52586.21245349 45.08 235.591566  64.135704 21.031
 11    70.516 52586.21245414 46.36 235.588756  64.138824 21.031
 11    70.367 52586.21245478 49.26 235.585946  64.141944 21.031
 11    70.377 52586.21245543 44.94 235.583146  64.145064 21.031
 11    70.004 52586.21245607 42.56 235.580336  64.148184 21.031
 11    69.889 52586.21245672 41.83 235.577526  64.151304 21.031
 12    73.048 52621.21243200 21.20 235.588629  64.137539 13.028
 12    73.052 52621.21243265 21.88 235.585819  64.140659 13.028
 12    73.109 52621.21243329 21.58 235.583009  64.143779 13.028
 12    73.189 52621.21243394 22.24 235.580199  64.146899 13.028
 12    73.241 52621.21243458 21.92 235.577399  64.150019 13.028
 12    73.245 52621.21243523 21.13 235.574589  64.153139 13.028
 15   167.054 52726.21246517  0.98 235.567124  64.151511  5.147
 15   167.318 52726.21246582  0.79 235.564314  64.154631  5.147
 15   161.839 52726.21246646  1.47 235.561504  64.157751  5.147
 16   172.478 52761.21247751 13.03 235.585121  64.132009  2.692
 16   174.837 52761.21247815 11.57 235.582321  64.135129  2.692
 16   175.335 52761.21247880 10.04 235.579511  64.138249  2.692
 16   176.769 52761.21247944  8.86 235.576701  64.141369  2.692
 16   184.902 52761.21248009  8.55 235.573901  64.144489  2.692
 16   176.657 52761.21248073  8.94 235.571091  64.147609  2.692
 16   176.615 52761.21248137  8.65 235.568281  64.150729  2.692
 16   176.080 52761.21248202  8.88 235.565471  64.153849  2.692
 16   179.232 52761.21248266  8.90 235.562661  64.156969  2.692
 17    73.422 52796.21243528 46.26 235.584286  64.126232 25.117
 17    73.416 52796.21243592 49.92 235.581476  64.129352 25.117
 17    73.444 52796.21243656 49.55 235.578666  64.132472 25.117
 17    73.416 52796.21243721 48.43 235.575856  64.135592 25.117
 17    73.286 52796.21243785 45.91 235.573046  64.138712 25.117
 17    73.221 52796.21243850 44.16 235.570236  64.141832 25.117
 17    73.237 52796.21243914 44.77 235.567426  64.144952 25.117
 17    73.174 52796.21243979 43.89 235.564616  64.148072 25.117
 17    73.143 52796.21244043 46.93 235.561806  64.151192 25.117
 17    73.054 52796.21244108 47.69 235.558996  64.154312 25.117
 18   156.890 52831.21250225 15.20 235.584727  64.126454  7.707
 18   157.817 52831.21250290 16.33 235.581917  64.129574  7.707
 18   158.583 52831.21250354 16.38 235.579107  64.132694  7.707
 18   158.811 52831.21250419 17.37 235.576297  64.135814  7.707
 18   160.834 52831.21250483 15.66 235.573487  64.138934  7.707
 18   160.706 52831.21250548 16.28 235.570677  64.142054  7.707
 18   160.026 52831.21250612 17.43 235.567867  64.145174  7.707
 18   161.055 52831.21250677 16.25 235.565057  64.148294  7.707
 18   160.703 52831.21250741 16.51 235.562247  64.151414  7.707
 18   160.832 52831.21250805 15.61 235.559427  64.154524  7.707
 19    71.581 52866.21254729 47.26 235.587064  64.134761 25.213
 19    71.369 52866.21254794 50.79 235.584264  64.137881 25.213
 19    71.372 52866.21254858 49.38 235.581454  64.141001 25.213
 19    71.163 52866.21254923 50.31 235.578644  64.144121 25.213
 19    71.029 52866.21254987 43.72 235.575834  64.147241 25.213
 19    71.115 52866.21255052 42.17 235.573024  64.150361 25.213
 19    71.023 52866.21255116 43.40 235.570204  64.153481 25.213
 20    71.105 52901.21257495 48.44 235.587045  64.133511 22.829
 20    71.101 52901.21257559 48.89 235.584235  64.136631 22.829
 20    71.047 52901.21257624 48.95 235.581425  64.139751 22.829
 20    70.823 52901.21257688 44.69 235.578615  64.142871 22.829
 20    70.781 52901.21257753 46.90 235.575815  64.145991 22.829
 20    70.569 52901.21257817 42.26 235.573005  64.149111 22.829
 20    70.612 52901.21257882 40.08 235.570195  64.152231 22.829
 20    70.437 52901.21257946 37.87 235.567385  64.155351 22.829
 21    70.613 52936.21251632 44.07 235.592636  64.136367 20.549
 21    70.752 52936.21251697 47.91 235.589826  64.139487 20.549
 21    70.537 52936.21251761 50.81 235.587016  64.142607 20.549
 21    70.486 52936.21251826 46.35 235.584216  64.145727 20.549
 21    70.359 52936.21251890 44.15 235.581406  64.148847 20.549
 21    70.110 52936.21251955 38.12 235.578596  64.151967 20.549
 22   166.096 52971.21253900  4.09 235.582309  64.126849  4.141
 22   166.496 52971.21253964  3.60 235.579499  64.129969  4.141
 22   166.559 52971.21254028  3.99 235.576699  64.133089  4.141
 22   166.667 52971.21254093  4.30 235.573889  64.136209  4.141
 22   166.729 52971.21254157  4.25 235.571079  64.139329  4.141
 22   166.363 52971.21254222  5.01 235.568269  64.142449  4.141
 22   165.269 52971.21254286  5.57 235.565459  64.145569  4.141
 22   163.927 52971.21254351  5.71 235.562649  64.148689  4.141
 22   168.423 52971.21254415  5.40 235.559839  64.151809  4.141
 22   162.822 52971.21254480  5.63 235.557024  64.154925  3.510
 23   165.820 53006.21255316  1.85 235.582407  64.129216  3.400
 23   166.120 53006.21255380  1.94 235.579597  64.132336  3.400
 23   166.226 53006.21255445  1.90 235.576787  64.135456  3.400
 23   166.339 53006.21255509  2.27 235.573987  64.138576  3.400
 23   166.391 53006.21255574  3.17 235.571177  64.141696  3.400
 23   164.630 53006.21255638  3.24 235.568367  64.144816  3.400
 23   164.040 53006.21255703  3.99 235.565557  64.147936  3.400
 23   162.974 53006.21255767  3.93 235.562747  64.151056  3.400
 23   162.247 53006.21255832  4.01 235.559937  64.154176  3.400
 25   170.367 53076.21253795  0.21 235.586529  64.130215  2.377
 25   167.209 53076.21253859  0.35 235.583719  64.133335  2.377
 25   166.963 53076.21253988  0.60 235.578108  64.139580  2.290
 25   166.575 53076.21254053  0.44 235.575298  64.142700  2.290
 25   165.975 53076.21254117  1.28 235.572488  64.145810  2.290
 25   166.678 53076.21254181  1.05 235.569688  64.148930  2.290
 25   166.680 53076.21254246  1.28 235.566878  64.152050  2.290
 25   168.178 53076.21254310  0.98 235.564058  64.155170  2.290
 25   167.694 53076.21254375  1.35 235.561248  64.158290  2.290
 27   165.069 53146.21255043 12.18 235.582942  64.126297 15.244
 27   174.466 53146.21255172 10.29 235.577322  64.132537 15.244
 27   173.261 53146.21255237 10.53 235.574513  64.135662  3.614
 27   176.414 53146.21255301  8.48 235.571713  64.138772  3.614
 27   176.693 53146.21255366  7.69 235.568903  64.141892  3.614
 27   177.332 53146.21255430  7.53 235.566093  64.145012  3.614
 27   176.786 53146.21255495  7.86 235.563283  64.148132  3.614
 27   174.953 53146.21255559  8.42 235.560473  64.151252  3.614
 27   174.452 53146.21255624  8.98 235.557663  64.154372  3.614
 28    72.210 53181.21255941 49.66 235.585790  64.135289 14.948
 28    72.043 53181.21256005 51.25 235.582980  64.138409 14.948
 28    72.038 53181.21256070 48.07 235.580170  64.141529 14.948
 28    72.016 53181.21256134 46.55 235.577358  64.144653 26.707
 28    71.844 53181.21256199 42.74 235.574558  64.147763 26.707
 28    71.883 53181.21256263 44.08 235.571748  64.150883 26.707
 28    71.771 53181.21256328 39.60 235.568928  64.154003 26.707
 29    70.818 53216.21258129 14.34 235.585084  64.130158  8.762
 29    70.828 53216.21258194 20.63 235.582274  64.133278  8.762
 29    71.120 53216.21258258 26.82 235.579474  64.136398  8.762
 29    71.183 53216.21258323 33.30 235.576664  64.139518  8.762
 29    71.121 53216.21258387 31.64 235.573851  64.142642 17.286
 29    71.045 53216.21258452 28.38 235.571041  64.145762 17.286
 29    70.678 53216.21258516 22.77 235.568231  64.148882 17.286
 29    70.372 53216.21258581 19.35 235.565421  64.151992 17.286
 29    70.429 53216.21258645 17.09 235.562611  64.155112 17.286
 30    70.698 53251.21256108 49.46 235.588184  64.137270 35.939
 30    70.497 53251.21256172 50.15 235.585384  64.140390 35.939
 30    70.498 53251.21256237 50.03 235.582574  64.143510 35.939
 30    70.176 53251.21256301 48.71 235.579764  64.146630 35.939
 30    70.066 53251.21256366 48.98 235.576954  64.149750 35.939
 30    70.103 53251.21256430 48.53 235.574144  64.152870 35.939
 32    70.337 53321.21253034 39.40 235.587384  64.136514 18.523
 32    70.493 53321.21253099 42.50 235.584584  64.139634 18.523
 32    70.305 53321.21253163 38.93 235.581774  64.142754 18.523
 32    69.974 53321.21253228 38.19 235.578964  64.145874 18.523
 32    69.855 53321.21253292 43.69 235.576154  64.148994 18.523
 32    69.869 53321.21253357 42.34 235.573339  64.152114 24.053
 34   167.201 53391.21251013  3.82 235.579557  64.123185  2.994
 34   168.496 53391.21251077  3.07 235.576747  64.126305  2.994
 34   168.327 53391.21251141  3.26 235.573937  64.129425  2.994
 34   168.180 53391.21251206  3.14 235.571137  64.132545  2.994
 34   168.232 53391.21251270  3.54 235.568327  64.135665  2.994
 34   167.998 53391.21251335  3.80 235.565515  64.138785  2.675
 34   167.156 53391.21251399  4.52 235.562705  64.141905  2.675
 34   166.079 53391.21251464  4.85 235.559895  64.145025  2.675
 34   164.845 53391.21251528  5.42 235.557085  64.148145  2.675
 34   164.468 53391.21251593  5.21 235.554275  64.151255  2.675
 35   162.231 53426.21250897  1.76 235.589551  64.137944  3.029
 35   163.076 53426.21250962  1.73 235.586741  64.141064  3.029
 35   162.916 53426.21251026  2.12 235.583936  64.144189  2.947
 35   163.689 53426.21251091  2.12 235.581126  64.147299  2.947
 35   164.437 53426.21251155  2.62 235.578316  64.150419  2.947
 35   165.018 53426.21251220  2.31 235.575506  64.153539  2.947
 36   170.755 53461.21251802  2.49 235.582600  64.127418  2.842
 36   167.179 53461.21251866  2.07 235.579790  64.130538  2.842
 36   167.957 53461.21251931  1.74 235.576980  64.133659  2.381
 36   167.354 53461.21251995  1.69 235.574170  64.136779  2.381
 36   166.767 53461.21252060  2.77 235.571360  64.139899  2.381
 36   168.188 53461.21252124  2.47 235.568550  64.143019  2.381
 36   167.437 53461.21252189  2.98 235.565740  64.146129  2.381
 36   167.607 53461.21252253  3.25 235.562930  64.149249  2.381
 36   169.349 53461.21252318  2.91 235.560120  64.152369  2.381
 36   169.508 53461.21252382  3.03 235.557300  64.155489  2.381
 37   175.470 53496.21259694 12.21 235.581010  64.124082  3.332
 37   176.811 53496.21259758 11.31 235.578200  64.127202  3.332
 37   178.649 53496.21259823 10.63 235.575390  64.130322  3.332
 37   181.133 53496.21259887 10.21 235.572590  64.133442  3.332
 37   189.031 53496.21259952  9.68 235.569780  64.136562  3.332
 37   190.115 53496.21260016  9.82 235.566970  64.139682  3.332
 37   188.666 53496.21260081  9.82 235.564160  64.142802  3.332
 37   190.638 53496.21260145  9.84 235.561350  64.145922  3.332
 37   191.262 53496.21260210  9.89 235.558540  64.149042  3.332
 37   177.799 53496.21260274  9.76 235.555730  64.152162  3.332
 38    73.647 53531.21257645 48.89 235.590132  64.134765 12.103
 38    73.768 53531.21257709 48.62 235.587322  64.137885 12.103
 38    73.534 53531.21257774 48.21 235.584511  64.141002 22.765
 38    73.489 53531.21257838 43.41 235.581711  64.144122 22.765
 38    73.283 53531.21257903 39.94 235.578901  64.147242 22.765
 38    72.961 53531.21257967 38.71 235.576091  64.150362 22.765
 38    73.015 53531.21258032 35.68 235.573281  64.153482 22.765
 39    72.232 53566.21260124 45.05 235.585331  64.130053 16.987
 39    72.285 53566.21260188 47.21 235.582521  64.133173 16.987
 39    72.267 53566.21260253 49.24 235.579711  64.136293 16.987
 39    72.051 53566.21260317 44.09 235.576901  64.139413 16.987
 39    71.961 53566.21260382 41.61 235.574101  64.142533 16.987
 39    71.926 53566.21260446 39.20 235.571289  64.145658 23.580
 39    71.808 53566.21260511 35.52 235.568479  64.148768 23.580
 39    71.634 53566.21260575 36.34 235.565669  64.151888 23.580
 39    71.653 53566.21260640 38.99 235.562859  64.155008 23.580
 39    71.523 53566.21260704 41.81 235.560049  64.158128 23.580
 40    70.664 53601.21254573 25.82 235.592392  64.136260  7.637
 40    71.050 53601.21254637 26.14 235.589582  64.139380  7.637
 40    71.144 53601.21254702 25.82 235.586772  64.142500  7.637
 40    71.162 53601.21254766 24.19 235.583972  64.145616 24.819
 40    70.720 53601.21254831 23.84 235.581162  64.148736 24.819
 40    70.551 53601.21254895 23.85 235.578352  64.151856 24.819
 41    71.816 53636.21254076 40.51 235.579570  64.122166 18.462
 41    71.822 53636.21254140 42.79 235.576760  64.125286 18.462
 41    71.798 53636.21254204 45.81 235.573950  64.128406 18.462
 41    71.774 53636.21254269 47.80 235.571140  64.131526 18.462
 41    71.709 53636.21254333 47.94 235.568340  64.134646 18.462
 41    71.671 53636.21254398 50.64 235.565530  64.137766 18.462
 41    71.606 53636.21254462 49.07 235.562715  64.140886 19.546
 41    71.550 53636.21254527 47.11 235.559905  64.144006 19.546
 41    71.484 53636.21254591 45.07 235.557095  64.147126 19.546
 42   166.698 53671.21256404 13.41 235.575243  64.134214  9.685
 42   166.524 53671.21256469 13.11 235.572433  64.137334  9.685
 42   166.201 53671.21256533 14.64 235.569623  64.140454  9.685
 42   165.192 53671.21256597 15.27 235.566813  64.143574  9.685
 42   164.125 53671.21256662 15.78 235.564003  64.146694  9.685
 42   163.397 53671.21256726 15.86 235.561193  64.149814  9.685
 42   162.920 53671.21256791 15.64 235.558383  64.152934  9.685
 43   159.213 53706.21249654  1.86 235.594132  64.138592  3.909
 43   158.812 53706.21249719  2.37 235.591322  64.141712  3.909
 43   158.159 53706.21249783  2.37 235.588522  64.144832  3.909
 43   158.013 53706.21249848  2.90 235.585712  64.147952  3.909
 43   157.055 53706.21249912  2.67 235.582902  64.151072  3.909
 44   156.378 53741.21240979  1.84 235.601650  64.140630  3.388
 44   156.978 53741.21241044  1.40 235.598850  64.143750  3.388
 44   156.743 53741.21241108  1.66 235.596040  64.146870  3.388
 44   155.634 53741.21241172  1.61 235.593230  64.149990  3.388
 44   159.613 53741.21241237  2.24 235.590420  64.153110  3.388
 45    71.887 53776.21243125  5.62 235.587742  64.130992  5.115
 45    72.348 53776.21243190  4.85 235.584942  64.134112  5.115
 45    72.641 53776.21243254  4.22 235.582132  64.137232  5.115
 45    72.807 53776.21243319  3.96 235.579322  64.140352  5.115
 45    72.234 53776.21243383  4.24 235.576512  64.143472  5.115
 45    72.093 53776.21243448  4.84 235.573702  64.146592  5.115
 45    71.746 53776.21243512  5.49 235.570892  64.149712  5.115
 45    71.424 53776.21243577  5.36 235.568082  64.152832  5.115
 45    71.188 53776.21243641  5.01 235.565272  64.155952  5.115
 47   175.643 53846.21245829  0.44 235.580049  64.124587  2.131
 47   175.092 53846.21246409  0.71 235.554759  64.152667  2.131
 48    73.692 53881.21248352 50.44 235.585111  64.131335 32.577
 48    73.730 53881.21248416 53.31 235.582301  64.134455 32.577
 48    73.542 53881.21248481 51.53 235.579501  64.137575 32.577
 48    73.490 53881.21248545 47.62 235.576691  64.140695 32.577
 48    73.439 53881.21248610 46.36 235.573881  64.143815 32.577
 48    73.406 53881.21248674 49.01 235.571071  64.146935 32.577
 48    73.331 53881.21248738 48.24 235.568261  64.150055 32.577
 48    73.376 53881.21248803 47.16 235.565441  64.153175 32.577
 48    73.131 53881.21248867 44.65 235.562631  64.156295 32.577
 49   167.641 53916.21254196  3.70 235.583005  64.125526  2.977
 49   169.821 53916.21254261  2.70 235.580205  64.128646  2.977
 49   169.699 53916.21254325  2.87 235.577395  64.131766  2.977
 49   173.422 53916.21254390  2.07 235.574585  64.134886  2.977
 49   172.606 53916.21254454  3.25 235.571775  64.138006  2.977
 49   173.081 53916.21254518  3.15 235.568965  64.141126  2.977
 49   170.365 53916.21254583  3.37 235.566165  64.144246  2.977
 49   170.131 53916.21254647  3.44 235.563355  64.147366  2.977
 49   170.227 53916.21254712  3.86 235.560545  64.150486  2.977
 49   170.554 53916.21254776  4.01 235.557725  64.153606  2.977
 50    71.563 53951.21254883 43.70 235.584568  64.125326 34.938
 50    71.618 53951.21254947 45.99 235.581758  64.128446 34.938
 50    71.615 53951.21255012 46.02 235.578958  64.131566 34.938
 50    71.511 53951.21255076 47.67 235.576148  64.134686 34.938
 50    71.452 53951.21255141 43.17 235.573338  64.137806 34.938
 50    71.404 53951.21255205 43.84 235.570528  64.140926 34.938
 50    71.344 53951.21255269 45.36 235.567728  64.144046 34.938
 50    71.357 53951.21255334 45.52 235.564918  64.147166 34.938
 50    71.247 53951.21255398 43.83 235.562108  64.150286 34.938
 50    71.098 53951.21255463 45.71 235.559298  64.153406 34.938
 52    70.842 54021.21252554 40.94 235.581834  64.126369 32.463
 52    70.870 54021.21252618 43.30 235.579024  64.129489 32.463
 52    70.871 54021.21252683 44.59 235.576224  64.132609 32.463
 52    70.804 54021.21252747 48.68 235.573414  64.135729 32.463
 52    70.785 54021.21252812 48.65 235.570604  64.138849 32.463
 52    70.720 54021.21252876 43.45 235.567794  64.141969 32.463
 52    70.681 54021.21252941 44.58 235.564984  64.145089 32.463
 52    70.556 54021.21253005 45.53 235.562174  64.148209 32.463
 52    70.487 54021.21253070 44.06 235.559354  64.151329 32.463
 52    70.336 54021.21253134 42.69 235.556544  64.154449 32.463
 53   162.428 54056.21251876  8.03 235.586791  64.136625  4.003
 53   162.458 54056.21251940  7.95 235.583981  64.139745  4.003
 53   161.627 54056.21252005  8.93 235.581171  64.142865  4.003
 53   161.042 54056.21252069  9.38 235.578361  64.145985  4.003
 53   160.368 54056.21252134  9.73 235.575551  64.149105  4.003
 53   159.278 54056.21252198  9.51 235.572741  64.152225  4.003
 54   160.035 54091.21250412  0.87 235.590858  64.137270  3.817
 54   160.595 54091.21250476  0.84 235.588058  64.140390  3.817
 54   161.167 54091.21250541  0.31 235.585248  64.143510  3.817
 54   159.549 54091.21250605  1.39 235.582438  64.146630  3.817
 54   158.766 54091.21250670  1.24 235.579628  64.149750  3.817
 54   158.017 54091.21250734  1.24 235.576818  64.152870  3.817
 55   172.905 54126.21243257  1.77 235.581650  64.122326  2.610
 55   173.334 54126.21243321  1.16 235.578840  64.125446  2.610
 55   174.168 54126.21243386  0.58 235.576030  64.128566  2.610
 55   173.135 54126.21243579  0.20 235.567610  64.137926  2.610
 55   174.138 54126.21243644  0.45 235.564800  64.141046  2.610
 55   173.932 54126.21243708  0.56 235.561990  64.144166  2.610
 55   170.205 54126.21243773  1.04 235.559170  64.147286  2.610
 55   170.683 54126.21243837  1.09 235.556360  64.150406  2.610
 56   171.980 54161.21247147  0.45 235.584728  64.133142  2.744
 56   173.201 54161.21247212  0.19 235.581928  64.136262  2.744
 58    73.101 54231.21248381 45.35 235.585174  64.129373 22.775
 58    73.185 54231.21248446 49.68 235.582364  64.132493 22.775
 58    73.132 54231.21248510 47.75 235.579554  64.135613 22.775
 58    73.032 54231.21248574 46.37 235.576754  64.138733 22.775
 58    72.928 54231.21248639 46.13 235.573944  64.141853 22.775
 58    72.715 54231.21248703 51.49 235.571134  64.144973 22.775
 58    72.738 54231.21248768 49.17 235.568324  64.148093 22.775
 58    72.846 54231.21248832 47.87 235.565514  64.151213 22.775
 58    72.740 54231.21248897 46.29 235.562704  64.154333 22.775
 58    72.561 54231.21248961 46.03 235.559887  64.157452 19.148
 59    73.725 54266.21250138 49.95 235.586307  64.130661 27.585
 59    73.776 54266.21250203 52.55 235.583497  64.133781 27.585
 59    73.571 54266.21250267 55.87 235.580697  64.136901 27.585
 59    73.558 54266.21250332 49.98 235.577887  64.140021 27.585
 59    73.512 54266.21250396 50.02 235.575077  64.143141 27.585
 59    73.482 54266.21250461 50.00 235.572267  64.146261 27.585
 59    73.476 54266.21250525 52.61 235.569457  64.149381 27.585
 59    73.420 54266.21250590 49.95 235.566647  64.152501 27.585
 59    73.238 54266.21250654 40.79 235.563837  64.155621 27.585
 59    73.056 54266.21250719 42.82 235.561019  64.158741 19.413
 60    72.873 54301.21250663 51.11 235.585762  64.133481 24.581
 60    72.922 54301.21250728 51.43 235.582962  64.136601 24.581
 60    72.820 54301.21250792 51.19 235.580152  64.139721 24.581
 60    72.672 54301.21250857 47.81 235.577342  64.142841 24.581
 60    72.638 54301.21250921 47.88 235.574532  64.145961 24.581
 60    72.592 54301.21250986 47.24 235.571722  64.149081 24.581
 60    72.623 54301.21251050 46.78 235.568912  64.152201 24.581
 60    72.435 54301.21251114 38.60 235.566102  64.155321 24.581
 61    71.719 54336.21249447 45.87 235.589983  64.133735 18.382
 61    71.768 54336.21249511 48.85 235.587173  64.136855 18.382
 61    71.536 54336.21249576 48.67 235.584363  64.139975 18.382
 61    71.552 54336.21249640 49.23 235.581553  64.143095 18.382
 61    71.498 54336.21249705 48.63 235.578743  64.146215 18.382
 61    71.470 54336.21249769 43.69 235.575933  64.149335 18.382
 61    71.412 54336.21249834 39.76 235.573133  64.152455 18.382
 62    71.692 54371.21243779 42.71 235.582625  64.127375 10.032
 62    71.737 54371.21243844 46.80 235.579813  64.130499 34.080
 62    71.610 54371.21243908 47.83 235.577003  64.133609 34.080
 62    71.531 54371.21243973 47.99 235.574193  64.136739 34.080
 62    71.371 54371.21244037 52.07 235.571383  64.139849 34.080
 62    71.480 54371.21244102 48.15 235.568583  64.142969 34.080
 62    71.396 54371.21244166 45.54 235.565763  64.146089 34.080
 62    71.382 54371.21244231 45.34 235.562953  64.149209 34.080
 62    71.224 54371.21244295 44.32 235.560143  64.152329 34.080
 62    71.065 54371.21244360 45.21 235.557333  64.155449 34.080
 63    71.190 54406.21243903 47.52 235.586991  64.132935 18.615
 63    71.242 54406.21243967 45.93 235.584181  64.136055 18.615
 63    70.979 54406.21244032 47.43 235.581371  64.139175 18.615
 63    70.925 54406.21244096 41.83 235.578561  64.142295 18.615
 63    70.707 54406.21244161 41.38 235.575751  64.145415 18.615
 63    70.724 54406.21244225 41.61 235.572941  64.148535 18.615
 63    70.650 54406.21244290 42.52 235.570132  64.151657 26.510
 63    70.637 54406.21244354 45.41 235.567322  64.154777 26.510
 64   167.349 54441.21239487  4.45 235.581440  64.120102  4.165
 64   167.977 54441.21239551  4.07 235.578630  64.123222  4.165
 64   168.364 54441.21239616  3.92 235.575820  64.126342  4.165
 64   168.197 54441.21239680  4.22 235.573020  64.129462  4.165
 64   168.355 54441.21239745  4.09 235.570210  64.132582  4.165
 64   168.288 54441.21239809  4.54 235.567400  64.135702  4.165
 64   167.879 54441.21239874  5.08 235.564590  64.138822  4.165
 64   167.282 54441.21239938  5.35 235.561780  64.141942  4.165
 64   166.486 54441.21240002  5.67 235.558970  64.145052  4.165
 65   163.909 54476.21242626  3.22 235.587113  64.130083  3.210
 65   163.818 54476.21242690  2.73 235.584303  64.133203  3.210
 65   164.421 54476.21242755  2.76 235.581493  64.136323  3.210
 65   164.527 54476.21242819  2.81 235.578683  64.139443  3.210
 65   163.896 54476.21242884  3.42 235.575883  64.142563  3.210
 65   162.753 54476.21242948  3.55 235.573073  64.145683  3.210
 65   161.902 54476.21243013  3.72 235.570263  64.148803  3.210
 65   160.867 54476.21243077  4.01 235.567453  64.151923  3.210
 65   160.412 54476.21243142  4.14 235.564633  64.155043  3.210
 65   159.875 54476.21243206  4.24 235.561823  64.158163  3.210
 66   166.593 54511.21241121  1.60 235.582295  64.122632  3.464
 66   167.293 54511.21241185  1.26 235.579485  64.125752  3.464
 66   167.722 54511.21241250  1.04 235.576675  64.128872  3.464
 66   167.908 54511.21241314  0.35 235.573865  64.131992  3.464
 66   167.799 54511.21241378  0.11 235.571055  64.135112  3.464
 66   167.412 54511.21241443  1.17 235.568255  64.138232  3.464
 66   166.750 54511.21241507  1.96 235.565435  64.141352  3.464
 66   166.184 54511.21241572  1.45 235.562625  64.144472  3.464
 66   165.323 54511.21241636  1.78 235.559815  64.147592  3.464
 66   164.466 54511.21241701  2.02 235.557005  64.150702  3.464
 68   174.523 54581.21240842  0.25 235.585536  64.130843  2.296
 68   174.657 54581.21240906  0.18 235.582736  64.133963  2.296
 68   175.486 54581.21240970  0.02 235.579926  64.137083  2.296
 68   175.252 54581.21241035  0.30 235.577116  64.140203  2.296
 68   175.673 54581.21241164  0.19 235.571496  64.146443  2.296
 68   174.780 54581.21241228  0.46 235.568686  64.149563  2.296
 68   174.545 54581.21241293  0.78 235.565876  64.152683  2.296
 68   173.620 54581.21241357  0.83 235.563066  64.155803  1.974
 69    73.748 54616.21243034 46.87 235.585386  64.133622 20.319
 69    73.568 54616.21243099 50.09 235.582576  64.136742 20.319
 69    73.564 54616.21243163 47.26 235.579766  64.139862 20.319
 69    73.588 54616.21243227 46.21 235.576956  64.142982 20.319
 69    73.540 54616.21243292 45.03 235.574156  64.146102 20.319
 69    73.502 54616.21243356 40.52 235.571346  64.149222 20.319
 69    73.129 54616.21243421 37.71 235.568526  64.152342 20.319
 69    73.111 54616.21243485 37.49 235.565716  64.155462 20.319
 70   160.644 54651.21244262 12.39 235.584212  64.129980 11.437
 70   161.414 54651.21244326 12.77 235.581402  64.133100 11.437
 70   161.683 54651.21244391 13.45 235.578592  64.136220 11.437
 70   161.870 54651.21244455 15.75 235.575782  64.139340 11.437
 70   162.276 54651.21244520 14.31 235.572972  64.142460 11.437
 70   162.079 54651.21244584 15.13 235.570172  64.145580 11.437
 70   162.020 54651.21244648 15.91 235.567352  64.148700 11.437
 70   161.805 54651.21244713 16.99 235.564542  64.151820 11.437
 70   161.693 54651.21244777 17.04 235.561732  64.154940 11.437
 71    70.965 54686.21243622 27.63 235.587257  64.136537 14.422
 71    71.088 54686.21243686 30.15 235.584447  64.139657 14.422
 71    71.168 54686.21243751 33.29 235.581637  64.142777 14.422
 71    71.003 54686.21243815 35.77 235.578827  64.145897 14.422
 71    71.002 54686.21243880 35.70 235.576017  64.149017 14.422
 71    70.857 54686.21243944 33.94 235.573207  64.152137 14.422
 72    71.639 54721.21238664 20.52 235.582112  64.122621  8.576
 72    71.482 54721.21238728 21.42 235.579302  64.125741  8.576
 72    72.362 54721.21238793 20.65 235.576492  64.128861  8.576
 72    71.238 54721.21238857 21.21 235.573682  64.131981  8.576
 72    71.109 54721.21238922 23.52 235.570872  64.135101  8.576
 72    71.096 54721.21238986 27.77 235.568062  64.138221  8.576
 72    71.521 54721.21239051 28.16 235.565252  64.141341  8.576
 72    70.864 54721.21239115 30.85 235.562442  64.144461  8.576
 72    70.770 54721.21239180 28.99 235.559632  64.147581  8.576
 72    70.763 54721.21239244 28.27 235.556822  64.150701  8.576
 73    70.483 54756.21240966 13.50 235.587168  64.130258 11.226
 73    70.655 54756.21241031 16.12 235.584358  64.133378 11.226
 73    70.800 54756.21241095 18.65 235.581548  64.136498 11.226
 73    70.627 54756.21241160 23.01 235.578738  64.139618 11.226
 73    70.624 54756.21241224 29.48 235.575938  64.142738 11.226
 73    70.531 54756.21241289 30.14 235.573128  64.145858 11.226
 73    70.359 54756.21241353 25.69 235.570318  64.148978 11.226
 73    70.283 54756.21241418 28.56 235.567508  64.152098 11.226
 73    70.156 54756.21241482 26.98 235.564688  64.155218 11.226
 73    69.873 54756.21241546 23.94 235.561878  64.158338 11.226
 74    72.454 54791.21237974 17.27 235.580885  64.121400 17.114
 74    72.392 54791.21238039 16.84 235.578075  64.124520 17.114
 74    72.269 54791.21238103 17.54 235.575265  64.127640 17.114
 74    72.054 54791.21238168 19.24 235.572455  64.130760 17.114
 74    72.060 54791.21238232 22.09 235.569655  64.133880 17.114
 74    72.020 54791.21238297 27.05 235.566845  64.137000 17.114
 74    72.140 54791.21238361 32.11 235.564035  64.140120 17.114
 74    72.320 54791.21238426 31.18 235.561225  64.143240 17.114
 74    72.451 54791.21238490 50.77 235.558405  64.146360 17.114
 74    72.553 54791.21238555 53.06 235.555595  64.149470 17.114
 75   164.206 54826.21240628  3.83 235.585356  64.128237  4.521
 75   164.350 54826.21240693  3.42 235.582546  64.131357  4.521
 75   164.764 54826.21240757  3.10 235.579736  64.134477  4.521
 75   164.940 54826.21240822  3.30 235.576926  64.137597  4.521
 75   164.773 54826.21240886  3.71 235.574116  64.140717  4.521
 75   163.491 54826.21240951  3.97 235.571316  64.143837  4.521
 75   162.710 54826.21241015  3.85 235.568506  64.146957  4.521
 75   161.905 54826.21241080  4.52 235.565686  64.150077  4.521
 75   161.385 54826.21241144  4.71 235.562876  64.153197  4.521
 75   161.135 54826.21241209  4.48 235.560066  64.156317  4.521
 76   166.745 54861.21237423  1.76 235.580772  64.125974  3.059
 76   167.133 54861.21237488  1.55 235.577962  64.129094  3.059
 76   167.160 54861.21237552  1.48 235.575152  64.132214  3.059
 76   167.170 54861.21237617  1.45 235.572342  64.135334  3.059
 76   167.641 54861.21237681  1.52 235.569532  64.138454  3.059
 76   167.925 54861.21237745  1.69 235.566722  64.141574  3.059
 76   166.563 54861.21237810  2.52 235.563912  64.144694  3.059
 76   168.539 54861.21237874  2.52 235.561109  64.147812  2.266
 76   168.895 54861.21237939  2.41 235.558289  64.150932  2.266
 77   171.703 54896.21240756  0.55 235.587303  64.132255  2.530
 77   172.158 54896.21240821  0.34 235.584493  64.135375  2.530
 77   173.283 54896.21240885  0.11 235.581693  64.138495  2.530
 77   171.229 54896.21240950  0.37 235.578883  64.141615  2.530
 77   171.166 54896.21241014  0.26 235.576073  64.144735  2.530
 77   174.549 54896.21241078  0.35 235.573263  64.147855  2.530
 77   168.298 54896.21241143  0.38 235.570453  64.150975  2.530
 77   168.152 54896.21241207  0.89 235.567643  64.154095  2.530
 77   167.577 54896.21241272  1.33 235.564833  64.157215  2.530
 79    74.979 54966.21240853 43.99 235.584258  64.132376 18.289
 79    74.826 54966.21240917 41.45 235.581448  64.135496 18.289
 79    74.587 54966.21240982 41.19 235.578638  64.138616 18.289
 79    74.176 54966.21241046 38.87 235.575838  64.141736 18.289
 79    73.494 54966.21241111 41.34 235.573028  64.144856 18.289
 79    73.199 54966.21241175 40.72 235.570218  64.147976 18.289
 79    73.154 54966.21241240 40.83 235.567408  64.151096 18.289
 79    72.959 54966.21241304 37.27 235.564598  64.154216 18.289
 79    72.891 54966.21241369 33.85 235.561778  64.157336 18.289
 80    73.889 55001.21242779 49.96 235.584940  64.128969 27.238
 80    73.962 55001.21242844 52.77 235.582130  64.132089 27.238
 80    74.003 55001.21242908 50.65 235.579320  64.135209 27.238
 80    73.955 55001.21242973 49.62 235.576520  64.138329 27.238
 80    73.738 55001.21243037 49.01 235.573710  64.141449 27.238
 80    73.748 55001.21243102 47.72 235.570900  64.144569 27.238
 80    73.824 55001.21243166 44.01 235.568090  64.147689 27.238
 80    73.509 55001.21243231 38.44 235.565280  64.150809 27.238
 80    73.455 55001.21243295 38.16 235.562470  64.153929 27.238
 80    73.374 55001.21243360 42.54 235.559660  64.157049 27.238
 81    72.286 55036.21241386 46.81 235.587043  64.130278 33.792
 81    72.371 55036.21241451 50.59 235.584233  64.133398 33.792
 81    72.347 55036.21241515 52.24 235.581423  64.136518 33.792
 81    72.172 55036.21241580 50.68 235.578613  64.139638 33.792
 81    72.066 55036.21241644 46.35 235.575803  64.142758 33.792
 81    72.033 55036.21241709 48.55 235.573003  64.145878 33.792
 81    71.972 55036.21241773 49.82 235.570193  64.148998 33.792
 81    71.869 55036.21241838 47.20 235.567373  64.152118 33.792
 81    71.772 55036.21241902 41.76 235.564563  64.155238 33.792
 81    71.561 55036.21241966 41.28 235.561753  64.158358 33.792
 82    72.334 55071.21240357 49.17 235.588488  64.136935 19.092
 82    72.151 55071.21240422 48.38 235.585678  64.140055 19.092
 82    72.079 55071.21240486 40.99 235.582868  64.143175 19.092
 82    72.037 55071.21240551 40.37 235.580068  64.146295 19.092
 82    71.809 55071.21240615 38.67 235.577258  64.149415 19.092
 82    71.867 55071.21240680 39.54 235.574448  64.152535 19.092
 83   167.033 55106.21234462  6.28 235.581623  64.122931  5.097
 83   167.445 55106.21234527  4.91 235.578823  64.126051  5.097
 83   167.933 55106.21234591  3.94 235.576013  64.129171  5.097
 83   168.309 55106.21234656  5.16 235.573203  64.132291  5.097
 83   168.817 55106.21234720  4.92 235.570393  64.135411  5.097
 83   168.974 55106.21234785  5.09 235.567583  64.138531  5.097
 83   169.714 55106.21234849  5.15 235.564773  64.141651  5.097
 83   170.638 55106.21234914  6.07 235.561963  64.144771  5.097
 83   171.136 55106.21234978  5.64 235.559153  64.147891  5.097
 83   171.335 55106.21235043  5.20 235.556343  64.151011  5.097
 84    70.797 55141.21235243 46.65 235.586284  64.132840 19.423
 84    70.840 55141.21235308 49.62 235.583474  64.135960 19.423
 84    70.843 55141.21235372 49.91 235.580664  64.139080 19.423
 84    70.588 55141.21235437 41.24 235.577854  64.142200 19.423
 84    70.344 55141.21235501 38.90 235.575044  64.145320 19.423
 84    70.320 55141.21235566 40.42 235.572234  64.148440 19.423
 84    70.324 55141.21235630 41.10 235.569424  64.151561 25.089
 84    70.195 55141.21235695 41.70 235.566614  64.154681 25.089
 84    69.972 55141.21235759 39.73 235.563804  64.157791 25.089
 85   167.170 55176.21231357  4.03 235.580893  64.123002  4.838
 85   167.495 55176.21231422  3.14 235.578083  64.126122  4.838
 85   167.605 55176.21231486  3.30 235.575273  64.129242  4.838
 85   167.740 55176.21231551  3.68 235.572473  64.132362  4.838
 85   167.686 55176.21231615  3.94 235.569663  64.135482  4.838
 85   167.317 55176.21231680  5.20 235.566853  64.138602  4.838
 85   167.314 55176.21231744  5.04 235.564043  64.141722  4.838
 85   168.657 55176.21231809  5.46 235.561233  64.144842  4.838
 85   165.568 55176.21231873  5.52 235.558413  64.147952  4.838
 85   164.933 55176.21231938  5.51 235.555601  64.151077  4.753
 86   164.323 55211.21234654  1.52 235.586200  64.129726  3.752
 86   164.027 55211.21234719  0.78 235.583390  64.132846  3.752
 86   164.358 55211.21234783  1.18 235.580580  64.135966  3.752
 86   164.941 55211.21234848  1.48 235.577770  64.139086  3.752
 86   163.018 55211.21234912  1.96 235.574970  64.142206  3.752
 86   165.567 55211.21234977  1.79 235.572160  64.145326  3.752
 86   161.957 55211.21235041  2.02 235.569350  64.148446  3.752
 86   161.815 55211.21235106  2.02 235.566540  64.151566  3.752
 86   164.115 55211.21235170  2.44 235.563720  64.154686  3.752
 86   166.640 55211.21235235  1.66 235.560910  64.157806  3.752
 87   165.719 55246.21231838  0.05 235.582783  64.125830  3.747
 87   166.387 55246.21232096  0.33 235.571543  64.138310  3.747
 87   167.026 55246.21232161  0.44 235.568743  64.141430  3.747
 87   166.367 55246.21232225  0.50 235.565923  64.144550  3.747
 87   164.510 55246.21232290  0.88 235.563113  64.147670  3.747
 87   163.863 55246.21232354  0.70 235.560303  64.150790  3.747
 87   166.422 55246.21232419  0.50 235.557493  64.153900  3.747
 88   164.519 55281.21234277  0.09 235.579663  64.142134  3.363
 88   164.998 55281.21234341  0.47 235.576853  64.145254  3.363
 88   164.104 55281.21234406  0.67 235.574043  64.148374  3.363
 88   166.652 55281.21234470  0.20 235.571233  64.151494  3.363
 88   166.469 55281.21234535  0.30 235.568423  64.154614  3.363
 89    74.540 55316.21230751 37.25 235.586061  64.129163 28.495
 89    74.512 55316.21230816 32.43 235.583251  64.132283 28.495
 89    74.115 55316.21230880 33.29 235.580451  64.135403 28.495
 89    74.241 55316.21230945 40.47 235.577641  64.138523 28.495
 89    74.192 55316.21231009 39.26 235.574831  64.141643 28.495
 89    74.008 55316.21231074 39.17 235.572021  64.144763 28.495
 89    73.931 55316.21231138 37.38 235.569211  64.147883 28.495
 89    74.005 55316.21231203 36.09 235.566401  64.151003 28.495
 89    73.862 55316.21231267 35.12 235.563591  64.154123 28.495
 89    73.643 55316.21231331 36.29 235.560779  64.157244 25.596
 90   163.074 55351.21231280  2.90 235.588136  64.133489  7.245
 90   163.671 55351.21231345  2.47 235.585326  64.136609  7.245
 90   164.375 55351.21231409  2.59 235.582526  64.139729  7.245
 90   165.193 55351.21231474  2.45 235.579716  64.142849  7.245
 90   165.581 55351.21231538  3.15 235.576906  64.145969  7.245
 90   166.397 55351.21231603  2.43 235.574096  64.149089  7.245
 90   166.745 55351.21231667  2.47 235.571286  64.152209  7.245
 90   167.001 55351.21231732  2.36 235.568476  64.155329  7.245
 91    72.675 55386.21230577 46.46 235.582199  64.122922 24.059
 91    72.626 55386.21230642 47.10 235.579389  64.126042 24.059
 91    72.667 55386.21230706 47.60 235.576579  64.129162 24.059
 91    72.459 55386.21230771 47.81 235.573769  64.132282 24.059
 91    72.449 55386.21230835 47.23 235.570969  64.135402 24.059
 91    72.484 55386.21230900 43.32 235.568159  64.138522 24.059
 91    72.313 55386.21230964 43.23 235.565349  64.141642 24.059
 91    72.266 55386.21231029 40.45 235.562539  64.144762 24.059
 91    72.211 55386.21231093 43.94 235.559719  64.147882 24.059
 91    72.114 55386.21231158 44.75 235.556909  64.151002 24.059
 92    71.578 55421.21233112 47.43 235.585152  64.133137 23.512
 92    71.570 55421.21233177 47.23 235.582342  64.136257 23.512
 92    71.455 55421.21233241 48.35 235.579532  64.139377 23.512
 92    71.257 55421.21233306 48.40 235.576722  64.142497 23.512
 92    71.194 55421.21233370 46.13 235.573922  64.145617 23.512
 92    71.135 55421.21233435 43.76 235.571112  64.148737 23.512
 92    71.089 55421.21233499 42.49 235.568302  64.151857 23.512
 92    71.117 55421.21233564 44.46 235.565482  64.154977 23.512
 92    70.770 55421.21233628 39.82 235.562672  64.158097 23.512
 93    71.345 55456.21230688 48.92 235.590045  64.136650 22.772
 93    71.438 55456.21230752 50.99 235.587235  64.139770 22.772
 93    71.203 55456.21230817 49.03 235.584425  64.142890 22.772
 93    71.121 55456.21230881 49.64 235.581615  64.146010 22.772
 93    71.003 55456.21230945 47.47 235.578805  64.149130 22.772
 93    70.984 55456.21231010 46.56 235.576005  64.152250 22.772
