# NaN NaN NaN ;Mean Elev.(m), Avg Gradient(m/km), RMS Gradient(m/km) - SRTM1     
#    8.082 -16.671  42.617 ;Mean Elev.(m), Avg Gradient(m/km), RMS Gradient(m/km) - ASTER GDEM
#   19.093 -16.451  42.340 ;Mean Elev.(m), Avg Gradient(m/km), RMS Gradient(m/km) - GMTED2010 
  6 229.742629  67.107268    44.649    32.288  7 52418.83615167  8.570
  7 229.753869  67.124068    39.339    45.040 15 52453.83617417 12.517
  9 229.753047  67.128754    16.754    16.972 14 52523.83612674 17.077
 10 229.751938  67.114271    69.625    70.485 16 52558.83617929 13.215
 11 229.743718  67.117036    22.594    17.014  9 52593.83618068 32.251
 12 229.754627  67.103098    20.450    17.406 15 52628.83610894 21.330
 13 229.753560  67.121498    19.560    16.362 14 52663.83614146 17.981
 14 229.751487  67.097799    15.387    15.394 12 52698.83612051 19.279
 15 229.753107  67.115338    34.790    35.960 17 52733.83614179 12.349
 16 229.751126  67.132152    19.342    19.184 14 52768.83613940 26.847
 17 229.755769  67.106366    63.305    69.573 16 52803.83616823 12.148
 18 229.756613  67.110780    52.451    60.560 16 52838.83623040 12.744
 19 229.753861  67.113189    15.994    16.232 17 52873.83626979 43.983
 20 229.755166  67.122032    15.763    15.965 16 52908.83624780 20.943
 22 229.755041  67.111426    47.406    44.940 17 52978.83623698 13.351
 23 229.753991  67.127011    66.919    66.861 14 53013.83623284  8.577
 24 229.755969  67.110323    49.149    47.469 16 53048.83620670  9.589
 25 229.753938  67.130560    65.275    65.329 14 53083.83623877  8.181
 26 229.753963  67.113526    67.245    67.263 16 53118.83621198  6.410
 27 229.756247  67.122300    22.942    22.927 15 53153.83626140 39.580
 28 229.753539  67.110738    48.674    60.447 16 53188.83625243 10.395
 29 229.756640  67.123950    15.806    15.728 15 53223.83626552 25.342
 30 229.751837  67.131889    15.496    15.500 13 53258.83623954 39.421
 31 229.753819  67.116501    23.531    15.204 17 53293.83626572 19.606
 32 229.749948  67.115216    15.961    15.995 12 53328.83623958 25.076
 33 229.755974  67.126697    15.350    15.429 15 53363.83618961 17.066
 34 229.752319  67.111804    19.603    14.278 15 53398.83621555 15.981
 35 229.754626  67.126077    14.141    14.308 15 53433.83620361 15.137
 36 229.753571  67.109969    13.927    13.891 16 53468.83624740 15.789
 37 229.753565  67.123747    22.242    22.073 15 53503.83629038 30.786
 38 229.753987  67.121505    70.834    71.007 15 53538.83628771  8.140
 39 229.753606  67.127391    43.630    39.781 15 53573.83628565 11.308
 40 229.750469  67.130820    41.345    42.988 13 53608.83623491 12.315
 41 229.755449  67.109009    25.484    16.778 16 53643.83624073 12.386
 42 229.752186  67.124145    16.087    16.072 14 53678.83625625 35.601
 43 229.754711  67.126801    15.748    15.670 14 53713.83618409 20.407
 45 229.755976  67.119934    15.604    15.770 15 53783.83613038 17.883
 46 229.751212  67.131036    14.573    14.609 14 53818.83609052 15.311
 47 229.754593  67.115281    39.914    40.270 16 53853.83617193  7.662
 48 229.755245  67.111257    74.818    74.795 16 53888.83618074 11.637
 49 229.758528  67.129175    45.213    51.141 13 53923.83624522 20.629
 50 229.755554  67.132273    41.918    41.791 13 53958.83623633 12.760
 52 229.752294  67.105440    20.076    16.645 15 54028.83623089 41.011
 53 229.753476  67.117872    14.560    14.775 15 54063.83622250 24.233
 54 229.749501  67.125879    19.870    15.600 12 54098.83618840 23.679
 55 229.753032  67.106554    14.617    14.731 15 54133.83614829 20.956
 57 229.755617  67.110390    14.372    14.417 16 54203.83615161 19.424
 58 229.754130  67.116477    18.789    18.832 17 54238.83618516 31.297
 59 229.754159  67.119047    63.442    64.700 15 54273.83620236  8.516
 60 229.754086  67.116489    18.238    18.105 16 54308.83620470 45.415
 61 229.758910  67.132381    43.793    49.124 11 54343.83617939 29.636
 63 229.753697  67.122035    28.579    20.469 15 54413.83612936 18.387
 64 229.765084  67.118143    39.340    41.852 11 54448.83610642 16.409
 65 229.753940  67.116331    24.714    16.509 17 54483.83612424 16.890
 66 229.756377  67.111553    43.787    44.171 16 54518.83612156 11.161
 67 229.753730  67.126918    57.369    63.943 14 54553.83613419  8.908
 68 229.746557  67.107940    31.931    31.023  9 54588.83611810  9.319
 69 229.755413  67.121962    71.860    71.626 15 54623.83613297 12.583
 70 229.753844  67.119693    69.093    69.417 15 54658.83614226  8.196
 71 229.755286  67.124576    32.217    33.915 15 54693.83612210 22.218
 72 229.755676  67.112159    15.932    15.966 16 54728.83609753 18.825
 73 229.754601  67.119913    15.928    15.803 15 54763.83610098 31.809
 74 229.754806  67.108757    16.627    16.548 16 54798.83609169 19.704
 76 229.754029  67.107393    45.628    44.437 16 54868.83608848 11.192
 77 229.750572  67.126670    64.416    64.242 12 54903.83609987  8.224
 78 229.753586  67.112033    48.781    45.951 16 54938.83607841  8.321
 79 229.754059  67.116268    24.766    24.759 16 54973.83610881 28.186
 80 229.753500  67.122260    19.862    19.295 15 55008.83612228 33.896
 81 229.753066  67.116210    17.529    17.642 16 55043.83611303 43.010
 82 229.754094  67.126794    51.673    60.124 15 55078.83608832 13.717
 83 229.754961  67.113623    65.027    65.921 16 55113.83604593 15.690
 84 229.753371  67.120178    20.894    17.418 15 55148.83604525 24.215
 85 229.756315  67.110620    49.252    46.810 16 55183.83602870 16.818
 86 229.756027  67.125412    65.092    65.592 15 55218.83604195 13.831
 87 229.754168  67.109779    57.738    62.924 16 55253.83602511 12.708
 88 229.754151  67.129685    60.712    64.022 14 55288.83603104 10.939
 89 229.753858  67.120257    19.706    19.781 15 55323.83601032 19.620
 90 229.754364  67.122056    18.018    18.052 15 55358.83600854 42.737
 92 229.767881  67.128925    27.625    16.216  9 55428.83602268 16.443
 93 229.753496  67.127501    16.331    16.664 15 55463.83598664 39.951
