# NaN NaN NaN ;Mean Elev.(m), Avg Gradient(m/km), RMS Gradient(m/km) - SRTM1     
#   46.609 -23.395  38.336 ;Mean Elev.(m), Avg Gradient(m/km), RMS Gradient(m/km) - ASTER GDEM
#   62.938 -23.319  38.359 ;Mean Elev.(m), Avg Gradient(m/km), RMS Gradient(m/km) - GMTED2010 
  9 235.495982  64.260986   149.422   149.422  2 52540.81278149  5.319
 10 235.487711  64.274657    71.305    71.264  4 52575.81282624 21.289
 11 235.483029  64.273901    73.179    72.743  3 52610.81278813 28.426
 13 235.488988  64.272848    73.326    74.045  4 52680.81275013 38.821
 15 235.477379  64.282992    70.187    72.909  3 52750.81282658 27.819
 16 235.499488  64.268856   242.985   243.697  4 52785.81277171  1.213
 17 235.496380  64.269005    91.184    83.493  4 52820.81284615 12.964
 22 235.490934  64.273420    71.932    71.851  4 52995.81288423  9.097
 26 235.496490  64.269539    73.940    74.063  5 53135.81285557 19.906
 28 235.490400  64.277109    72.820    72.324  3 53205.81292109 33.914
 29 235.490090  64.277820    71.274    71.274  2 53240.81288886 21.234
 30 235.504486  64.269954   137.093   128.830  3 53275.81285821  5.638
 31 235.489264  64.274022    69.808    69.194  5 53310.81290214 32.342
 36 235.488868  64.276983    72.984    72.661  3 53485.81292629 17.842
 39 235.487854  64.273918    73.417    73.643  4 53590.81288583 16.053
 41 235.492265  64.272980    72.110    72.211  5 53660.81289613 34.278
 42 235.484936  64.276478    72.419    72.376  4 53695.81286703 11.818
 43 235.482989  64.277520    73.329    73.044  4 53730.81278966  8.786
 44 235.499702  64.269812    97.771    72.384  4 53765.81275990  5.730
 46 235.498789  64.267290    73.271    73.216  5 53835.81276845  3.221
 48 235.490030  64.274224    76.020    75.873  4 53905.81286166 35.028
 49 235.483919  64.277682    72.380    72.486  4 53940.81289231 33.964
 50 235.481917  64.279270    70.443    71.372  3 53975.81284894 26.169
 51 235.499646  64.266050    70.140    70.541  6 54010.81285039 38.297
 52 235.494936  64.268272    70.204    70.225  5 54045.81286588 32.036
 53 235.484942  64.275950    71.706    71.624  4 54080.81285794  7.526
 58 235.489005  64.273281    75.126    75.301  4 54255.81284014 37.216
 59 235.489666  64.271994    75.342    75.055  4 54290.81284246 31.451
 60 235.489500  64.274096    72.827    72.389  5 54325.81283970 33.160
 61 235.479952  64.278736    71.927    72.537  3 54360.81279144 24.892
 62 235.492831  64.272594    70.325    70.415  4 54395.81277990 35.009
 63 235.485347  64.277196    74.370    74.816  4 54430.81274173 13.351
 64 235.495074  64.270519    72.402    72.342  5 54465.81276056  8.940
 65 235.486790  64.275862    73.591    73.556  3 54500.81275462  5.587
 66 235.490694  64.273435    75.026    72.990  5 54535.81277505  4.837
 69 235.489872  64.277572    74.577    74.577  2 54640.81277791 24.975
 70 235.487736  64.273377    70.623    71.767  4 54675.81278087 34.493
 72 235.491280  64.272468    74.742    74.609  4 54745.81274863 33.165
 73 235.489167  64.275688    69.296    69.240  4 54780.81272124 31.460
 75 235.487032  64.276805   162.388   175.913  4 54850.81271921  1.682
 79 235.488102  64.273750    74.166    74.408  4 54990.81276442 29.715
 80 235.484782  64.271762    74.425    74.425  2 55025.81275603 30.575
 81 235.490324  64.275313    81.178    83.302  4 55060.81274877 11.350
 82 235.480178  64.279889    73.633    73.640  4 55095.81269898 13.567
 83 235.490398  64.272044    67.793    67.651  4 55130.81269198 39.065
 84 235.488754  64.276766    72.188    72.149  4 55165.81266135 13.180
 85 235.490232  64.271237    73.131    73.110  4 55200.81268392  8.311
 86 235.483775  64.277815    74.648    75.030  3 55235.81266748  5.233
 87 235.490526  64.274998    71.711    71.904  4 55270.81267773  5.479
 88 235.481329  64.278115    73.959    74.116  3 55305.81264853 15.850
 89 235.485999  64.268800    93.040    93.040  2 55340.81264978  9.501
 90 235.486806  64.274751    86.002    82.832  4 55375.81264152 23.656
 91 235.496945  64.276329    71.837    71.837  2 55410.81266332 35.004
 92 235.489112  64.274895    71.245    72.797  4 55445.81265714 36.353
 93 235.480134  64.280221    69.372    69.484  4 55480.81259016 27.220
