# NaN NaN NaN ;Mean Elev.(m), Avg Gradient(m/km), RMS Gradient(m/km) - SRTM1     
#  134.032  -0.266   3.952 ;Mean Elev.(m), Avg Gradient(m/km), RMS Gradient(m/km) - ASTER GDEM
#  143.626   0.100   1.880 ;Mean Elev.(m), Avg Gradient(m/km), RMS Gradient(m/km) - GMTED2010 
  7   148.229 52468.78747199 33.13 242.389961  61.316099 14.769
  7   148.720 52468.78747263 34.25 242.387601  61.312939 14.769
  7   148.872 52468.78747328 37.34 242.385241  61.309789 14.769
  8   143.087 52503.78745938 34.31 242.388027  61.317340 14.228
  8   143.561 52503.78746002 36.30 242.385667  61.314180 14.228
  8   143.769 52503.78746067 37.26 242.383307  61.311030 14.228
  9   149.077 52538.78744545 39.85 242.399449  61.304422 16.198
  9   149.361 52538.78744609 39.92 242.397079  61.301262 16.198
  9   149.442 52538.78744673 40.03 242.394719  61.298102 27.299
  9   149.542 52538.78744738 40.07 242.392359  61.294952 27.299
  9   149.701 52538.78744802 35.37 242.389999  61.291792 27.299
  9   149.550 52538.78744867 32.48 242.387639  61.288632 27.299
  9   149.569 52538.78744931 29.29 242.385289  61.285482 27.299
 10   148.114 52573.78748568 37.78 242.390237  61.314954 15.068
 10   148.425 52573.78748632 38.78 242.387877  61.311794 15.068
 10   148.551 52573.78748697 40.09 242.385517  61.308634 15.068
 10   148.761 52573.78748761 39.99 242.383157  61.305484 15.068
 11   147.280 52608.78744431 36.28 242.390017  61.316551 14.280
 11   147.591 52608.78744496 37.89 242.387657  61.313391 14.280
 11   147.743 52608.78744560 38.11 242.385297  61.310241 14.280
 11   147.950 52608.78744625 39.34 242.382937  61.307081 14.280
 12   152.707 52643.78743923 19.88 242.393974  61.310656  5.926
 12   150.440 52643.78743988 25.01 242.391614  61.307506  5.926
 12   150.467 52643.78744052 27.96 242.389254  61.304346  5.926
 12   150.654 52643.78744117 32.57 242.386894  61.301186  5.926
 12   150.710 52643.78744181 32.10 242.384534  61.298036  5.926
 12   150.486 52643.78744246 28.29 242.382172  61.294883  9.814
 12   150.493 52643.78744310 25.93 242.379812  61.291723  9.814
 13   154.073 52678.78741924 16.56 242.390737  61.315456  3.937
 13   153.956 52678.78741988 17.17 242.388377  61.312306  3.937
 13   152.767 52678.78742052 19.19 242.386017  61.309146  3.937
 13   149.367 52678.78742117 20.60 242.383657  61.305996  3.937
 15   148.071 52748.78748468 30.02 242.381383  61.324010 12.781
 15   148.307 52748.78748533 28.71 242.379023  61.320860 12.781
 16   149.801 52783.78742831 36.93 242.398016  61.307012 21.526
 16   150.050 52783.78742896 39.43 242.395656  61.303852 21.526
 16   150.213 52783.78742960 40.54 242.393296  61.300702 21.526
 16   150.334 52783.78743025 41.07 242.390936  61.297542 21.526
 16   150.365 52783.78743089 42.59 242.388575  61.294390 25.488
 16   150.597 52783.78743154 41.66 242.386215  61.291230 25.488
 16   150.584 52783.78743218 42.79 242.383855  61.288070 25.488
 17   149.534 52818.78750508 40.55 242.397151  61.308545 15.107
 17   149.693 52818.78750572 43.22 242.394791  61.305385 15.107
 17   149.836 52818.78750637 47.04 242.392431  61.302235 15.107
 17   150.045 52818.78750701 46.34 242.390071  61.299075 15.107
 17   150.238 52818.78750766 47.87 242.387711  61.295914 23.075
 17   150.229 52818.78750830 48.91 242.385351  61.292764 23.075
 17   150.492 52818.78750895 48.88 242.382991  61.289604 23.075
 18   158.249 52853.78755458 18.09 242.394498  61.307714  8.347
 18   156.900 52853.78755522 18.28 242.392138  61.304554  8.347
 18   156.464 52853.78755587 18.16 242.389778  61.301394  8.347
 18   154.760 52853.78755651 19.93 242.387418  61.298244  8.347
 18   153.619 52853.78755715 20.56 242.385055  61.295090 22.114
 18   152.800 52853.78755780 20.79 242.382695  61.291930 22.114
 20   147.277 52923.78754033 29.39 242.385914  61.320132 10.898
 20   147.805 52923.78754097 30.91 242.383554  61.316982 10.898
 20   148.204 52923.78754161 31.39 242.381194  61.313822 10.898
 21   148.297 52958.78750919 40.73 242.400049  61.304928 11.020
 21   148.525 52958.78750983 42.39 242.397689  61.301768 11.020
 21   148.768 52958.78751047 42.93 242.395329  61.298618 11.020
 21   149.016 52958.78751112 44.60 242.392968  61.295457 19.503
 21   149.306 52958.78751176 45.99 242.390618  61.292307 19.503
 21   149.307 52958.78751241 47.50 242.388258  61.289147 19.503
 21   149.466 52958.78751305 43.59 242.385898  61.285997 19.503
 22   148.575 52993.78753684 38.79 242.394653  61.310779 14.214
 22   148.785 52993.78753749 39.05 242.392293  61.307619 14.214
 22   149.099 52993.78753813 38.06 242.389933  61.304459 14.214
 22   149.310 52993.78753878 36.27 242.387573  61.301309 14.214
 22   149.471 52993.78753942 37.25 242.385210  61.298156 11.964
 22   149.511 52993.78754007 36.45 242.382850  61.294996 11.964
 22   149.437 52993.78754071 34.22 242.380490  61.291836 11.964
 23   149.492 53028.78750019 45.69 242.387170  61.316910 19.677
 23   149.403 53028.78750084 49.63 242.384810  61.313750 19.677
 24   149.612 53063.78750958 28.67 242.395503  61.307698  7.986
 24   149.948 53063.78751022 32.63 242.393143  61.304538  7.986
 24   150.125 53063.78751087 37.69 242.390783  61.301388  7.986
 24   150.051 53063.78751151 41.48 242.388420  61.298226  9.702
 24   150.025 53063.78751216 36.30 242.386060  61.295076  9.702
 24   149.845 53063.78751280 26.59 242.383700  61.291916  9.702
 24   149.995 53063.78751345 20.02 242.381350  61.288766  9.702
 25   157.871 53098.78752113 13.75 242.383846  61.323175  6.946
 25   157.967 53098.78752178 13.49 242.381486  61.320015  6.946
 25   157.701 53098.78752242 14.76 242.379126  61.316865  6.946
 26   155.898 53133.78750852 19.25 242.396881  61.305175  8.621
 26   150.418 53133.78750917 20.95 242.394521  61.302015  8.621
 26   154.717 53133.78750981 22.06 242.392161  61.298865  8.621
 26   150.745 53133.78751046 23.90 242.389800  61.295711 12.508
 26   150.847 53133.78751110 25.61 242.387440  61.292551 12.508
 26   150.930 53133.78751175 25.92 242.385080  61.289391 12.508
 26   151.021 53133.78751239 27.60 242.382730  61.286241 12.508
 28   148.509 53203.78758039 33.84 242.390335  61.312972 11.561
 28   148.714 53203.78758104 37.19 242.387975  61.309812 11.561
 28   148.947 53203.78758168 37.17 242.385615  61.306662 11.561
 28   149.073 53203.78758233 37.58 242.383255  61.303502 11.561
 28   149.250 53203.78758362 35.84 242.378540  61.297197 16.758
 29   148.284 53238.78754894 29.13 242.389793  61.312778  8.742
 29   148.358 53238.78754959 30.09 242.387443  61.309618  8.742
 29   148.687 53238.78755023 29.08 242.385083  61.306468  8.742
 29   149.193 53238.78755217 26.94 242.378007  61.297000 20.749
 30   156.077 53273.78751174 14.67 242.402367  61.304075 10.865
 30   155.215 53273.78751239 13.64 242.400007  61.300915 10.865
 30   154.783 53273.78751303 14.94 242.397652  61.297757 25.641
 30   154.701 53273.78751368 15.69 242.395292  61.294607 25.641
 30   148.857 53273.78751432 17.82 242.392932  61.291447 25.641
 30   149.253 53273.78751497 20.49 242.390572  61.288297 25.641
 30   149.275 53273.78751561 27.97 242.388212  61.285137 25.641
 30   149.508 53273.78751626 39.47 242.385852  61.281977 25.641
 31   147.843 53308.78756604 22.47 242.391717  61.315249  9.324
 31   148.085 53308.78756669 22.31 242.389357  61.312099  9.324
 31   148.194 53308.78756733 22.38 242.386997  61.308939  9.324
 31   148.262 53308.78756798 24.51 242.384637  61.305789  9.324
 31   149.156 53308.78756991 35.34 242.377557  61.296319  9.324
 33   150.046 53378.78747859 22.50 242.401075  61.300715  7.806
 33   150.244 53378.78747924 22.87 242.398715  61.297555  7.806
 33   150.182 53378.78747988 23.62 242.396355  61.294395  7.806
 33   150.233 53378.78748053 21.95 242.393995  61.291245  7.806
 33   150.203 53378.78748117 22.62 242.391635  61.288085  7.806
 33   150.265 53378.78748182 21.00 242.389275  61.284935  7.806
 33   150.341 53378.78748246 20.63 242.386915  61.281775  7.806
 34   152.934 53413.78750967 14.07 242.393695  61.310891  3.464
 34   152.950 53413.78751031 15.88 242.391335  61.307741  3.464
 34   152.391 53413.78751096 16.97 242.388975  61.304581  3.464
 34   151.991 53413.78751160 17.14 242.386615  61.301421  3.464
 34   151.551 53413.78751225 17.59 242.384265  61.298271  3.464
 34   151.429 53413.78751289 18.30 242.381899  61.295116  4.426
 34   151.571 53413.78751354 19.47 242.379549  61.291956  4.426
 35   149.582 53448.78750058 20.16 242.399796  61.302648  6.462
 35   149.640 53448.78750122 21.58 242.397436  61.299488  6.462
 35   149.669 53448.78750187 22.72 242.395066  61.296338  6.462
 35   149.696 53448.78750251 21.82 242.392706  61.293178  6.462
 35   149.906 53448.78750316 20.77 242.390356  61.290028  6.462
 35   150.033 53448.78750380 20.04 242.387996  61.286868  6.462
 35   150.024 53448.78750445 20.18 242.385636  61.283708  6.462
 37   157.868 53518.78758254 18.96 242.390430  61.313020 12.892
 37   156.554 53518.78758319 18.70 242.388070  61.309860 12.892
 37   155.602 53518.78758383 20.69 242.385710  61.306700 12.892
 37   150.850 53518.78758448 30.05 242.383350  61.303550 12.892
 37   149.463 53518.78758577 26.37 242.378640  61.297240 12.892
 38   148.170 53553.78760371 27.81 242.387683  61.319199 10.326
 38   148.641 53553.78760436 27.83 242.385323  61.316049 10.326
 38   148.996 53553.78760500 27.62 242.382963  61.312889 10.326
 39   148.539 53588.78755257 37.55 242.390902  61.314436 14.514
 39   148.902 53588.78755321 38.96 242.388542  61.311286 14.514
 39   149.069 53588.78755386 38.19 242.386182  61.308126 14.514
 39   149.214 53588.78755450 40.21 242.383822  61.304966 14.514
 39   149.735 53588.78755644 40.24 242.376752  61.295506 14.514
 40   149.197 53623.78752755 36.17 242.395175  61.309251 15.816
 40   149.361 53623.78752819 38.82 242.392815  61.306091 15.816
 40   149.364 53623.78752884 39.39 242.390455  61.302941 15.816
 40   149.496 53623.78752948 37.86 242.388095  61.299781 15.816
 40   149.574 53623.78753012 36.52 242.385729  61.296621 21.601
 40   149.520 53623.78753077 33.72 242.383369  61.293471 21.601
 40   149.434 53623.78753141 30.53 242.381009  61.290311 21.601
 41   149.023 53658.78755462 38.79 242.393202  61.309996 14.670
 41   149.191 53658.78755527 42.69 242.390832  61.306836 14.670
 41   149.269 53658.78755591 42.41 242.388472  61.303676 14.670
 41   149.515 53658.78755656 44.76 242.386112  61.300526 14.670
 41   149.647 53658.78755720 46.09 242.383753  61.297364 22.851
 41   149.706 53658.78755785 44.67 242.381393  61.294214 22.851
 41   150.002 53658.78755849 45.33 242.379043  61.291054 22.851
 42   147.246 53693.78753237 28.02 242.388756  61.318539  9.210
 42   147.547 53693.78753301 30.89 242.386386  61.315389  9.210
 42   147.732 53693.78753366 31.13 242.384026  61.312229  9.210
 43   151.037 53728.78745562 24.74 242.385414  61.318158  7.545
 43   151.099 53728.78745627 27.86 242.383054  61.315008  7.545
 44   151.203 53763.78741877 47.91 242.399066  61.302945 16.506
 44   151.167 53763.78741942 50.64 242.396706  61.299785 16.506
 44   151.198 53763.78742006 50.11 242.394346  61.296635 16.506
 44   151.193 53763.78742071 48.57 242.391982  61.293483 11.422
 44   151.171 53763.78742135 36.42 242.389622  61.290323 11.422
 44   150.950 53763.78742200 31.92 242.387262  61.287163 11.422
 44   150.859 53763.78742264 27.75 242.384912  61.284013 11.422
 45   151.156 53798.78742487 39.91 242.388786  61.316243 18.339
 45   151.270 53798.78742551 41.48 242.386426  61.313083 18.339
 45   151.288 53798.78742615 39.18 242.384066  61.309933 18.339
 46   150.185 53833.78742209 32.23 242.399676  61.305086 20.811
 46   150.115 53833.78742274 24.58 242.397316  61.301926 20.811
 46   150.352 53833.78742338 20.15 242.394956  61.298776 20.811
 46   150.412 53833.78742403 21.56 242.392596  61.295616 20.811
 46   150.572 53833.78742467 22.14 242.390236  61.292456 20.811
 46   150.488 53833.78742532 24.50 242.387876  61.289306 20.811
 46   150.378 53833.78742596 24.40 242.385516  61.286146 20.811
 47   158.577 53868.78748624 18.80 242.392222  61.309960 21.482
 47   156.194 53868.78748689 23.22 242.389862  61.306800 21.482
 47   150.922 53868.78748753 25.66 242.387502  61.303650 21.482
 47   150.081 53868.78748818 29.41 242.385142  61.300490 21.482
 47   150.153 53868.78748882 32.07 242.382782  61.297330 21.482
 47   150.176 53868.78748947 32.05 242.380422  61.294180 21.482
 48   149.184 53903.78751852 37.59 242.390529  61.312895 16.883
 48   149.521 53903.78751917 37.76 242.388169  61.309745 16.883
 48   149.755 53903.78751981 40.32 242.385809  61.306585 16.883
 48   149.994 53903.78752045 39.46 242.383449  61.303425 16.883
 48   150.165 53903.78752110 42.88 242.381089  61.300275 16.883
 48   150.203 53903.78752174 44.21 242.378732  61.297119 22.405
 49   147.877 53938.78755228 25.34 242.387308  61.319991 11.610
 49   148.217 53938.78755293 27.87 242.384948  61.316831 11.610
 49   148.459 53938.78755357 29.46 242.382578  61.313671 11.610
 50   147.626 53973.78751380 28.32 242.384951  61.319282 13.456
 50   147.968 53973.78751444 29.57 242.382591  61.316122 13.456
 51   148.770 54008.78750703 37.34 242.400066  61.305794 16.913
 51   148.768 54008.78750768 39.31 242.397706  61.302644 16.913
 51   149.000 54008.78750832 39.78 242.395346  61.299484 16.913
 51   149.348 54008.78750897 42.81 242.392986  61.296324 16.913
 51   149.353 54008.78750961 45.44 242.390626  61.293174 16.913
 51   149.521 54008.78751026 44.74 242.388260  61.290011 24.387
 51   149.664 54008.78751090 41.36 242.385900  61.286861 24.387
 52   148.439 54043.78752861 44.24 242.396131  61.305270 15.908
 52   148.558 54043.78752925 44.58 242.393771  61.302120 15.908
 52   148.680 54043.78752990 44.38 242.391411  61.298960 15.908
 52   149.057 54043.78753054 43.96 242.389051  61.295800 15.908
 52   149.390 54043.78753118 46.47 242.386701  61.292650 15.908
 52   149.698 54043.78753183 40.34 242.384335  61.289487 14.206
 53   148.585 54078.78752025 46.56 242.388854  61.317641 18.883
 53   148.491 54078.78752089 46.23 242.386494  61.314481 18.883
 53   148.534 54078.78752154 43.07 242.384134  61.311331 18.883
 54   149.360 54113.78745640 47.69 242.384571  61.322861 21.443
 54   149.365 54113.78745704 51.32 242.382211  61.319711 21.443
 54   149.436 54113.78745768 47.12 242.379851  61.316551 21.443
 56   149.260 54183.78744655 35.12 242.384436  61.320262 11.273
 56   149.170 54183.78744719 28.19 242.382076  61.317102 11.273
 57   149.693 54218.78747561 31.14 242.393799  61.310262 24.101
 57   149.845 54218.78747626 33.68 242.391439  61.307102 24.101
 57   149.991 54218.78747690 36.90 242.389079  61.303942 24.101
 57   150.142 54218.78747755 38.49 242.386719  61.300792 24.101
 57   150.134 54218.78747819 37.98 242.384359  61.297632 24.101
 57   150.346 54218.78747884 35.37 242.381999  61.294482 24.101
 57   150.495 54218.78747948 36.11 242.379639  61.291322 24.101
 58   149.116 54253.78749969 38.85 242.392116  61.313792 17.298
 58   149.324 54253.78750033 41.33 242.389756  61.310642 17.298
 58   149.547 54253.78750098 41.81 242.387396  61.307482 17.298
 58   149.803 54253.78750162 42.59 242.385036  61.304322 17.298
 58   149.898 54253.78750227 42.61 242.382676  61.301172 17.298
 58   150.028 54253.78750291 43.07 242.380316  61.298012 17.298
 58   150.158 54253.78750356 40.27 242.377956  61.294862 17.298
 59   149.217 54288.78750361 35.87 242.391474  61.312934 22.223
 59   149.516 54288.78750425 36.13 242.389114  61.309774 22.223
 59   149.545 54288.78750490 35.98 242.386754  61.306624 22.223
 59   149.566 54288.78750554 32.62 242.384394  61.303464 22.223
 59   149.563 54288.78750619 31.44 242.382034  61.300314 22.223
 59   149.849 54288.78750683 28.49 242.379674  61.297154 22.223
 59   152.772 54288.78750748 28.43 242.377314  61.293994 22.223
 60   159.532 54323.78750100 14.28 242.392014  61.313045 13.976
 60   157.425 54323.78750165 13.73 242.389654  61.309895 13.976
 60   157.677 54323.78750229 13.73 242.387294  61.306735 13.976
 60   150.581 54323.78750293 27.86 242.384934  61.303575 13.976
 60   150.676 54323.78750358 25.50 242.382574  61.300425 13.976
 60   152.420 54323.78750422 17.47 242.380214  61.297265 13.976
 60   152.720 54323.78750487 27.25 242.377854  61.294105 13.976
 61   147.644 54358.78745579 30.45 242.385571  61.320572 19.902
 61   147.921 54358.78745644 32.96 242.383211  61.317412 19.902
 61   148.450 54358.78745708 34.63 242.380851  61.314252 19.902
 62   148.432 54393.78744130 36.82 242.393630  61.312809 21.053
 62   148.757 54393.78744194 38.22 242.391270  61.309649 21.053
 62   148.974 54393.78744259 39.54 242.388910  61.306489 21.053
 62   149.048 54393.78744323 41.52 242.386550  61.303339 21.053
 62   149.224 54393.78744387 41.21 242.384190  61.300179 21.053
 62   149.397 54393.78744452 41.97 242.381830  61.297029 21.053
 62   149.660 54393.78744516 42.96 242.379470  61.293869 21.053
 63   147.156 54428.78740669 34.52 242.389497  61.316775 13.283
 63   147.508 54428.78740734 35.61 242.387137  61.313625 13.283
 63   147.487 54428.78740798 36.42 242.384777  61.310465 13.283
 64   148.697 54463.78742068 38.80 242.395071  61.309343 16.793
 64   148.803 54463.78742133 37.53 242.392711  61.306183 16.793
 64   149.300 54463.78742197 34.41 242.390351  61.303033 16.793
 64   149.963 54463.78742262 32.41 242.387991  61.299873 16.793
 64   150.041 54463.78742326 33.74 242.385631  61.296723 16.793
 64   150.002 54463.78742390 32.98 242.383271  61.293563 16.793
 64   149.757 54463.78742455 29.59 242.380911  61.290403 16.793
 65   149.589 54498.78741668 28.55 242.390276  61.316348 11.587
 65   149.664 54498.78741732 29.52 242.387916  61.313188 11.587
 65   150.288 54498.78741797 33.58 242.385556  61.310038 11.587
 65   150.254 54498.78741861 37.70 242.383196  61.306878 11.587
 66   149.437 54533.78743471 29.66 242.392045  61.309775  6.458
 66   149.659 54533.78743535 30.70 242.389685  61.306615  6.458
 66   149.962 54533.78743600 30.17 242.387331  61.303463  7.907
 66   150.008 54533.78743664 32.05 242.384971  61.300303  7.907
 66   150.036 54533.78743729 26.91 242.382611  61.297143  7.907
 66   149.881 54533.78743793 18.96 242.380251  61.293993  7.907
 67   158.512 54568.78742020 17.60 242.385566  61.318375  7.504
 67   158.289 54568.78742084 15.56 242.383206  61.315215  7.504
 68   149.228 54603.78742903 38.67 242.391775  61.311002 20.802
 68   149.406 54603.78742967 39.52 242.389415  61.307842 20.802
 68   149.629 54603.78743031 39.37 242.387055  61.304692 20.802
 68   149.856 54603.78743096 42.63 242.384694  61.301538 23.456
 68   149.881 54603.78743160 43.94 242.382344  61.298378 23.456
 68   150.083 54603.78743225 42.71 242.379984  61.295218 23.456
 69   148.885 54638.78743890 35.79 242.390994  61.316178 13.486
 69   149.156 54638.78743954 36.93 242.388624  61.313018 13.486
 69   149.478 54638.78744019 39.64 242.386274  61.309858 13.486
 69   149.588 54638.78744083 41.23 242.383914  61.306708 13.486
 70   158.284 54673.78744173 18.28 242.390582  61.315578  5.413
 70   156.602 54673.78744237 15.52 242.388222  61.312418  5.413
 70   154.521 54673.78744302 14.45 242.385862  61.309258  5.413
 70   153.532 54673.78744366 15.82 242.383502  61.306108  5.413
 71   158.236 54708.78739967 11.27 242.388199  61.316564 10.818
 71   157.493 54708.78740032 11.63 242.385839  61.313414 10.818
 71   155.184 54708.78740096 12.63 242.383479  61.310254 10.818
 72   148.708 54743.78740839 35.10 242.393865  61.312833  9.912
 72   148.770 54743.78740904 38.43 242.391505  61.309673  9.912
 72   148.962 54743.78740968 40.42 242.389145  61.306523  9.912
 72   149.060 54743.78741033 40.65 242.386789  61.303362 19.960
 72   149.259 54743.78741097 42.08 242.384429  61.300212 19.960
 72   149.412 54743.78741162 41.84 242.382069  61.297052 19.960
 72   149.640 54743.78741226 45.43 242.379709  61.293902 19.960
 73   147.964 54778.78738305 41.53 242.390297  61.314595 11.111
 73   148.322 54778.78738369 41.06 242.387937  61.311435 11.111
 73   148.498 54778.78738434 40.91 242.385577  61.308285 11.111
 73   148.726 54778.78738498 41.65 242.383213  61.305132 11.159
 73   149.276 54778.78738692 38.67 242.376143  61.295662 11.159
 74   149.591 54813.78740236 44.74 242.394856  61.309303 13.119
 74   149.570 54813.78740301 49.11 242.392496  61.306153 13.119
 74   149.692 54813.78740365 49.21 242.390131  61.303001 14.073
 74   149.727 54813.78740429 52.17 242.387771  61.299841 14.073
 74   149.603 54813.78740494 47.43 242.385411  61.296681 14.073
 74   149.598 54813.78740558 32.97 242.383051  61.293531 14.073
 74   149.440 54813.78740623 28.64 242.380701  61.290371 14.073
 75   149.753 54848.78738224 17.64 242.387348  61.315047  3.557
 75   149.815 54848.78738288 18.48 242.384988  61.311887  3.557
 76   149.096 54883.78740577 16.62 242.391689  61.310876  3.403
 76   149.192 54883.78740642 18.62 242.389329  61.307716  3.403
 76   149.217 54883.78740706 19.93 242.386970  61.304556  5.129
 76   149.311 54883.78740771 20.99 242.384610  61.301406  5.129
 76   149.211 54883.78740835 20.73 242.382250  61.298246  5.129
 76   149.164 54883.78740900 20.65 242.379890  61.295096  5.129
 77   153.982 54918.78738364 12.03 242.382799  61.320700  3.137
 77   154.791 54918.78738429 12.43 242.380439  61.317540  3.137
 78   150.170 54953.78739981 39.11 242.392690  61.311694 23.023
 78   150.172 54953.78740046 41.66 242.390330  61.308534 23.023
 78   150.379 54953.78740110 32.46 242.387970  61.305374 23.023
 78   150.503 54953.78740174 28.50 242.385610  61.302224 23.023
 78   150.605 54953.78740239 27.84 242.383252  61.299069 27.879
 78   150.816 54953.78740303 39.37 242.380892  61.295909 27.879
 78   150.719 54953.78740368 35.40 242.378532  61.292749 27.879
 79   148.716 54988.78742337 39.34 242.391912  61.315048 16.789
 79   148.987 54988.78742402 41.35 242.389552  61.311888 16.789
 79   149.145 54988.78742466 44.27 242.387192  61.308728 16.789
 79   149.323 54988.78742531 43.88 242.384832  61.305578 16.789
 79   149.728 54988.78742660 43.38 242.380120  61.299265 21.692
 79   149.898 54988.78742724 43.40 242.377760  61.296105 21.692
 80   149.151 55023.78741580 37.66 242.389291  61.312907 12.331
 80   149.288 55023.78741644 38.28 242.386931  61.309747 12.331
 80   149.423 55023.78741709 37.69 242.384571  61.306597 12.331
 81   148.593 55058.78741040 36.45 242.390777  61.314157 10.805
 81   148.830 55058.78741104 38.43 242.388417  61.311007 10.805
 81   149.028 55058.78741169 39.99 242.386057  61.307847 10.805
 81   149.232 55058.78741233 40.23 242.383697  61.304697 10.805
 81   149.601 55058.78741362 41.94 242.378976  61.298380 18.670
 81   149.755 55058.78741427 43.88 242.376616  61.295220 18.670
 82   158.794 55093.78736332 16.77 242.386188  61.321280 14.314
 82   158.836 55093.78736396 16.95 242.383828  61.318120 14.314
 82   158.262 55093.78736461 16.00 242.381478  61.314960 14.314
 83   148.621 55128.78735223 34.41 242.391515  61.311136  7.236
 83   148.696 55128.78735287 38.04 242.389155  61.307976  7.236
 83   148.879 55128.78735351 38.61 242.386798  61.304825 16.295
 83   148.957 55128.78735416 40.31 242.384438  61.301665 16.295
 83   149.171 55128.78735480 39.58 242.382078  61.298505 16.295
 83   149.491 55128.78735545 38.47 242.379718  61.295355 16.295
 84   146.786 55163.78732612 39.18 242.389130  61.314877 12.642
 84   147.375 55163.78732677 40.75 242.386770  61.311717 12.642
 84   147.445 55163.78732741 39.52 242.384410  61.308557 12.642
 85   149.616 55198.78734383 26.98 242.392270  61.309182  6.087
 85   149.644 55198.78734447 29.69 242.389910  61.306032  6.087
 85   149.885 55198.78734512 31.29 242.387551  61.302880 10.722
 85   149.797 55198.78734576 35.10 242.385191  61.299720 10.722
 85   149.914 55198.78734641 38.15 242.382831  61.296560 10.722
 85   149.758 55198.78734705 29.74 242.380471  61.293410 10.722
 86   148.243 55233.78733050 19.31 242.385995  61.317867  3.551
 86   148.212 55233.78733114 19.72 242.383635  61.314707  3.551
 87   148.653 55268.78733827 20.66 242.391026  61.311067  6.145
 87   148.775 55268.78733891 22.10 242.388666  61.307917  6.145
 87   148.976 55268.78733956 24.61 242.386310  61.304754  6.916
 87   148.991 55268.78734020 26.36 242.383950  61.301604  6.916
 87   149.166 55268.78734085 23.87 242.381590  61.298444  6.916
 87   149.229 55268.78734149 22.87 242.379230  61.295294  6.916
 88   148.754 55303.78731030 32.55 242.385123  61.317815 16.471
 88   148.914 55303.78731095 30.10 242.382763  61.314655 16.471
 89   148.040 55338.78731046 36.54 242.391149  61.313596 19.436
 89   148.209 55338.78731110 36.96 242.388789  61.310436 19.436
 89   148.392 55338.78731174 36.65 242.386429  61.307276 19.436
 89   148.592 55338.78731239 36.88 242.384069  61.304126 19.436
 89   149.004 55338.78731368 47.60 242.379347  61.297811 24.797
 89   149.031 55338.78731432 49.55 242.376987  61.294651 24.797
 90   148.648 55373.78730188 31.14 242.389589  61.313293  9.327
 90   148.806 55373.78730252 32.47 242.387229  61.310133  9.327
 90   149.088 55373.78730317 33.91 242.384869  61.306983  9.327
 91   148.221 55408.78732309 30.16 242.394445  61.310985  9.692
 91   148.404 55408.78732374 33.66 242.392085  61.307825  9.692
 91   148.631 55408.78732438 35.87 242.389725  61.304675  9.692
 91   148.702 55408.78732503 36.28 242.387362  61.301521 18.507
 91   148.924 55408.78732567 33.89 242.385012  61.298361 18.507
 91   149.063 55408.78732632 31.68 242.382652  61.295201 18.507
 91   149.354 55408.78732696 30.55 242.380292  61.292051 18.507
 92   147.863 55443.78731922 27.86 242.390340  61.313941  8.371
 92   147.886 55443.78731986 32.56 242.387980  61.310781  8.371
 92   148.010 55443.78732051 32.24 242.385620  61.307621  8.371
 92   148.250 55443.78732115 33.69 242.383260  61.304471  8.371
 92   149.114 55443.78732309 41.64 242.376182  61.294995 20.622
 93   147.193 55478.78725651 21.07 242.384019  61.319025 13.697
 93   155.004 55478.78725715 20.29 242.381669  61.315865 13.697
