# NaN NaN NaN ;Mean Elev.(m), Avg Gradient(m/km), RMS Gradient(m/km) - SRTM1     
#   22.743  -8.775  19.518 ;Mean Elev.(m), Avg Gradient(m/km), RMS Gradient(m/km) - ASTER GDEM
#    5.712  -8.764  22.823 ;Mean Elev.(m), Avg Gradient(m/km), RMS Gradient(m/km) - GMTED2010 
 17     2.927 52815.85185055 22.59 225.831720  68.615957  9.274
 17     3.337 52815.85185119 19.73 225.827800  68.612927  9.274
 17     4.130 52815.85185184 19.89 225.823880  68.609897  9.274
 18     2.788 52850.85190309 16.76 225.823769  68.612187  6.593
 18     5.529 52850.85190373 17.76 225.819849  68.609157  6.593
 24     2.327 53060.85185028  9.00 225.823094  68.611031  1.610
 24     2.280 53060.85185092 13.22 225.819186  68.607998  4.992
 26     1.949 53130.85185196 13.16 225.834197  68.616574  3.883
 26     1.598 53130.85185261 12.59 225.830277  68.613544  3.883
 26     2.219 53130.85185325 12.11 225.826367  68.610514  3.883
 26     2.106 53130.85185389 11.90 225.822447  68.607494  3.883
 28     4.377 53200.85192687 21.56 225.818528  68.615293  4.750
 28     4.833 53200.85192752 27.84 225.814608  68.612263  4.750
 30     0.157 53270.85185701 30.78 225.837219  68.613633  7.494
 30     3.808 53270.85185765 16.89 225.833299  68.610603  7.494
 30     5.096 53270.85185830 16.53 225.829379  68.607573  7.494
 35     1.577 53445.85184470 13.60 225.805568  68.621598  3.931
 35     1.625 53445.85184534 16.43 225.801648  68.618568  3.931
 39     4.534 53585.85191128 19.36 225.816368  68.618482  6.301
 39     4.892 53585.85191192 28.41 225.812458  68.615452  6.301
 39     3.177 53585.85191256 38.67 225.808538  68.612422  6.301
 46     2.609 53830.85176012 16.13 225.835316  68.613460  5.321
 46     2.996 53830.85176076 15.92 225.831406  68.610430  5.321
 46     1.711 53830.85176141 16.07 225.827489  68.607402  5.656
 54     1.840 54110.85181463 16.90 225.808285  68.625630  4.683
 54     1.633 54110.85181528 20.71 225.804365  68.622600  4.683
 55     1.494 54145.85181336 19.70 225.827384  68.617050  3.915
 55     1.343 54145.85181400 18.51 225.823464  68.614020  3.915
 55     1.945 54145.85181465 18.17 225.819544  68.610990  3.915
 56     2.383 54180.85180183 15.10 225.807364  68.621207  4.915
 56     2.328 54180.85180247 18.07 225.803444  68.618177  4.915
 57     3.080 54215.85182145 13.12 225.826152  68.617415  4.012
 57     3.127 54215.85182210 13.50 225.822232  68.614395  4.012
 57     3.568 54215.85182274 13.70 225.818312  68.611365  4.012
 67     1.687 54565.85177339 14.89 225.818835  68.628768  5.146
 67     2.432 54565.85177404 13.76 225.814915  68.625738  5.146
 67     2.628 54565.85177468 13.70 225.811005  68.622708  5.146
 67     2.083 54565.85177533 13.73 225.807085  68.619678  5.146
 67     3.431 54565.85177597 13.24 225.803165  68.616658  5.146
 69     3.561 54635.85178901 25.87 225.820759  68.619688 19.395
 69     4.784 54635.85178966 27.46 225.816849  68.616658 19.395
 69     2.838 54635.85179030 37.77 225.812929  68.613628 19.395
 85     1.919 55195.85169209 11.20 225.823170  68.612235  3.867
 85     1.781 55195.85169274 16.29 225.819250  68.609205  3.867
 87     1.654 55265.85168619 14.25 225.823278  68.618050  4.798
 87     1.605 55265.85168684 16.92 225.819358  68.615020  4.798
 87     2.692 55265.85168748 16.16 225.815438  68.612000  4.798
 88     1.922 55300.85166589  9.98 225.811629  68.621250  5.549
 88     2.319 55300.85166653 10.75 225.807709  68.618220  5.549
 91     4.881 55405.85167098 20.10 225.827321  68.617486 26.632
 91     3.048 55405.85167162 19.07 225.823401  68.614456 26.632
 91     4.364 55405.85167227 21.54 225.819481  68.611426 26.632
