# NaN NaN NaN ;Mean Elev.(m), Avg Gradient(m/km), RMS Gradient(m/km) - SRTM1     
#  130.150  -3.592   4.646 ;Mean Elev.(m), Avg Gradient(m/km), RMS Gradient(m/km) - ASTER GDEM
#  143.515  -3.882   4.039 ;Mean Elev.(m), Avg Gradient(m/km), RMS Gradient(m/km) - GMTED2010 
  7 241.483569  61.316859   142.330   142.291  6 52456.20191328 23.621
 10 241.479399  61.316316   141.402   141.364  6 52561.20191485 27.348
 12 241.476688  61.318065   140.873   140.899  6 52631.20186448 30.628
 15 241.491378  61.318360   140.143   140.127  6 52736.20189686 15.981
 17 241.472729  61.316247   141.988   142.000  5 52806.20192091 49.069
 18 241.477700  61.316997   141.909   141.911  6 52841.20198080 22.261
 19 241.479081  61.317866   142.126   142.035  6 52876.20201973 19.950
 20 241.497748  61.319452   140.721   140.486  6 52911.20198363 42.805
 23 241.489447  61.317472   140.278   140.334  6 53016.20197219 23.377
 24 241.477635  61.317177   139.994   139.975  6 53051.20194938 24.036
 25 241.483396  61.317005   139.875   139.909  7 53086.20198561 19.958
 26 241.476384  61.316693   140.731   140.470  5 53121.20195598 20.966
 28 241.489369  61.317951   140.420   140.390  7 53191.20200193 29.438
 29 241.491233  61.317307   141.170   141.101  7 53226.20200685 25.124
 30 241.491394  61.317081   139.841   139.846  6 53261.20198077 47.390
 31 241.471361  61.315610   140.255   140.265  6 53296.20201347 20.832
 32 241.485381  61.317464   139.456   139.461  6 53331.20198582 32.751
 34 241.479583  61.317442   139.334   139.345  6 53401.20195987 14.928
 35 241.493636  61.317649   139.483   139.453  6 53436.20194907 16.075
 36 241.474843  61.317437   144.987   144.747  6 53471.20199890  0.959
 37 241.482470  61.316251   142.588   142.477  6 53506.20203334 23.832
 38 241.482519  61.317344   141.904   141.806  6 53541.20203738 27.242
 39 241.489042  61.316403   141.984   142.012  7 53576.20202750 25.384
 40 241.492887  61.318253   142.038   142.018  7 53611.20197926 26.917
 41 241.477748  61.315540   142.289   142.263  6 53646.20198319 18.893
 42 241.481964  61.317643   140.285   140.389  6 53681.20199979 36.505
 43 241.495860  61.317846   141.051   140.973  6 53716.20192716 31.490
 44 241.479796  61.316675   141.502   141.419  7 53751.20184533 27.496
 45 241.491150  61.318153   141.590   141.590  7 53786.20187554 18.600
 46 241.502368  61.318306   141.204   141.146  6 53821.20183199 17.918
 47 241.475802  61.316772   144.078   143.474  6 53856.20192016 28.992
 48 241.487478  61.317596   142.667   142.829  6 53891.20193167 22.951
 49 241.472670  61.316867   141.558   141.597  5 53926.20199459 39.870
 50 241.484170  61.316958   140.539   140.533  6 53961.20198057 39.046
 51 241.471090  61.315416   140.793   140.263  6 53996.20192068 28.346
 52 241.480303  61.316938   141.466   141.286  7 54031.20197451 19.163
 53 241.490768  61.316610   140.320   140.390  7 54066.20196783 19.800
 54 241.492599  61.318712   140.246   140.271  6 54101.20193069 16.154
 55 241.477513  61.316936   139.727   139.782  6 54136.20189527 14.797
 57 241.476150  61.316241   141.492   141.326  6 54206.20190009  6.119
 58 241.485605  61.316359   140.136   140.139  6 54241.20193320 49.160
 59 241.485416  61.316687   142.286   142.246  6 54276.20194831 21.777
 61 241.494933  61.318067   142.433   142.490  6 54346.20192336 16.596
 62 241.480679  61.315400   141.890   142.236  6 54381.20188580 23.061
 63 241.489507  61.317243   140.523   140.559  7 54416.20187210 44.106
 64 241.475899  61.316868   141.162   141.147  6 54451.20185475 25.432
 65 241.487085  61.316713   140.819   140.828  7 54486.20186827 22.087
 66 241.480679  61.317432   140.314   140.321  6 54521.20186805 18.342
 67 241.491054  61.317791   140.157   140.204  6 54556.20187917 16.124
 68 241.481022  61.318039   142.705   142.684  6 54591.20186439 36.219
 69 241.486516  61.317595   141.507   141.429  6 54626.20188009 32.050
 70 241.481897  61.316994   142.122   142.144  6 54661.20188808 20.071
 71 241.492268  61.317145   142.380   142.399  6 54696.20186495 16.952
 72 241.480317  61.315263   140.328   140.315  6 54731.20184359 49.786
 73 241.486047  61.316762   139.393   139.448  6 54766.20184357 39.230
 75 241.486082  61.316852   140.786   140.779  6 54836.20183568 23.975
 76 241.478216  61.316036   140.209   140.235  6 54871.20183551 17.268
 77 241.491170  61.318077   139.822   139.839  6 54906.20184382 14.888
 78 241.478306  61.316995   141.758   141.685  6 54941.20182821  2.282
 79 241.482925  61.316828   143.615   144.177  6 54976.20185679 22.042
 80 241.486711  61.317027   141.775   141.477  6 55011.20186644 24.281
 81 241.484507  61.316661   141.244   141.187  7 55046.20185794 40.598
 82 241.493570  61.318438   142.246   142.278  6 55081.20183144 18.255
 83 241.479829  61.317870   141.575   141.737  6 55116.20179014 25.963
 84 241.485875  61.316990   140.302   140.345  6 55151.20178845 41.187
 85 241.476861  61.317116   140.889   140.846  6 55186.20177582 28.732
 86 241.487400  61.316690   140.182   140.099  6 55221.20178668 24.196
 87 241.480705  61.317960   140.264   140.241  6 55256.20177174 23.185
 88 241.492786  61.317446   140.232   140.258  7 55291.20177553 10.811
 89 241.481781  61.317633   143.044   143.125  6 55326.20175704 27.063
 90 241.488181  61.316801   142.486   142.453  6 55361.20175334 19.534
 91 241.478151  61.318172   141.731   141.634  6 55396.20176023 22.022
 92 241.486005  61.317163   140.060   140.074  6 55431.20176880 49.682
 93 241.496860  61.318662   139.930   139.941  7 55466.20172927 44.336
