# NaN NaN NaN ;Mean Elev.(m), Avg Gradient(m/km), RMS Gradient(m/km) - SRTM1     
#   20.266 -18.337  77.850 ;Mean Elev.(m), Avg Gradient(m/km), RMS Gradient(m/km) - ASTER GDEM
#   53.808  -9.519  69.231 ;Mean Elev.(m), Avg Gradient(m/km), RMS Gradient(m/km) - GMTED2010 
  8 232.884473  65.318488    61.028    51.484  3 52495.82255246 11.245
  9 232.897743  65.316502    40.603    39.761  3 52530.82253789 16.153
 10 232.896258  65.315373    53.831    43.565  3 52565.82255813 25.024
 11 232.874315  65.320097    41.262    41.262  2 52600.82257682 24.379
 12 232.891343  65.317581    79.859    79.859  2 52635.82253763 14.985
 13 232.880714  65.318292    78.460    78.460  2 52670.82254500 11.970
 14 232.893700  65.316393    79.192    79.192  2 52705.82253865  7.007
 15 232.878254  65.319240    79.636    79.738  3 52740.82257264  6.587
 16 232.876511  65.320939    50.068    50.068  2 52775.82251778 20.954
 17 232.891894  65.316474    41.625    41.625  2 52810.82259401 46.110
 18 232.893063  65.316099    38.875    38.875  2 52845.82264968 42.786
 19 232.884364  65.318872    48.720    50.273  3 52880.82268676 32.826
 20 232.878797  65.318778    44.982    43.476  3 52915.82264435 41.563
 22 232.890858  65.315466    55.974    50.467  3 52985.82262597 14.018
 23 232.880884  65.318613    79.897    79.733  3 53020.82261579  7.971
 24 232.895747  65.316177    78.853    78.853  2 53055.82260412  7.615
 25 232.867642  65.320630    79.807    79.790  3 53090.82264182  4.921
 27 232.882301  65.319610    40.504    40.504  2 53160.82267339 19.345
 28 232.888849  65.320003    41.473    41.473  2 53195.82267049 37.786
 29 232.886215  65.317195    40.695    42.265  3 53230.82265622 19.408
 30 232.868391  65.320370    60.938    54.898  3 53265.82262643 12.646
 31 232.884389  65.319017    40.962    41.275  3 53300.82267524 42.851
 32 232.882698  65.318657    59.385    59.385  2 53335.82264619 20.331
 33 232.872950  65.319789    78.683    78.683  2 53370.82258416  8.658
 34 232.890826  65.316727    78.856    79.245  3 53405.82261878  7.275
 35 232.873633  65.320438    80.475    80.475  2 53440.82260532  3.863
 38 232.877416  65.319598    66.525    66.525  2 53545.82270255 11.953
 39 232.877972  65.318675    79.864    79.864  2 53580.82267743  7.363
 40 232.871870  65.322597    41.351    41.351  2 53615.82263160 43.667
 41 232.890161  65.316225    46.598    40.435  3 53650.82264480 14.837
 42 232.878609  65.318605    79.337    79.585  3 53685.82265293 16.812
 43 232.876182  65.319902    79.726    79.726  2 53720.82257886  9.898
 44 232.900098  65.315261    78.530    78.530  2 53755.82250612 11.618
 45 232.885372  65.318037    79.276    79.293  3 53790.82253405  9.347
 48 232.890623  65.318041    69.716    63.859  3 53895.82260373 16.873
 49 232.875297  65.320121    79.545    79.545  2 53930.82265574  8.313
 50 232.873445  65.319323    40.970    41.319  3 53965.82263310 43.314
 53 232.883785  65.317251    79.153    79.177  3 54070.82262863 14.076
 54 232.869806  65.319833    79.196    79.444  3 54105.82258138  9.704
 56 232.876247  65.318978    79.919    80.351  3 54175.82256203  5.218
 57 232.889242  65.318316    47.537    50.469  3 54210.82256760  4.741
 59 232.885197  65.317854    38.661    40.409  3 54280.82260867 45.529
 60 232.883075  65.318046    66.643    66.643  2 54315.82260773 10.012
 61 232.878793  65.321933    69.458    69.458  2 54350.82257495 18.931
 62 232.890255  65.318763    80.238    80.238  2 54385.82254629 14.897
 63 232.875780  65.317923    41.672    41.672  2 54420.82252558 38.040
 64 232.895127  65.315428    78.439    78.439  2 54455.82251911 10.298
 65 232.880790  65.318707    80.099    80.247  3 54490.82252623  6.230
 66 232.890770  65.317051    79.845    79.845  2 54525.82253183  6.288
 68 232.883350  65.316944    44.766    44.825  3 54595.82252775 27.334
 69 232.883917  65.318521    79.369    80.036  3 54630.82254147 13.612
 70 232.882867  65.317970    41.271    42.332  3 54665.82254796 44.093
 71 232.877317  65.319921    79.568    79.968  3 54700.82251699  9.790
 72 232.892647  65.316925    44.996    44.353  3 54735.82250726 22.245
 74 232.890945  65.317079    77.853    77.853  2 54805.82250111 14.458
 75 232.883192  65.317621    77.536    77.005  3 54840.82249318 11.077
 77 232.874649  65.320613    79.765    79.498  3 54910.82249854  5.765
 78 232.887879  65.316854    77.739    77.353  3 54945.82249472  6.065
 80 232.883987  65.318142    80.036    80.402  3 55015.82252290 10.493
 81 232.883256  65.317001    40.394    40.439  3 55050.82251741 35.949
 82 232.873680  65.320613    39.647    39.647  2 55085.82248285 41.834
 83 232.891654  65.316247    78.821    79.065  3 55120.82245102 23.877
 84 232.877635  65.318650    42.022    42.022  2 55155.82244318 36.012
 85 232.892200  65.317492    79.330    79.572  3 55190.82244007 12.043
 86 232.879322  65.318876    79.948    79.948  2 55225.82244342  7.721
 87 232.886240  65.317764    80.356    80.356  2 55260.82243604  6.508
 88 232.875411  65.318711    79.682    80.055  3 55295.82242885  4.568
 90 232.880618  65.319127    41.095    40.820  3 55365.82241016 18.450
 91 232.891259  65.316448    41.666    41.666  2 55400.82242266 43.425
 92 232.884125  65.319045    38.189    38.410  3 55435.82242696 19.309
