# NaN NaN NaN ;Mean Elev.(m), Avg Gradient(m/km), RMS Gradient(m/km) - SRTM1     
#  134.032  -0.266   3.952 ;Mean Elev.(m), Avg Gradient(m/km), RMS Gradient(m/km) - ASTER GDEM
#  143.626   0.100   1.880 ;Mean Elev.(m), Avg Gradient(m/km), RMS Gradient(m/km) - GMTED2010 
  7 242.387601  61.312942   148.607   148.720  3 52468.78747263 35.288
  8 242.385667  61.314183   143.472   143.561  3 52503.78746002 36.122
  9 242.392360  61.294949   149.463   149.455  7 52538.78744738 38.155
 10 242.386697  61.310216   148.463   148.488  4 52573.78748664 39.260
 11 242.386477  61.311816   147.641   147.667  4 52608.78744528 38.038
 12 242.386894  61.301191   150.851   150.654  7 52643.78744117 28.980
 13 242.387197  61.310726   152.541   153.362  4 52678.78742020 18.681
 15 242.380203  61.322435   148.189   148.189  2 52748.78748500 29.414
 16 242.390936  61.297542   150.278   150.294  7 52783.78743025 41.074
 17 242.390071  61.299075   150.009   150.013  7 52818.78750701 46.893
 18 242.388598  61.299822   155.465   155.355  6 52853.78755619 19.455
 20 242.383554  61.316979   147.762   147.805  3 52923.78754097 30.644
 21 242.392973  61.295460   148.955   148.916  7 52958.78751112 44.482
 22 242.387572  61.301309   149.170   149.148  7 52993.78753878 37.415
 23 242.385990  61.315330   149.448   149.448  2 53028.78750051 48.092
 24 242.388423  61.298231   149.943   149.967  7 53063.78751151 35.915
 25 242.381486  61.320018   157.846   157.871  3 53098.78752178 14.035
 26 242.389803  61.295708   152.082   152.914  7 53133.78751046 24.438
 28 242.385615  61.306662   148.899   148.897  5 53203.78758168 36.519
 29 242.385082  61.306466   148.631   148.522  4 53238.78755023 28.953
 30 242.394111  61.293026   152.209   152.245  8 53273.78751400 30.868
 31 242.386997  61.308939   148.308   148.280  5 53308.78756733 29.266
 33 242.393995  61.291243   150.216   150.222  7 53378.78748053 22.277
 34 242.386620  61.301426   152.117   152.031  7 53413.78751160 17.339
 35 242.392715  61.293180   149.793   149.794  7 53448.78750251 21.146
 37 242.385712  61.306705   154.067   154.780  5 53518.78758383 25.353
 38 242.385323  61.316046   148.602   148.641  3 53553.78760436 27.754
 39 242.386184  61.308126   149.092   149.067  5 53588.78755386 39.161
 40 242.388094  61.299781   149.421   149.416  7 53623.78752948 36.931
 41 242.386115  61.300524   149.479   149.491  7 53658.78755656 44.042
 42 242.386389  61.315386   147.508   147.547  3 53693.78753301 30.224
 43 242.384234  61.316583   151.068   151.068  2 53728.78745594 26.574
 44 242.391986  61.293479   151.106   151.058  7 53763.78742071 47.097
 45 242.386426  61.313086   151.238   151.270  3 53798.78742551 40.299
 46 242.392596  61.295616   150.357   150.367  7 53833.78742403 26.212
 47 242.386322  61.302069   152.684   153.174  6 53868.78748786 28.977
 48 242.384629  61.305007   149.804   149.843  6 53903.78752013 41.088
 49 242.384945  61.316831   148.184   148.217  3 53938.78755293 27.871
 50 242.383771  61.317702   147.797   147.797  2 53973.78751412 28.990
 51 242.392984  61.296328   149.203   149.197  7 54008.78750897 42.377
 52 242.390233  61.297381   148.970   148.974  6 54043.78753022 44.333
 53 242.386494  61.314484   148.537   148.534  3 54078.78752089 45.545
 54 242.382211  61.319708   149.387   149.365  3 54113.78745704 49.134
 56 242.383256  61.318682   149.215   149.215  2 54183.78744687 32.912
 57 242.386719  61.300790   150.092   150.105  7 54218.78747755 36.233
 58 242.385036  61.304327   149.696   149.676  7 54253.78750162 41.708
 59 242.384394  61.303466   150.004   149.596  7 54288.78750554 33.738
 60 242.384934  61.303578   154.433   154.923  7 54323.78750293 23.662
 61 242.383211  61.317412   148.005   147.921  3 54358.78745644 33.003
 62 242.386550  61.303337   149.070   149.048  7 54393.78744323 40.758
 63 242.387137  61.313622   147.384   147.487  3 54428.78740734 35.585
 64 242.387991  61.299875   149.509   149.481  7 54463.78742262 35.169
 65 242.386736  61.311613   149.949   149.959  4 54498.78741765 33.883
 66 242.386149  61.301882   149.830   149.847  6 54533.78743632 29.471
 67 242.384386  61.316795   158.400   158.400  2 54568.78742052 16.699
 68 242.385878  61.303112   149.681   149.660  6 54603.78743064 41.600
 69 242.387451  61.311440   149.277   149.317  4 54638.78743987 38.921
 70 242.387042  61.310840   155.735   155.561  4 54673.78744269 16.258
 71 242.385839  61.313411   156.971   157.493  3 54708.78740032 11.882
 72 242.386788  61.303367   149.116   149.106  7 54743.78741033 41.513
 73 242.385578  61.308284   148.557   148.498  5 54778.78738434 40.885
 74 242.387772  61.299841   149.603   149.596  7 54813.78740429 47.755
 75 242.386168  61.313467   149.784   149.784  2 54848.78738256 18.080
 76 242.385790  61.302983   149.199   149.201  6 54883.78740739 19.831
 77 242.381619  61.319120   154.386   154.386  2 54918.78738397 12.235
 78 242.385611  61.302223   150.480   150.496  7 54953.78740174 37.347
 79 242.386014  61.307155   149.300   149.240  6 54988.78742499 42.902
 80 242.386931  61.309750   149.287   149.288  3 55023.78741644 37.886
 81 242.384877  61.306270   149.173   149.119  6 55058.78741201 40.790
 82 242.383831  61.318120   158.630   158.794  3 55093.78736396 16.592
 83 242.385617  61.303244   148.969   148.952  6 55128.78735384 38.577
 84 242.386770  61.311717   147.202   147.375  3 55163.78732677 39.870
 85 242.386371  61.301298   149.769   149.767  6 55198.78734544 33.517
 86 242.384815  61.316287   148.227   148.227  2 55233.78733082 19.520
 87 242.385129  61.303180   148.965   148.945  6 55268.78733988 23.795
 88 242.383943  61.316235   148.834   148.834  2 55303.78731062 31.496
 89 242.385249  61.305702   148.545   148.481  6 55338.78731207 44.437
 90 242.387229  61.310136   148.847   148.806  3 55373.78730252 32.653
 91 242.387368  61.301518   148.757   148.749  7 55408.78732503 33.731
 92 242.385620  61.307625   148.225   148.132  5 55443.78732051 36.236
 93 242.382844  61.317445   151.098   151.098  2 55478.78725683 20.697
