# NaN NaN NaN ;Mean Elev.(m), Avg Gradient(m/km), RMS Gradient(m/km) - SRTM1     
#  117.249  -9.647  12.798 ;Mean Elev.(m), Avg Gradient(m/km), RMS Gradient(m/km) - ASTER GDEM
#  123.752  -8.964  12.664 ;Mean Elev.(m), Avg Gradient(m/km), RMS Gradient(m/km) - GMTED2010 
  7   179.686 52458.79733581  9.66 239.186982  61.821641 13.565
  7   176.183 52458.79733645 11.09 239.184552  61.818491 13.565
  8   179.552 52493.79731879  8.26 239.189317  61.820889  4.644
  8   154.320 52493.79731944 12.38 239.186890  61.817740  7.030
  8   158.678 52493.79732008 11.55 239.184460  61.814590  7.030
  9   126.598 52528.79730080 35.02 239.197506  61.818126 17.198
  9   127.060 52528.79730144 35.60 239.195076  61.814976 17.198
  9   127.120 52528.79730209 33.66 239.192646  61.811826 17.198
 10   150.732 52563.79733264  9.24 239.194101  61.816600  5.802
 10   151.445 52563.79733329 10.38 239.191671  61.813450  5.802
 11   143.441 52598.79735543 11.14 239.176644  61.823640  5.840
 11   144.011 52598.79735608 12.83 239.174214  61.820490  5.840
 12   136.870 52633.79730648 12.67 239.188802  61.818142  3.177
 12   136.741 52633.79730713 16.10 239.186372  61.814992  3.177
 13   137.721 52668.79732008 10.75 239.181843  61.819988  2.589
 13   140.443 52668.79732073 12.11 239.179413  61.816838  2.589
 14   144.120 52703.79730132  9.32 239.195890  61.817456  2.870
 14   143.828 52703.79730197 10.40 239.193460  61.814306  2.870
 15   146.048 52738.79733937  8.34 239.180384  61.820919  6.253
 15   150.196 52738.79734002  6.25 239.177954  61.817769  6.253
 16   180.175 52773.79729160 11.57 239.180100  61.822713  4.476
 16   177.013 52773.79729224 12.51 239.177670  61.819563  4.476
 16   154.865 52773.79729289 19.22 239.175240  61.816413  4.476
 17   163.529 52808.79736194 12.34 239.190157  61.818142  6.321
 17   158.489 52808.79736259 12.42 239.187727  61.814992  6.321
 18   179.066 52843.79741873 10.30 239.193041  61.820078  8.383
 18   163.359 52843.79741938 10.34 239.190611  61.816938  8.383
 18   154.484 52843.79742002 10.95 239.188181  61.813778  8.383
 20   153.751 52913.79741509 10.41 239.181780  61.820763  6.203
 20   154.419 52913.79741574 10.88 239.179350  61.817613  6.203
 23   136.110 53018.79739629 12.21 239.179459  61.821341  7.314
 23   136.946 53018.79739693 12.18 239.177029  61.818191  7.314
 24   127.389 53053.79738010 27.87 239.193968  61.816381  5.808
 24   124.027 53053.79738075 33.21 239.191538  61.813231  5.808
 25   135.654 53088.79741646  8.09 239.170972  61.824757  3.977
 25   136.768 53088.79741711  8.21 239.168542  61.821607  3.977
 25   152.361 53088.79741775  6.66 239.166112  61.818457  3.977
 26   154.017 53123.79738720 10.95 239.190367  61.817783  6.199
 26   154.314 53123.79738785 13.96 239.187937  61.814633  6.199
 28   178.651 53193.79744002  3.08 239.187359  61.819774  6.406
 28   152.807 53193.79744067  8.36 239.184919  61.816624  6.406
 30   137.489 53263.79740559 13.32 239.173622  61.825084  5.620
 30   137.673 53263.79740623 14.07 239.171192  61.821934  5.620
 30   137.862 53263.79740688 13.07 239.168762  61.818784  5.620
 31   125.875 53298.79744862 39.14 239.181003  61.820284 18.057
 31   125.558 53298.79744927 38.12 239.178573  61.817134 18.057
 33   135.780 53368.79736126 11.64 239.176938  61.822736  4.529
 33   136.277 53368.79736191 12.48 239.174508  61.819586  4.529
 33   141.382 53368.79736255 10.01 239.172078  61.816436  4.529
 34   139.565 53403.79739230  5.93 239.188974  61.819130  4.387
 34   139.348 53403.79739295  7.06 239.186544  61.815980  4.387
 36   125.683 53473.79743863  5.30 239.186410  61.821248  6.807
 36   125.400 53473.79743928  4.44 239.183980  61.818098  6.807
 36   125.662 53473.79743992  0.57 239.181550  61.814948  6.807
 37   178.699 53508.79746102 13.24 239.183677  61.820293  6.026
 37   163.196 53508.79746166 17.02 239.181247  61.817143  6.026
 38   180.225 53543.79747299  5.60 239.180647  61.822993  5.010
 38   161.953 53543.79747364  8.08 239.178217  61.819843  5.010
 38   159.701 53543.79747428  9.45 239.175787  61.816693  5.010
 39   152.916 53578.79745482  5.84 239.178358  61.822205  5.164
 39   153.269 53578.79745546  8.00 239.175928  61.819055  5.164
 39   148.942 53578.79745610 12.03 239.173498  61.815905  5.164
 41   125.098 53648.79741463 37.37 239.191630  61.817781  9.936
 41   125.525 53648.79741527 36.39 239.189200  61.814631  9.936
 42   144.083 53683.79742854 11.02 239.179332  61.823596  6.576
 42   143.887 53683.79742918 14.71 239.176902  61.820436  6.576
 42   144.610 53683.79742983 14.36 239.174472  61.817286  6.576
 43   137.816 53718.79735557 10.90 239.180314  61.822716  6.182
 43   135.296 53718.79735621 14.27 239.177884  61.819566  6.182
 47   178.042 53858.79735596 17.16 239.184896  61.819286  4.858
 47   154.679 53858.79735660 22.50 239.182466  61.816136  4.858
 48   180.204 53893.79737150 13.37 239.190986  61.819648  5.626
 48   176.693 53893.79737215 15.20 239.188556  61.816498  5.626
 49   152.888 53928.79742769  9.55 239.177662  61.824214  4.926
 49   162.332 53928.79742833 10.23 239.175232  61.821064  4.926
 49   154.829 53928.79742898 12.56 239.172802  61.817914  4.926
 50   145.419 53963.79740887 10.65 239.175050  61.823976  6.917
 50   148.277 53963.79740951  9.42 239.172620  61.820816  6.917
 50   148.430 53963.79741016 12.10 239.170190  61.817666  6.917
 54   146.098 54103.79735818  6.53 239.175877  61.824275  8.661
 54   125.301 54103.79735882 19.88 239.173447  61.821125  8.661
 54   127.240 54103.79735947 29.47 239.171017  61.817975  8.661
 55   128.841 54138.79733125 33.79 239.190242  61.820242 13.940
 55   126.725 54138.79733190 40.91 239.187812  61.817082 13.940
 55   126.742 54138.79733254 27.18 239.185382  61.813932 13.940
 57   126.308 54208.79733728 33.64 239.189883  61.820749 11.112
 57   125.995 54208.79733792 37.36 239.187453  61.817599 11.112
 57   122.541 54208.79733857 37.57 239.185023  61.814449 11.112
 58   178.234 54243.79736883 13.93 239.185309  61.819811  6.323
 58   154.993 54243.79736947 18.45 239.182879  61.816661  6.323
 59   125.271 54278.79738145 33.83 239.185687  61.820212  8.131
 59   125.359 54278.79738210 35.70 239.183247  61.817062  8.131
 60   177.768 54313.79738150 11.93 239.184750  61.820540  7.715
 60   144.828 54313.79738215 15.29 239.182320  61.817390  7.715
 61   178.327 54348.79735190  8.06 239.177077  61.821534  6.027
 61   153.120 54348.79735255 10.12 239.174647  61.818384  6.027
 62   178.961 54383.79731928 12.26 239.190506  61.820285  6.539
 62   176.011 54383.79731993 13.42 239.188076  61.817135  6.539
 62   158.310 54383.79732057 15.10 239.185646  61.813985  6.539
 63   144.400 54418.79730140 12.87 239.179011  61.822038  7.619
 63   124.987 54418.79730269 35.16 239.174151  61.815738  7.619
 64   124.492 54453.79729048 40.53 239.192700  61.816871  8.616
 64   125.217 54453.79729112 33.64 239.190270  61.813721  8.616
 66   127.251 54523.79730291 32.00 239.191006  61.820685  9.051
 66   127.748 54523.79730355 37.12 239.188576  61.817535  9.051
 66   126.464 54523.79730420 32.36 239.186146  61.814385  9.051
 68   179.656 54593.79729877 20.33 239.185874  61.821241  4.553
 68   175.371 54593.79729941 22.57 239.183444  61.818091  4.553
 68   154.017 54593.79730006 27.03 239.181014  61.814941  4.553
 69   177.773 54628.79731395 11.57 239.182901  61.820020  4.684
 69   174.332 54628.79731459 12.45 239.180471  61.816870  4.684
 70   147.113 54663.79732104 10.29 239.183570  61.820039  6.212
 70   152.169 54663.79732168 11.31 239.181130  61.816889  6.212
 71   151.633 54698.79729366 10.27 239.178547  61.821086  5.035
 71   153.300 54698.79729431 11.71 239.176117  61.817936  5.035
 72   140.288 54733.79727879 17.03 239.190870  61.818715  8.635
 72   139.632 54733.79727943 15.54 239.188440  61.815565  8.635
 74   126.400 54803.79727301 16.41 239.188469  61.817808  6.520
 74   136.672 54803.79727366 17.17 239.186039  61.814658  6.520
 76   156.038 54873.79727262  6.50 239.187457  61.818579  2.348
 76   152.313 54873.79727327  6.32 239.185027  61.815429  2.348
 77   153.714 54908.79727408  3.58 239.174701  61.821721  3.076
 77   155.080 54908.79727473  3.04 239.172271  61.818571  3.076
 79   180.494 54978.79729171 12.65 239.184638  61.822279  5.226
 79   177.330 54978.79729236 13.75 239.182208  61.819129  5.226
 79   153.785 54978.79729300 19.61 239.179778  61.815979  5.226
 80   177.766 55013.79729762  8.75 239.182726  61.819727  5.110
 80   174.469 55013.79729826  9.95 239.180296  61.816577  5.110
 82   175.858 55083.79725967 11.51 239.174952  61.821701  4.141
 82   160.815 55083.79726032 12.54 239.172522  61.818551  4.141
 86   137.111 55223.79721810 10.61 239.181326  61.820539  4.038
 86   139.241 55223.79721875 10.12 239.178896  61.817389  4.038
 89   179.153 55328.79718956 14.59 239.183764  61.821287  4.741
 89   154.671 55328.79719021 19.84 239.181334  61.818137  4.741
 90   152.702 55363.79718496 10.86 239.179818  61.820203  5.836
 90   153.295 55363.79718560 11.18 239.177388  61.817053  5.836
 91   125.684 55398.79719439 37.30 239.190351  61.819133 10.617
 91   124.478 55398.79719503 37.11 239.187921  61.815983 10.617
 92   178.846 55433.79720058 12.40 239.185797  61.820713  5.822
 92   175.006 55433.79720122 13.40 239.183367  61.817563  5.822
 92   153.232 55433.79720187 22.34 239.180937  61.814413  5.822
