# NaN NaN NaN ;Mean Elev.(m), Avg Gradient(m/km), RMS Gradient(m/km) - SRTM1     
#   67.899 -16.922  29.396 ;Mean Elev.(m), Avg Gradient(m/km), RMS Gradient(m/km) - ASTER GDEM
#   90.156 -17.361  41.941 ;Mean Elev.(m), Avg Gradient(m/km), RMS Gradient(m/km) - GMTED2010 
  7 235.867665  63.901174    83.084    83.093  3 52451.81090200 43.433
  8 235.869668  63.899561   156.392   180.825  3 52486.81088446  3.000
 11 235.867479  63.900524    79.434    79.448  3 52591.81089857 33.003
 13 235.871415  63.900158    90.490    82.189  3 52661.81086215  9.072
 15 235.876109  63.897149   107.312   107.228  3 52731.81086515  1.983
 29 235.871919  63.901357    90.408    80.648  3 53221.81099210  6.092
 33 235.868804  63.899109    80.608    80.480  3 53361.81091539  9.509
 35 235.867468  63.899810    88.176    79.036  3 53431.81092761  5.901
 36 235.881109  63.895985    79.244    79.244  2 53466.81096129  6.651
 37 235.867171  63.899906   135.742   134.591  4 53501.81101548 15.210
 38 235.869954  63.898430   105.656   106.114  3 53536.81100716  3.533
 39 235.865563  63.900575   105.274   105.592  4 53571.81101280  3.578
 41 235.879291  63.895753    93.435    93.435  2 53641.81096215  8.699
 47 235.876622  63.897614   101.649   101.649  2 53851.81089027  8.008
 50 235.863671  63.901504   105.179   105.239  4 53956.81096341  3.413
 53 235.876111  63.898155   105.386   106.761  3 54061.81094339  8.673
 57 235.879484  63.896155    97.880   106.097  3 54201.81086851  7.057
 58 235.875244  63.896618    84.564    85.371  3 54236.81090423 41.487
 62 235.876794  63.896816   106.685   106.663  3 54376.81086161  4.149
 63 235.873258  63.902016    83.428    83.428  2 54411.81085361 38.353
 64 235.880903  63.895070    83.224    83.482  3 54446.81082661  9.882
 68 235.874476  63.896155    81.783    81.783  2 54586.81083613  9.910
 72 235.880392  63.896148    81.791    81.791  2 54726.81081650 34.694
 73 235.872084  63.900197   106.925   106.482  3 54761.81082513  5.984
 74 235.881965  63.895725    80.357    80.357  2 54796.81080997 17.761
 77 235.868363  63.903652   185.054   185.054  2 54901.81082416  0.394
 78 235.878572  63.897972   189.407   189.407  2 54936.81079466  0.126
 83 235.877848  63.896977   106.612   106.612  2 55111.81076747  4.240
 84 235.870796  63.899800    92.379    99.734  3 55146.81076900 35.440
 86 235.869890  63.899670   114.532   110.894  3 55216.81076348  1.342
 89 235.870795  63.899285    85.317    85.343  4 55321.81073180 24.909
 90 235.870691  63.899328    83.560    83.412  3 55356.81073176 41.834
