# NaN NaN NaN ;Mean Elev.(m), Avg Gradient(m/km), RMS Gradient(m/km) - SRTM1     
#   12.000  -4.998  37.713 ;Mean Elev.(m), Avg Gradient(m/km), RMS Gradient(m/km) - ASTER GDEM
#   23.010  -5.818  37.216 ;Mean Elev.(m), Avg Gradient(m/km), RMS Gradient(m/km) - GMTED2010 
  8 230.076801  66.771954   187.920   187.920  2 52504.83423479  0.557
 10 230.079656  66.770265   190.508   190.508  2 52574.83426270  9.496
 11 230.076128  66.770367   189.565   189.738  3 52609.83422301  8.184
 12 230.083770  66.766385   190.007   190.190  3 52644.83421437  6.561
 22 230.083571  66.767601   190.731   190.731  2 52994.83431719  3.663
 23 230.070146  66.770877   188.422   188.422  2 53029.83428047  3.589
 24 230.086439  66.766231   189.927   190.282  3 53064.83428826  3.140
 31 230.079776  66.768230   190.043   190.043  2 53309.83434090  7.806
 32 230.075724  66.769343   188.862   188.862  2 53344.83430701  8.733
 34 230.082376  66.766579   190.510   190.758  3 53414.83428434  3.170
 47 230.085073  66.768736   224.470   231.743  3 53869.83426189  4.207
 53 230.075387  66.771072   189.354   189.419  3 54079.83429575 10.304
 56 230.068633  66.771975   187.534   187.534  2 54184.83422185  6.891
 62 230.084269  66.768553   191.162   190.949  3 54394.83421688  5.354
 64 230.086944  66.766650   190.376   190.369  4 54464.83419674  4.498
 65 230.075985  66.769215   188.911   189.083  3 54499.83419253  5.568
 66 230.083587  66.769352   190.686   190.720  3 54534.83421086  5.412
 67 230.071254  66.771431   188.412   188.939  3 54569.83419535  4.427
 70 230.078551  66.768991    20.868    20.868  2 54674.83421788 43.148
 72 230.082917  66.767933    87.287    87.287  2 54744.83418494  4.915
 73 230.078284  66.769274   190.053   190.186  3 54779.83415881  5.616
 74 230.086793  66.768124   190.895   191.179  3 54814.83417804  7.572
 75 230.074748  66.769572   189.170   189.170  2 54849.83415749  4.373
 76 230.081008  66.766904   189.694   189.686  3 54884.83418222  4.152
 82 230.069002  66.772750   238.849   238.849  2 55094.83413824  1.140
 83 230.082879  66.768761   190.897   190.745  3 55129.83412815  9.948
 85 230.083956  66.768179   191.021   191.259  3 55199.83411978  8.373
 87 230.080696  66.768225   189.202   189.202  2 55269.83411450  9.747
 91 230.084492  66.767368    42.716    42.716  2 55409.83410002  8.718
