# NaN NaN NaN ;Mean Elev.(m), Avg Gradient(m/km), RMS Gradient(m/km) - SRTM1     
#  103.133  -1.488   8.464 ;Mean Elev.(m), Avg Gradient(m/km), RMS Gradient(m/km) - ASTER GDEM
#  120.686  -2.844   6.788 ;Mean Elev.(m), Avg Gradient(m/km), RMS Gradient(m/km) - GMTED2010 
  8   169.367 52497.21002393 13.40 238.084265  62.016503  7.239
  8   143.197 52497.21002458 16.39 238.081805  62.019643  7.239
  8   148.214 52497.21002522 14.29 238.079345  62.022793  7.239
  8   148.635 52497.21002587 13.99 238.076885  62.025943  7.239
  8   148.403 52497.21002716 16.13 238.071965  62.032243  7.239
  8   132.597 52497.21002780 19.74 238.069505  62.035393  7.239
  8   132.609 52497.21002845 21.69 238.067045  62.038533  7.239
  8   150.595 52497.21002909 21.64 238.064585  62.041683  7.239
  8   131.825 52497.21002974 21.54 238.062115  62.044833  7.239
  8   133.113 52497.21003038 21.75 238.059655  62.047983  7.239
  8   159.225 52497.21003103 19.15 238.057195  62.051123  7.239
 10   170.646 52567.21003476  7.73 238.073443  62.017916 14.608
 10   169.830 52567.21003540  5.10 238.070983  62.021066 14.608
 10   168.648 52567.21003605  4.69 238.068518  62.024213  4.272
 10   167.283 52567.21003669  7.42 238.066058  62.027363  4.272
 10   165.780 52567.21003734  7.29 238.063598  62.030503  4.272
 10   163.796 52567.21003798  8.37 238.061128  62.033653  4.272
 10   157.642 52567.21003863  9.65 238.058668  62.036803  4.272
 10   157.193 52567.21003927 10.50 238.056208  62.039953  4.272
 10   156.720 52567.21003991 10.80 238.053748  62.043093  4.272
 10   157.618 52567.21004056 10.81 238.051278  62.046243  4.272
 10   158.256 52567.21004120 11.43 238.048818  62.049393  4.272
 10   147.106 52567.21004185 12.53 238.046348  62.052543  4.272
 10   147.665 52567.21004249 13.63 238.043888  62.055683  4.272
 11   170.857 52602.21003893  0.24 238.078508  62.016081 13.588
 11   169.873 52602.21003957  0.97 238.076049  62.019225  7.959
 11   133.701 52602.21004344 14.58 238.061289  62.038115  7.959
 11   142.060 52602.21004408 11.33 238.058829  62.041265  7.959
 11   144.191 52602.21004473 10.53 238.056359  62.044415  7.959
 11   145.221 52602.21004537 12.79 238.053899  62.047565  7.959
 11   146.633 52602.21004602 12.80 238.051439  62.050705  7.959
 12   163.701 52637.21001143  5.62 238.050551  62.034004  5.935
 12   137.200 52637.21001208  6.44 238.048091  62.037154  5.935
 12   138.517 52637.21001272  7.45 238.045621  62.040304  5.935
 12   140.392 52637.21001337  8.28 238.043161  62.043454  5.935
 12   140.992 52637.21001401 11.78 238.040691  62.046594  5.935
 12   142.755 52637.21001466 11.75 238.038231  62.049744  5.935
 13   166.379 52672.21001214  3.78 238.071612  62.024682  4.229
 13   163.933 52672.21001279  5.36 238.069152  62.027822  4.229
 13   156.495 52672.21001343  6.44 238.066692  62.030972  4.229
 13   137.425 52672.21001408  7.37 238.064232  62.034122  4.229
 13   155.713 52672.21001472  7.94 238.061762  62.037272  4.229
 13   140.991 52672.21001537  8.56 238.059302  62.040422  4.229
 13   142.814 52672.21001601  8.90 238.056842  62.043562  4.229
 13   144.512 52672.21001666  9.58 238.054382  62.046712  4.229
 13   144.480 52672.21001730 14.79 238.051912  62.049862  4.229
 13   144.830 52672.21001795 16.20 238.049452  62.053012  4.229
 14   165.346 52707.21001571  0.68 238.059298  62.030072  3.692
 14   163.200 52707.21001635  2.66 238.056828  62.033222  3.692
 14   161.763 52707.21001700  2.38 238.054368  62.036372  3.692
 14   158.457 52707.21001764  3.39 238.051908  62.039512  3.692
 14   157.227 52707.21001829  3.80 238.049448  62.042662  3.692
 14   142.331 52707.21001893  4.71 238.046978  62.045812  3.692
 14   143.499 52707.21001958  5.44 238.044518  62.048962  3.692
 14   144.465 52707.21002022  6.43 238.042048  62.052112  3.692
 14   145.524 52707.21002087  6.88 238.039588  62.055252  3.692
 15   165.420 52742.21004762  0.62 238.063143  62.032502  2.276
 15   163.762 52742.21004826  1.51 238.060683  62.035652  2.276
 15   161.978 52742.21004891  2.22 238.058223  62.038802  2.276
 15   160.051 52742.21004955  3.30 238.055753  62.041952  2.276
 15   159.572 52742.21005020  3.38 238.053293  62.045092  2.276
 15   156.646 52742.21005084  4.09 238.050833  62.048242  2.276
 15   155.260 52742.21005148  4.51 238.048363  62.051392  2.276
 15   156.708 52742.21005213  5.38 238.045903  62.054542  2.276
 16   134.248 52777.20998983 21.52 238.076176  62.038015 14.214
 16   112.494 52777.20999176 48.84 238.068796  62.047455 14.214
 17   165.661 52812.21006944 10.68 238.047274  62.035884  7.541
 17   164.015 52812.21007008 10.91 238.044814  62.039034  7.541
 17   161.743 52812.21007073 10.45 238.042354  62.042174  7.541
 17   161.434 52812.21007137 10.77 238.039884  62.045324  7.541
 17   161.186 52812.21007202 10.28 238.037424  62.048474  7.541
 17   161.828 52812.21007266  9.56 238.034954  62.051624  7.541
 17   162.953 52812.21007331  9.62 238.032484  62.054774  7.541
 18   112.690 52847.21012491 41.80 238.046811  62.040790 16.964
 18   112.944 52847.21012556 46.28 238.044351  62.043940 16.964
 18   112.735 52847.21012620 50.43 238.041881  62.047090 16.964
 18   113.195 52847.21012685 47.41 238.039421  62.050230 16.964
 18   113.302 52847.21012749 47.55 238.036951  62.053380 16.964
 19   170.554 52882.21015672  6.85 238.071538  62.018680  4.421
 19   169.644 52882.21015737  5.95 238.069078  62.021830  4.421
 19   168.585 52882.21015801  5.75 238.066618  62.024980  4.421
 19   167.430 52882.21015866  5.55 238.064158  62.028130  4.421
 19   165.792 52882.21015930  6.20 238.061698  62.031270  4.421
 19   164.395 52882.21015995  5.98 238.059238  62.034420  4.421
 19   162.661 52882.21016059  6.35 238.056778  62.037570  4.421
 19   160.888 52882.21016124  7.08 238.054308  62.040720  4.421
 19   159.867 52882.21016188  8.18 238.051848  62.043860  4.421
 19   159.228 52882.21016253 10.14 238.049388  62.047010  4.421
 19   158.701 52882.21016317 10.07 238.046918  62.050160  4.421
 19   162.337 52882.21016382  9.08 238.044458  62.053310  4.421
 19   162.730 52882.21016446 10.27 238.041988  62.056460  4.421
 20   162.730 52917.21011226 14.35 238.088118  62.013661  5.168
 20   169.066 52917.21011355  6.85 238.083198  62.019961  5.168
 20   167.867 52917.21011419  6.78 238.080738  62.023101  5.168
 20   166.513 52917.21011484  6.96 238.078278  62.026251  5.168
 20   164.825 52917.21011548  7.30 238.075818  62.029401  5.168
 20   163.110 52917.21011613  7.72 238.073358  62.032551  5.168
 20   161.812 52917.21011677  8.50 238.070898  62.035701  5.168
 20   159.915 52917.21011742  8.64 238.068438  62.038841  5.168
 20   157.661 52917.21011806 12.29 238.065978  62.041991  5.168
 20   159.949 52917.21011871  8.25 238.063518  62.045141  5.168
 20   160.117 52917.21011935  9.63 238.061048  62.048291  5.168
 21   132.075 52952.21007757 15.09 238.057599  62.030456 11.753
 21   131.561 52952.21007886 17.51 238.052679  62.036746 11.753
 21   132.438 52952.21007951 17.78 238.050209  62.039896 11.753
 21   132.168 52952.21008015 19.20 238.047749  62.043046 11.753
 21   110.764 52952.21008208 45.41 238.040349  62.052486 11.753
 21   103.739 52952.21008273 45.89 238.037889  62.055636 11.753
 22   169.497 52987.21008954  0.23 238.080736  62.018577  3.748
 22   168.372 52987.21009018  2.61 238.078276  62.021727  3.748
 22   167.314 52987.21009083  2.92 238.075816  62.024877  3.748
 22   155.842 52987.21009147  5.43 238.073356  62.028027  3.748
 22   162.224 52987.21009211  6.39 238.070896  62.031177  3.748
 22   161.276 52987.21009276  7.64 238.068436  62.034317  3.748
 22   140.563 52987.21009340  8.55 238.065976  62.037467  3.748
 22   142.581 52987.21009405  8.71 238.063506  62.040617  3.748
 22   144.563 52987.21009469  8.96 238.061046  62.043767  3.748
 22   145.986 52987.21009534 10.32 238.058586  62.046907  3.748
 22   146.910 52987.21009598 11.67 238.056126  62.050057  3.748
 23   166.683 53022.21007976  0.73 238.078763  62.026161  3.832
 23   164.705 53022.21008040  2.07 238.076303  62.029311  3.832
 23   155.053 53022.21008105  3.51 238.073843  62.032461  3.832
 23   153.407 53022.21008169  4.22 238.071383  62.035601  3.832
 23   153.163 53022.21008234  4.65 238.068923  62.038751  3.832
 23   143.655 53022.21008298  5.65 238.066463  62.041901  3.832
 23   145.321 53022.21008363  6.70 238.064003  62.045051  3.832
 23   146.860 53022.21008427  6.92 238.061533  62.048201  3.832
 24   166.455 53057.21007223  0.16 238.068288  62.028616  2.945
 24   164.958 53057.21007288  0.78 238.065828  62.031756  2.945
 24   163.265 53057.21007352  1.54 238.063368  62.034906  2.945
 24   160.930 53057.21007417  2.40 238.060898  62.038056  2.945
 24   159.207 53057.21007481  3.04 238.058438  62.041206  2.945
 24   157.176 53057.21007546  3.54 238.055978  62.044346  2.945
 24   152.012 53057.21007610  4.10 238.053508  62.047496  2.945
 24   152.918 53057.21007674  4.59 238.051048  62.050646  2.945
 24   148.322 53057.21007739  5.60 238.048578  62.053796  2.945
 25   165.664 53092.21011034  0.76 238.067419  62.029935  3.149
 25   163.060 53092.21011098  2.56 238.064959  62.033085  3.149
 25   157.191 53092.21011163  3.93 238.062499  62.036235  3.149
 25   158.370 53092.21011227  4.21 238.060039  62.039385  3.149
 25   142.021 53092.21011292  4.75 238.057579  62.042525  3.149
 25   144.198 53092.21011356  4.99 238.055119  62.045675  3.149
 25   145.359 53092.21011421  5.82 238.052649  62.048825  3.149
 25   146.813 53092.21011485  6.57 238.050189  62.051975  3.149
 26   170.902 53127.21007919 10.55 238.069561  62.018710  3.274
 26   169.954 53127.21007983  9.54 238.067101  62.021860  3.274
 26   169.087 53127.21008048  9.22 238.064641  62.025010  3.274
 26   167.958 53127.21008112  8.81 238.062181  62.028150  3.274
 26   166.229 53127.21008177  9.96 238.059721  62.031300  3.274
 26   164.421 53127.21008241  9.74 238.057251  62.034450  3.274
 26   162.954 53127.21008306  9.61 238.054791  62.037600  3.274
 26   161.417 53127.21008370  9.67 238.052331  62.040740  3.274
 26   159.694 53127.21008435 10.37 238.049861  62.043890  3.274
 26   160.346 53127.21008499 10.18 238.047401  62.047040  3.274
 26   161.875 53127.21008564 10.04 238.044931  62.050190  3.274
 26   164.136 53127.21008628 10.50 238.042471  62.053330  3.274
 26   164.746 53127.21008693 10.53 238.040001  62.056480  3.274
 27   167.338 53162.21014517  9.97 238.058275  62.030056  6.051
 27   165.844 53162.21014582  9.04 238.055815  62.033206  6.051
 27   164.352 53162.21014646  8.23 238.053355  62.036346  6.051
 27   162.417 53162.21014711  8.89 238.050895  62.039496  6.051
 27   161.624 53162.21014775  9.31 238.048425  62.042646  6.051
 27   160.835 53162.21014840 10.35 238.045965  62.045796  6.051
 27   161.857 53162.21014904 10.25 238.043505  62.048946  6.051
 27   161.529 53162.21014969 11.18 238.041035  62.052086  6.051
 27   163.796 53162.21015033  9.18 238.038575  62.055236  6.051
 28   113.156 53197.21014177 40.56 238.075919  62.017785  7.511
 28   111.927 53197.21014241 45.95 238.073459  62.020935  7.511
 28   109.994 53197.21014306 34.42 238.070999  62.024085  7.511
 28   113.338 53197.21014370 20.71 238.068539  62.027235  7.511
 28   112.638 53197.21014435 17.33 238.066079  62.030385  7.511
 28   116.287 53197.21014886 13.06 238.048839  62.052415  7.511
 29   170.223 53232.21011932  7.68 238.089277  62.012923 19.406
 29   169.631 53232.21011996  7.30 238.086819  62.016067  4.259
 29   168.929 53232.21012061  5.70 238.084359  62.019217  4.259
 29   168.212 53232.21012125  4.56 238.081899  62.022367  4.259
 29   166.771 53232.21012190  4.95 238.079439  62.025517  4.259
 29   165.465 53232.21012254  5.00 238.076979  62.028667  4.259
 29   164.511 53232.21012319  4.89 238.074519  62.031807  4.259
 29   163.042 53232.21012383  5.20 238.072059  62.034957  4.259
 29   161.469 53232.21012448  5.26 238.069599  62.038107  4.259
 29   159.937 53232.21012512  5.31 238.067129  62.041257  4.259
 29   159.736 53232.21012577  4.57 238.064669  62.044407  4.259
 29   159.345 53232.21012641  5.04 238.062209  62.047547  4.259
 30   131.009 53267.21009063 22.22 238.083573  62.025241 17.373
 30   131.274 53267.21009127 23.02 238.081113  62.028391 17.373
 30   131.789 53267.21009192 21.41 238.078653  62.031531 17.373
 30   110.838 53267.21009321 47.73 238.073733  62.037831 17.373
 30   109.955 53267.21009385 50.78 238.071273  62.040981 17.373
 30   111.161 53267.21009450 46.07 238.068813  62.044131 17.373
 30   111.082 53267.21009514 45.58 238.066353  62.047271 17.373
 31   132.244 53302.21014832 14.76 238.042195  62.039361 10.415
 31   131.799 53302.21014897 19.52 238.039735  62.042511 10.415
 31   131.838 53302.21014961 19.78 238.037275  62.045661 10.415
 31   110.215 53302.21015155 40.37 238.029875  62.055101 10.415
 32   170.523 53337.21011309  1.24 238.078927  62.016086 11.868
 32   169.531 53337.21011374  1.34 238.076467  62.019236 11.868
 32   131.200 53337.21011567 17.53 238.069087  62.028676 11.868
 32   131.443 53337.21011631 17.44 238.066627  62.031826 11.868
 32   136.386 53337.21011696 14.42 238.064167  62.034976 11.868
 32   133.108 53337.21011760 15.91 238.061707  62.038126 11.868
 32   131.617 53337.21011825 18.82 238.059247  62.041266 11.868
 32   109.952 53337.21012018 41.50 238.051857  62.050716 11.868
 32   109.740 53337.21012083 39.44 238.049397  62.053866 11.868
 33   159.888 53372.21004938  2.91 238.086918  62.022692  3.817
 33   153.110 53372.21005003  3.01 238.084458  62.025842  3.817
 33   152.961 53372.21005067  4.91 238.081998  62.028982  3.817
 33   152.503 53372.21005132  4.46 238.079538  62.032132  3.817
 33   139.723 53372.21005196  5.63 238.077078  62.035282  3.817
 33   141.746 53372.21005261  5.86 238.074618  62.038432  3.817
 33   144.430 53372.21005325  6.48 238.072158  62.041582  3.817
 33   145.724 53372.21005390  7.25 238.069698  62.044732  3.817
 33   147.310 53372.21005454  7.98 238.067238  62.047872  3.817
 35   166.457 53442.21007032  0.80 238.092375  62.012504  2.794
 35   166.767 53442.21007097  0.01 238.089915  62.015654  2.794
 35   161.724 53442.21007355  0.18 238.080085  62.028244  2.794
 35   160.464 53442.21007419  0.70 238.077625  62.031394  2.794
 35   159.420 53442.21007483  1.40 238.075165  62.034544  2.794
 35   158.837 53442.21007548  1.74 238.072705  62.037694  2.794
 35   159.330 53442.21007612  1.77 238.070245  62.040844  2.794
 35   157.797 53442.21007677  1.73 238.067785  62.043984  2.794
 35   154.506 53442.21007741  2.25 238.065325  62.047134  2.794
 36   160.542 53477.21014981  0.00 238.037091  62.052293  2.030
 36   158.738 53477.21015045  0.66 238.034621  62.055443  2.030
 37   171.058 53512.21015429 13.25 238.075330  62.015860  2.886
 37   170.263 53512.21015494 12.46 238.072870  62.019010  2.886
 37   169.374 53512.21015558 11.79 238.070410  62.022160  2.886
 37   168.351 53512.21015623 10.84 238.067950  62.025300  2.886
 37   166.993 53512.21015687 10.63 238.065490  62.028450  2.886
 37   165.498 53512.21015752 11.53 238.063030  62.031600  2.886
 37   164.048 53512.21015816 11.46 238.060560  62.034750  2.886
 37   161.841 53512.21015881 13.14 238.058100  62.037900  2.886
 37   160.606 53512.21015945 11.68 238.055640  62.041040  2.886
 37   160.750 53512.21016010 11.80 238.053180  62.044190  2.886
 37   163.659 53512.21016074 10.92 238.050710  62.047340  2.886
 37   164.352 53512.21016139 10.92 238.048250  62.050490  2.886
 37   164.997 53512.21016203 11.31 238.045780  62.053640  2.886
 38   134.877 53547.21017223 20.34 238.074074  62.017915 16.250
 38   134.141 53547.21017288 21.54 238.071614  62.021055 16.250
 38   134.298 53547.21017352 22.40 238.069154  62.024205 16.250
 38   113.308 53547.21017546 47.47 238.061774  62.033655 16.250
 38   113.460 53547.21017610 51.66 238.059314  62.036805 16.250
 38   113.902 53547.21017675 46.36 238.056854  62.039945 16.250
 38   113.867 53547.21017739 48.31 238.054384  62.043095 16.250
 38   114.120 53547.21017803 44.76 238.051924  62.046245 16.250
 38   114.392 53547.21017868 45.84 238.049464  62.049395 16.250
 38   114.043 53547.21017932 46.99 238.047004  62.052535 16.250
 38   112.782 53547.21017997 44.45 238.044534  62.055685 16.250
 39   112.424 53582.21014196 33.23 238.080394  62.017710 16.052
 39   113.145 53582.21014261 35.94 238.077934  62.020860 16.052
 39   112.961 53582.21014325 45.67 238.075474  62.024010 16.052
 39   113.198 53582.21014390 47.34 238.073014  62.027160 16.052
 39   113.043 53582.21014454 46.79 238.070554  62.030300 16.052
 39   113.323 53582.21014519 47.95 238.068094  62.033450 16.052
 39   113.080 53582.21014583 49.18 238.065634  62.036600 16.052
 39   113.381 53582.21014648 44.98 238.063164  62.039750 16.052
 39   111.793 53582.21014712 39.05 238.060704  62.042900 16.052
 40   133.021 53617.21009681 18.80 238.087533  62.014722 17.467
 40   132.949 53617.21009745 21.19 238.085083  62.017872 17.467
 40   132.280 53617.21009809 24.54 238.082623  62.021022 17.467
 40   132.369 53617.21009874 22.86 238.080163  62.024172 17.467
 40   132.767 53617.21009938 22.26 238.077703  62.027312 17.467
 40   112.064 53617.21010067 48.64 238.072783  62.033612 17.467
 40   112.029 53617.21010132 51.24 238.070323  62.036762 17.467
 40   112.478 53617.21010196 47.40 238.067863  62.039912 17.467
 40   112.814 53617.21010261 46.77 238.065403  62.043062 17.467
 40   112.738 53617.21010325 47.26 238.062943  62.046202 17.467
 40   111.562 53617.21010390 47.54 238.060483  62.049352 17.467
 41   132.306 53652.21011591 13.81 238.068836  62.020308 17.272
 41   131.734 53652.21011656 17.35 238.066376  62.023458 17.272
 41   132.037 53652.21011720 22.13 238.063916  62.026608 17.272
 41   132.388 53652.21011785 21.03 238.061456  62.029758 17.272
 41   132.380 53652.21011849 22.74 238.058996  62.032898 17.272
 41   112.086 53652.21011978 41.26 238.054066  62.039198 17.272
 41   112.003 53652.21012042 47.90 238.051606  62.042348 17.272
 41   111.750 53652.21012107 47.92 238.049146  62.045488 17.272
 41   112.244 53652.21012171 46.65 238.046676  62.048638 17.272
 41   113.505 53652.21012236 44.46 238.044216  62.051788 17.272
 41   112.717 53652.21012300 43.04 238.041746  62.054938 17.272
 42   170.377 53687.21011861  1.22 238.072488  62.017764 11.594
 42   168.762 53687.21011926  4.35 238.070028  62.020914 11.594
 42   158.197 53687.21011990  9.41 238.067568  62.024064 11.594
 42   131.554 53687.21012055 14.29 238.065108  62.027204 11.594
 42   131.218 53687.21012184 18.10 238.060188  62.033504 11.594
 42   131.644 53687.21012248 17.27 238.057718  62.036654 11.594
 42   131.761 53687.21012313 18.68 238.055258  62.039804 11.594
 42   111.041 53687.21012442 39.47 238.050338  62.046094 11.594
 42   110.167 53687.21012506 43.81 238.047868  62.049244 11.594
 42   111.378 53687.21012571 38.47 238.045408  62.052394 11.594
 42   111.117 53687.21012635 32.75 238.042938  62.055534 11.594
 43   168.278 53722.21004342  0.42 238.091061  62.016919  3.083
 43   163.984 53722.21004536  0.79 238.083681  62.026369  3.083
 43   163.726 53722.21004600  0.37 238.081221  62.029519  3.083
 43   160.681 53722.21004665  1.48 238.078761  62.032659  3.083
 43   159.387 53722.21004729  1.98 238.076301  62.035809  3.083
 43   157.870 53722.21004794  2.06 238.073841  62.038959  3.083
 43   157.417 53722.21004858  2.66 238.071381  62.042109  3.083
 43   157.410 53722.21004922  2.91 238.068921  62.045259  3.083
 44   168.303 53757.20997688  4.26 238.073629  62.017770  3.479
 44   169.089 53757.20997752  2.14 238.071169  62.020920  3.479
 44   167.597 53757.20997817  1.61 238.068709  62.024070  3.479
 44   166.092 53757.20997881  1.71 238.066239  62.027220  3.479
 44   164.779 53757.20997946  1.14 238.063779  62.030370  3.479
 44   163.159 53757.20998010  1.82 238.061319  62.033510  3.479
 44   161.152 53757.20998075  2.57 238.058859  62.036660  3.479
 44   159.165 53757.20998139  3.02 238.056389  62.039810  3.479
 44   156.516 53757.20998204  3.75 238.053929  62.042960  3.479
 44   154.938 53757.20998268  4.15 238.051459  62.046100  3.479
 44   153.308 53757.20998333  4.82 238.048999  62.049250  3.479
 44   146.298 53757.20998397  5.05 238.046529  62.052400  3.479
 44   150.237 53757.20998461  5.96 238.044069  62.055550  3.479
 45   165.993 53792.21000344  0.48 238.074671  62.028317  2.967
 45   162.690 53792.21000409  2.28 238.072211  62.031467  2.967
 45   161.377 53792.21000473  2.71 238.069751  62.034617  2.967
 45   159.335 53792.21000538  3.20 238.067291  62.037767  2.967
 45   157.563 53792.21000602  3.50 238.064831  62.040907  2.967
 45   144.832 53792.21000666  4.13 238.062371  62.044057  2.967
 45   145.826 53792.21000731  4.41 238.059901  62.047207  2.967
 45   147.082 53792.21000795  5.44 238.057441  62.050357  2.967
 46   167.403 53827.20996943  0.07 238.057859  62.029762  3.445
 46   165.530 53827.20997008  0.91 238.055389  62.032902  3.445
 46   163.753 53827.20997072  1.98 238.052929  62.036052  3.445
 46   161.607 53827.20997137  2.91 238.050469  62.039202  3.445
 46   157.637 53827.20997201  3.54 238.047999  62.042352  3.445
 46   156.518 53827.20997266  3.97 238.045539  62.045492  3.445
 46   143.653 53827.20997330  3.91 238.043069  62.048642  3.445
 46   145.128 53827.20997395  4.49 238.040609  62.051792  3.445
 46   145.855 53827.20997459  5.72 238.038139  62.054942  3.445
 47   167.844 53862.21005671 15.21 238.057049  62.029589  7.130
 47   139.601 53862.21005735 20.11 238.054579  62.032739  7.130
 47   139.173 53862.21005800 23.14 238.052119  62.035889  7.130
 47   139.197 53862.21005864 25.07 238.049659  62.039039  7.130
 47   139.285 53862.21005929 23.35 238.047189  62.042179  7.130
 47   139.073 53862.21005993 23.70 238.044729  62.045329  7.130
 47   139.159 53862.21006058 21.69 238.042269  62.048479  7.130
 47   157.817 53862.21006122 19.35 238.039799  62.051629  7.130
 47   163.565 53862.21006187 14.73 238.037339  62.054769  7.130
 48   171.272 53897.21007532 13.16 238.074127  62.015889  4.729
 48   170.344 53897.21007597 12.53 238.071667  62.019039  4.729
 48   169.420 53897.21007661 11.99 238.069207  62.022189  4.729
 48   168.490 53897.21007726 10.75 238.066747  62.025339  4.729
 48   167.335 53897.21007790 10.54 238.064287  62.028489  4.729
 48   165.648 53897.21007855 11.19 238.061827  62.031629  4.729
 48   164.641 53897.21007919 10.13 238.059367  62.034779  4.729
 48   162.371 53897.21007984 11.59 238.056897  62.037929  4.729
 48   161.541 53897.21008048 10.39 238.054437  62.041079  4.729
 48   161.118 53897.21008113 10.40 238.051977  62.044229  4.729
 48   163.370 53897.21008177  9.49 238.049507  62.047369  4.729
 48   163.720 53897.21008242  9.76 238.047047  62.050519  4.729
 48   164.616 53897.21008306 10.01 238.044587  62.053669  4.729
 49   114.022 53932.21012748 47.44 238.055987  62.031382 16.935
 49   114.030 53932.21012813 44.86 238.053527  62.034532 16.935
 50   112.682 53967.21009846 35.99 238.075416  62.015738 15.080
 50   112.771 53967.21009910 33.62 238.072956  62.018878 15.080
 50   112.687 53967.21009975 44.37 238.070496  62.022028 15.080
 50   112.667 53967.21010039 46.75 238.068036  62.025178 15.080
 50   112.512 53967.21010104 47.88 238.065576  62.028328 15.080
 51   166.126 54002.21006738  5.03 238.049867  62.034273  2.873
 51   164.337 54002.21006803  5.88 238.047407  62.037413  2.873
 51   163.507 54002.21006867  4.59 238.044937  62.040563  2.873
 51   161.381 54002.21006931  4.44 238.042477  62.043713  2.873
 51   159.502 54002.21006996  5.11 238.040007  62.046863  2.873
 51   158.164 54002.21007060  5.05 238.037547  62.050003  2.873
 51   158.128 54002.21007125  4.60 238.035077  62.053153  2.873
 52   170.105 54037.21010200  4.81 238.073285  62.018517 13.359
 52   167.656 54037.21010265 10.24 238.070825  62.021667 13.359
 52   131.003 54037.21010523 21.80 238.060983  62.034256 14.581
 52   131.525 54037.21010587 21.24 238.058523  62.037406 14.581
 52   110.876 54037.21010780 47.05 238.051133  62.046846 14.581
 52   110.725 54037.21010845 50.66 238.048663  62.049996 14.581
 52   111.323 54037.21010909 47.17 238.046203  62.053146 14.581
 53   165.242 54072.21009865  0.51 238.068072  62.030653  3.480
 53   163.001 54072.21009929  1.60 238.065612  62.033793  3.480
 53   161.299 54072.21009994  2.14 238.063152  62.036943  3.480
 53   141.118 54072.21010058  3.79 238.060692  62.040093  3.480
 53   157.617 54072.21010123  3.08 238.058222  62.043243  3.480
 53   154.169 54072.21010187  3.96 238.055762  62.046393  3.480
 53   152.571 54072.21010252  3.19 238.053302  62.049533  3.480
 53   147.222 54072.21010316  3.76 238.050832  62.052683  3.480
 54   160.786 54107.21004866  1.17 238.077184  62.032175  5.905
 54   158.737 54107.21004931  1.64 238.074728  62.035319  3.815
 54   158.507 54107.21004995  1.57 238.072268  62.038469  3.815
 54   157.401 54107.21005060  1.96 238.069808  62.041619  3.815
 54   153.360 54107.21005124  3.12 238.067348  62.044769  3.815
 54   152.176 54107.21005189  3.00 238.064888  62.047919  3.815
 55   160.747 54142.21003585  0.78 238.050487  62.041442  3.106
 55   159.021 54142.21003650  0.73 238.048027  62.044592  3.106
 55   156.200 54142.21003714  1.23 238.045567  62.047742  3.106
 55   154.436 54142.21003779  1.53 238.043097  62.050892  3.106
 55   153.120 54142.21003843  2.28 238.040637  62.054032  3.106
 56   157.254 54177.21003390  0.32 238.060389  62.046362  2.872
 56   156.387 54177.21003454  0.75 238.057929  62.049512  2.872
 57   168.845 54212.21003960  3.17 238.063976  62.024789  2.386
 57   167.783 54212.21004025  2.63 238.061516  62.027929  2.386
 57   166.258 54212.21004089  2.42 238.059056  62.031079  2.386
 57   164.646 54212.21004154  1.95 238.056596  62.034229  2.386
 57   163.554 54212.21004218  2.01 238.054126  62.037379  2.386
 57   161.648 54212.21004283  1.88 238.051666  62.040529  2.386
 57   159.597 54212.21004347  2.46 238.049206  62.043669  2.386
 57   159.523 54212.21004412  3.23 238.046736  62.046819  2.386
 57   159.669 54212.21004476  3.28 238.044276  62.049969  2.386
 57   159.276 54212.21004541  3.90 238.041806  62.053119  2.386
 57   159.175 54212.21004605  3.69 238.039346  62.056259  2.386
 58   170.928 54247.21006731  9.79 238.073096  62.017323 10.932
 58   170.149 54247.21006796  8.81 238.070636  62.020473 10.932
 58   169.033 54247.21006860  8.73 238.068176  62.023623 10.932
 58   167.610 54247.21006925 10.02 238.065712  62.026774  3.913
 58   166.550 54247.21006989  8.20 238.063252  62.029914  3.913
 58   165.067 54247.21007054  8.10 238.060792  62.033064  3.913
 58   163.307 54247.21007118  8.61 238.058332  62.036214  3.913
 58   161.715 54247.21007183  8.90 238.055862  62.039364  3.913
 58   160.645 54247.21007247  9.09 238.053402  62.042514  3.913
 58   161.375 54247.21007312  8.68 238.050942  62.045654  3.913
 58   163.602 54247.21007376  8.59 238.048472  62.048804  3.913
 58   162.853 54247.21007441  8.66 238.046012  62.051954  3.913
 58   164.594 54247.21007505  9.47 238.043542  62.055104  3.913
 60   170.584 54317.21007437  7.24 238.082218  62.014877  9.505
 60   169.830 54317.21007502  5.22 238.079758  62.018027  9.505
 60   168.994 54317.21007566  4.53 238.077298  62.021177  9.505
 60   167.943 54317.21007631  3.98 238.074838  62.024327  9.505
 60   166.890 54317.21007695  3.54 238.072376  62.027478  3.728
 60   165.448 54317.21007760  3.65 238.069916  62.030618  3.728
 60   163.932 54317.21007824  3.82 238.067456  62.033768  3.728
 60   162.166 54317.21007889  5.02 238.064996  62.036918  3.728
 60   160.792 54317.21007953  3.98 238.062536  62.040068  3.728
 60   159.871 54317.21008017  3.58 238.060076  62.043208  3.728
 60   159.919 54317.21008082  3.61 238.057606  62.046358  3.728
 60   159.730 54317.21008146  3.92 238.055146  62.049508  3.728
 60   162.000 54317.21008211  4.14 238.052686  62.052658  3.728
 61   131.169 54352.21004239 22.78 238.079208  62.024634 15.548
 61   131.142 54352.21004304 22.68 238.076749  62.027778 12.041
 61   131.182 54352.21004368 21.48 238.074289  62.030928 12.041
 61   131.143 54352.21004433 21.57 238.071829  62.034078 12.041
 61   131.143 54352.21004497 21.14 238.069369  62.037228 12.041
 61   131.137 54352.21004561 23.62 238.066899  62.040378 12.041
 61   132.781 54352.21004626 22.15 238.064439  62.043528 12.041
 61   112.111 54352.21004755 43.44 238.059519  62.049818 12.041
 62   169.754 54387.21001434 13.75 238.075222  62.016628 11.923
 62   132.004 54387.21001628 21.21 238.067839  62.026069 14.543
 62   132.232 54387.21001692 20.79 238.065379  62.029219 14.543
 62   132.555 54387.21001756 22.67 238.062919  62.032369 14.543
 62   112.045 54387.21001885 41.44 238.057989  62.038659 14.543
 62   111.743 54387.21001950 48.20 238.055529  62.041809 14.543
 62   111.827 54387.21002014 48.50 238.053069  62.044959 14.543
 62   112.266 54387.21002079 46.33 238.050599  62.048109 14.543
 62   112.577 54387.21002143 45.69 238.048139  62.051249 14.543
 62   111.598 54387.21002208 45.73 238.045669  62.054399 14.543
 63   170.697 54422.20999011  2.06 238.083794  62.014710  6.998
 63   170.068 54422.20999075  1.92 238.081334  62.017860  6.998
 63   169.120 54422.20999140  2.86 238.078880  62.021004 10.109
 63   131.615 54422.20999462 17.02 238.066580  62.036744 10.109
 63   131.199 54422.20999526 20.01 238.064120  62.039894 10.109
 63   131.906 54422.20999591 20.20 238.061660  62.043044 10.109
 63   131.884 54422.20999655 19.63 238.059190  62.046194 10.109
 64   166.290 54457.20999112  2.42 238.056162  62.031186  3.178
 64   164.579 54457.20999177  4.31 238.053702  62.034336  3.178
 64   163.127 54457.20999241  3.46 238.051232  62.037476  3.178
 64   161.466 54457.20999306  3.94 238.048772  62.040626  3.178
 64   158.241 54457.20999370  5.22 238.046312  62.043776  3.178
 64   153.918 54457.20999435  5.15 238.043842  62.046926  3.178
 64   146.476 54457.20999499  5.86 238.041382  62.050066  3.178
 64   145.834 54457.20999564  5.97 238.038912  62.053216  3.178
 65   166.339 54492.20999537  1.59 238.073163  62.028578  2.647
 65   164.334 54492.20999601  3.13 238.070703  62.031728  2.647
 65   161.570 54492.20999666  3.43 238.068243  62.034878  2.647
 65   159.637 54492.20999730  4.26 238.065783  62.038028  2.647
 65   158.331 54492.20999795  4.42 238.063323  62.041168  2.647
 65   155.764 54492.20999859  5.03 238.060863  62.044318  2.647
 65   152.908 54492.20999924  5.42 238.058393  62.047468  2.647
 65   151.701 54492.20999988  6.18 238.055933  62.050618  2.647
 66   167.224 54527.21000337  0.52 238.063398  62.029526  2.602
 66   165.628 54527.21000402  1.27 238.060938  62.032676  2.602
 66   163.621 54527.21000466  2.07 238.058468  62.035826  2.602
 66   161.785 54527.21000530  2.74 238.056008  62.038976  2.602
 66   160.015 54527.21000595  3.48 238.053548  62.042116  2.602
 66   157.702 54527.21000659  4.14 238.051078  62.045266  2.602
 66   154.990 54527.21000724  4.61 238.048618  62.048416  2.602
 66   153.753 54527.21000788  5.01 238.046158  62.051566  2.602
 66   150.680 54527.21000853  5.43 238.043688  62.054716  2.602
 67   171.017 54562.21000058  0.66 238.086052  62.014433  2.245
 67   170.210 54562.21000122  0.37 238.083592  62.017583  2.245
 67   169.344 54562.21000187  0.22 238.081132  62.020723  2.245
 67   168.215 54562.21000251  0.42 238.078672  62.023873  2.245
 67   167.028 54562.21000316  1.22 238.076212  62.027023  2.245
 67   165.676 54562.21000380  1.70 238.073752  62.030173  2.245
 67   164.289 54562.21000444  2.45 238.071292  62.033313  2.245
 67   162.464 54562.21000509  2.57 238.068832  62.036463  2.245
 67   160.652 54562.21000573  2.93 238.066372  62.039613  2.245
 67   159.009 54562.21000638  4.22 238.063912  62.042763  2.245
 67   157.226 54562.21000702  4.21 238.061452  62.045913  2.245
 67   155.456 54562.21000767  4.66 238.058982  62.049053  2.245
 68   170.409 54597.20999693 15.88 238.074754  62.018186  3.457
 68   169.684 54597.20999758 15.14 238.072294  62.021336  3.457
 68   168.596 54597.20999822 15.13 238.069834  62.024486  3.457
 68   167.257 54597.20999887 14.82 238.067374  62.027636  3.457
 68   166.152 54597.20999951 14.29 238.064914  62.030776  3.457
 68   164.436 54597.21000015 14.15 238.062454  62.033926  3.457
 68   162.809 54597.21000080 14.39 238.059994  62.037076  3.457
 68   161.257 54597.21000144 14.76 238.057524  62.040226  3.457
 68   161.090 54597.21000209 13.79 238.055064  62.043376  3.457
 68   163.275 54597.21000273 13.84 238.052604  62.046516  3.457
 68   164.575 54597.21000338 13.25 238.050134  62.049666  3.457
 68   165.139 54597.21000402 13.52 238.047674  62.052816  3.457
 69   134.119 54632.21000963 19.10 238.076011  62.015386 14.211
 69   134.240 54632.21001028 22.02 238.073551  62.018536 14.211
 69   134.022 54632.21001092 23.92 238.071091  62.021686 14.211
 69   133.909 54632.21001157 21.48 238.068631  62.024836 14.211
 69   134.706 54632.21001221 19.82 238.066171  62.027986 14.211
 69   113.901 54632.21001350 45.26 238.061251  62.034276 14.211
 69   114.156 54632.21001414 49.08 238.058791  62.037426 14.211
 69   114.516 54632.21001479 48.55 238.056321  62.040576 14.211
 69   114.468 54632.21001543 45.34 238.053861  62.043726 14.211
 69   114.710 54632.21001608 44.48 238.051401  62.046866 14.211
 69   114.512 54632.21001672 45.85 238.048931  62.050016 14.211
 69   114.575 54632.21001737 46.76 238.046471  62.053166 14.211
 70   111.294 54667.21001570 41.96 238.075598  62.016837 10.050
 70   109.174 54667.21001635 36.33 238.073138  62.019987 10.050
 70   114.160 54667.21001699 23.21 238.070678  62.023137 10.050
 70   114.269 54667.21001763 22.90 238.068218  62.026287 10.050
 70   112.388 54667.21001828 29.13 238.065758  62.029437 10.050
 70   113.152 54667.21001892 21.20 238.063298  62.032577 10.050
 71   170.109 54702.20998178  6.50 238.089066  62.013700  3.729
 71   169.630 54702.20998242  4.46 238.086616  62.016850  3.729
 71   168.842 54702.20998307  3.20 238.084156  62.019990  3.729
 71   167.851 54702.20998371  2.24 238.081696  62.023140  3.729
 71   166.677 54702.20998436  2.35 238.079236  62.026290  3.729
 71   165.350 54702.20998500  2.54 238.076776  62.029440  3.729
 71   163.207 54702.20998564  3.67 238.074316  62.032590  3.729
 71   162.014 54702.20998629  2.89 238.071856  62.035730  3.729
 71   156.210 54702.20998693  6.88 238.069396  62.038880  3.729
 71   159.184 54702.20998758  3.64 238.066936  62.042030  3.729
 71   160.339 54702.20998822  2.70 238.064476  62.045180  3.729
 71   160.387 54702.20998887  3.02 238.062006  62.048330  3.729
 72   131.928 54737.20997905 20.21 238.059135  62.029563 13.697
 72   132.168 54737.20997970 23.78 238.056675  62.032713 13.697
 72   131.663 54737.20998034 22.68 238.054205  62.035863 13.697
 72   131.876 54737.20998099 21.86 238.051745  62.039013 13.697
 72   111.380 54737.20998228 45.86 238.046815  62.045303 13.697
 72   111.250 54737.20998292 48.99 238.044355  62.048453 13.697
 72   111.731 54737.20998357 46.64 238.041885  62.051603 13.697
 72   110.746 54737.20998421 47.12 238.039425  62.054753 13.697
 73   163.947 54772.20996275  7.05 238.083764  62.014959 12.831
 73   131.392 54772.20996533 19.34 238.073924  62.027549 12.831
 73   131.863 54772.20996598 21.20 238.071464  62.030699 12.831
 73   131.900 54772.20996662 20.62 238.069004  62.033849 12.831
 73   111.333 54772.20996791 41.74 238.064084  62.040139 12.831
 73   111.083 54772.20996856 46.38 238.061614  62.043289 12.831
 73   111.650 54772.20996920 43.73 238.059154  62.046439 12.831
 73   110.689 54772.20996985 42.00 238.056694  62.049579 12.831
 74   165.057 54807.20997312  2.08 238.055506  62.031691  4.832
 74   162.954 54807.20997376  2.91 238.053036  62.034841  4.832
 74   158.888 54807.20997440  4.28 238.050576  62.037991  4.832
 74   139.807 54807.20997505  6.59 238.048116  62.041131  4.832
 74   141.689 54807.20997569  6.77 238.045646  62.044281  4.832
 74   116.935 54807.20997634 11.43 238.043186  62.047431  4.832
 75   165.486 54842.20996234  1.18 238.069902  62.028478  3.351
 75   163.974 54842.20996298  2.03 238.067442  62.031628  3.351
 75   156.388 54842.20996363  3.07 238.064982  62.034768  3.351
 75   160.406 54842.20996427  3.25 238.062522  62.037918  3.351
 75   154.961 54842.20996492  3.93 238.060062  62.041068  3.351
 75   154.761 54842.20996556  4.13 238.057592  62.044218  3.351
 75   152.981 54842.20996621  4.62 238.055132  62.047368  3.351
 75   146.558 54842.20996685  5.17 238.052672  62.050508  3.351
 75   147.734 54842.20996750  5.80 238.050202  62.053658  3.351
 76   166.112 54877.20997468  0.96 238.060936  62.030793  3.170
 76   163.784 54877.20997533  2.22 238.058476  62.033943  3.170
 76   161.632 54877.20997597  3.46 238.056006  62.037093  3.170
 76   157.812 54877.20997662  3.72 238.053546  62.040233  3.170
 76   156.561 54877.20997726  4.19 238.051086  62.043383  3.170
 76   143.364 54877.20997790  4.98 238.048616  62.046533  3.170
 76   144.613 54877.20997855  5.19 238.046156  62.049683  3.170
 76   145.732 54877.20997919  6.20 238.043696  62.052833  3.170
 76   146.684 54877.20997984  6.82 238.041226  62.055973  3.170
 77   164.547 54912.20996783  0.45 238.070968  62.032719  2.390
 77   162.911 54912.20996847  1.00 238.068508  62.035859  2.390
 77   161.387 54912.20996912  1.08 238.066048  62.039009  2.390
 77   159.397 54912.20996976  1.70 238.063588  62.042159  2.390
 77   158.024 54912.20997041  1.94 238.061128  62.045309  2.390
 77   155.894 54912.20997105  2.16 238.058658  62.048459  2.390
 79   170.744 54982.20999041 11.37 238.074282  62.017521  3.781
 79   169.828 54982.20999105 10.42 238.071822  62.020671  3.781
 79   169.204 54982.20999170  9.11 238.069362  62.023821  3.781
 79   167.659 54982.20999234  9.27 238.066902  62.026971  3.781
 79   166.553 54982.20999299  8.47 238.064442  62.030111  3.781
 79   164.804 54982.20999363  8.72 238.061982  62.033261  3.781
 79   163.129 54982.20999428  8.95 238.059522  62.036411  3.781
 79   161.768 54982.20999492  8.57 238.057052  62.039561  3.781
 79   160.702 54982.20999557  8.97 238.054592  62.042711  3.781
 79   161.400 54982.20999621  8.26 238.052132  62.045851  3.781
 79   163.318 54982.20999686  8.66 238.049662  62.049001  3.781
 79   164.033 54982.20999750  9.52 238.047202  62.052151  3.781
 79   164.812 54982.20999815  9.31 238.044742  62.055301  3.781
 80   170.916 55017.20998925 11.79 238.078338  62.015012  3.734
 80   170.169 55017.20998989 10.17 238.075878  62.018152  3.734
 80   169.303 55017.20999054  9.25 238.073418  62.021302  3.734
 80   168.262 55017.20999118  8.54 238.070958  62.024452  3.734
 80   167.192 55017.20999183  7.88 238.068498  62.027602  3.734
 80   166.153 55017.20999247  7.67 238.066038  62.030752  3.734
 80   164.452 55017.20999312  7.80 238.063578  62.033892  3.734
 80   162.829 55017.20999376  7.71 238.061118  62.037042  3.734
 80   161.154 55017.20999441  9.91 238.058648  62.040192  3.734
 80   160.635 55017.20999505  8.59 238.056188  62.043342  3.734
 80   161.478 55017.20999570  8.07 238.053728  62.046482  3.734
 80   164.064 55017.20999634  8.65 238.051268  62.049632  3.734
 80   165.044 55017.20999698  8.44 238.048798  62.052782  3.734
 81   112.647 55052.20998442 38.96 238.080961  62.014953 17.393
 81   111.068 55052.20998506 46.57 238.078501  62.018093 17.393
 81   111.511 55052.20998571 37.23 238.076041  62.021243 17.393
 81   112.658 55052.20998635 27.39 238.073581  62.024393 17.393
 81   113.099 55052.20998699 26.95 238.071121  62.027543 17.393
 81   113.171 55052.20998764 32.80 238.068661  62.030693 17.393
 81   112.769 55052.20998828 37.25 238.066201  62.033843 17.393
 81   113.060 55052.20998893 38.66 238.063741  62.036983 17.393
 81   112.587 55052.20998957 39.27 238.061281  62.040133 17.393
 82   170.186 55087.20994760 13.50 238.088605  62.013956  9.816
 82   144.102 55087.20994825 17.28 238.086145  62.017106  9.816
 82   133.611 55087.20995147 21.77 238.073855  62.032846  9.816
 82   133.577 55087.20995211 23.27 238.071395  62.035996  9.816
 82   133.464 55087.20995276 22.98 238.068935  62.039136  9.816
 82   133.993 55087.20995340 22.47 238.066475  62.042286  9.816
 82   134.107 55087.20995405 23.28 238.064015  62.045436  9.816
 82   134.169 55087.20995469 22.51 238.061545  62.048586  9.816
 83   171.092 55122.20991979  9.69 238.072317  62.016819  4.959
 83   170.385 55122.20992043  8.26 238.069857  62.019969  4.959
 83   169.235 55122.20992108  9.16 238.067397  62.023119  4.959
 83   132.046 55122.20992237 17.79 238.062477  62.029409  4.959
 83   132.541 55122.20992301 14.44 238.060017  62.032559  4.959
 83   163.586 55122.20992366  7.50 238.057547  62.035709  4.959
 83   161.618 55122.20992430  7.22 238.055087  62.038859  4.959
 83   159.948 55122.20992495  7.77 238.052627  62.041999  4.959
 83   159.233 55122.20992559  7.98 238.050167  62.045149  4.959
 83   159.456 55122.20992624  8.95 238.047697  62.048299  4.959
 83   158.919 55122.20992688  9.94 238.045237  62.051449  4.959
 83   162.929 55122.20992753 10.09 238.042767  62.054589  4.959
 84   170.556 55157.20990823  0.51 238.082645  62.014844 10.098
 84   169.552 55157.20990888  3.88 238.080185  62.017994 10.098
 84   131.542 55157.20990952  9.37 238.077725  62.021134 10.098
 84   131.000 55157.20991017 13.90 238.075265  62.024284 10.098
 84   131.269 55157.20991081 12.97 238.072805  62.027434 10.098
 84   131.201 55157.20991146 17.22 238.070345  62.030584 10.098
 84   131.385 55157.20991210 11.18 238.067885  62.033734 10.098
 84   110.305 55157.20991339 32.85 238.062965  62.040024 10.098
 84   110.070 55157.20991403 33.22 238.060505  62.043174 10.098
 84   110.511 55157.20991468 27.12 238.058035  62.046324 10.098
 84   110.211 55157.20991532 25.66 238.055575  62.049464 10.098
 85   164.864 55192.20991260  4.39 238.056338  62.031179  3.832
 85   158.668 55192.20991325  5.54 238.053878  62.034329  3.832
 85   137.836 55192.20991389  5.81 238.051408  62.037479  3.832
 85   139.740 55192.20991454  6.59 238.048948  62.040629  3.832
 85   156.949 55192.20991518  7.20 238.046488  62.043769  3.832
 85   142.413 55192.20991583  9.01 238.044018  62.046919  3.832
 85   143.771 55192.20991647  8.90 238.041558  62.050069  3.832
 85   144.881 55192.20991712 10.87 238.039088  62.053219  3.832
 86   169.646 55227.20990964  1.52 238.081589  62.016551  3.990
 86   168.967 55227.20991028  2.13 238.079129  62.019701  3.990
 86   164.142 55227.20991157  2.32 238.074209  62.026001  3.990
 86   164.752 55227.20991222  3.29 238.071749  62.029151  3.990
 86   155.418 55227.20991286  4.43 238.069289  62.032301  3.990
 86   155.805 55227.20991351  5.52 238.066829  62.035441  3.990
 86   155.196 55227.20991415  5.66 238.064369  62.038591  3.990
 86   142.430 55227.20991480  6.83 238.061909  62.041741  3.990
 86   144.267 55227.20991544  7.47 238.059439  62.044891  3.990
 86   145.811 55227.20991609  7.97 238.056979  62.048031  3.990
 86   147.184 55227.20991673  8.68 238.054519  62.051181  3.990
 87   165.479 55262.20990729  1.26 238.066389  62.028733  3.220
 87   164.008 55262.20990793  1.03 238.063929  62.031883  3.220
 87   162.617 55262.20990858  1.87 238.061469  62.035033  3.220
 87   159.802 55262.20990922  3.33 238.059009  62.038173  3.220
 87   158.184 55262.20990986  3.80 238.056549  62.041323  3.220
 87   154.754 55262.20991051  5.07 238.054079  62.044473  3.220
 87   144.864 55262.20991115  5.51 238.051619  62.047623  3.220
 87   146.149 55262.20991180  5.83 238.049159  62.050763  3.220
 87   147.253 55262.20991244  6.65 238.046689  62.053913  3.220
 89   170.557 55332.20988484 12.70 238.075668  62.017324 12.563
 89   132.698 55332.20988806 21.76 238.063368  62.033064 12.563
 89   133.233 55332.20988870 22.39 238.060908  62.036214 12.563
 89   133.329 55332.20988935 22.75 238.058448  62.039364 12.563
 89   112.272 55332.20989128 47.64 238.051058  62.048804 12.563
 89   112.152 55332.20989193 49.40 238.048588  62.051954 12.563
 89   111.280 55332.20989257 45.88 238.046128  62.055104 12.563
 90   132.836 55367.20987668 19.71 238.081216  62.016097 15.109
 90   132.558 55367.20987861 22.41 238.073836  62.025537 15.109
 90   131.488 55367.20987926 23.79 238.071376  62.028687 15.109
 90   133.031 55367.20987990 22.13 238.068916  62.031837 15.109
 90   112.534 55367.20988119 44.61 238.063996  62.038127 15.109
 90   112.398 55367.20988184 48.54 238.061536  62.041277 15.109
 90   112.376 55367.20988248 49.29 238.059066  62.044427 15.109
 90   113.067 55367.20988313 46.94 238.056606  62.047577 15.109
 90   112.981 55367.20988377 48.52 238.054146  62.050717 15.109
 91   167.250 55402.20989412  5.48 238.059576  62.029773  6.519
 91   165.851 55402.20989476  5.31 238.057116  62.032923  6.519
 91   164.518 55402.20989541  4.98 238.054646  62.036073  6.519
 91   162.799 55402.20989605  5.49 238.052186  62.039223  6.519
 91   161.543 55402.20989670  5.98 238.049726  62.042363  6.519
 91   161.056 55402.20989734  6.79 238.047256  62.045513  6.519
 91   161.556 55402.20989799  6.20 238.044796  62.048663  6.519
 91   162.440 55402.20989863  6.51 238.042336  62.051813  6.519
 91   157.783 55402.20989928 14.60 238.039866  62.054963  6.519
 92   170.422 55437.20989429 12.03 238.082586  62.015700  7.563
 92   169.578 55437.20989493 12.64 238.080126  62.018850  7.563
 92   167.794 55437.20989558 13.87 238.077666  62.022000  7.563
 92   166.639 55437.20989622 13.96 238.075206  62.025150  7.563
 92   131.746 55437.20989945 23.59 238.062906  62.040890  7.563
 92   131.871 55437.20990009 23.16 238.060436  62.044040  7.563
 92   132.388 55437.20990074 22.07 238.057976  62.047190  7.563
 92   132.320 55437.20990138 22.67 238.055516  62.050330  7.563
 93   169.833 55472.20984380  9.52 238.089893  62.014964  4.886
 93   169.193 55472.20984444  8.85 238.087443  62.018114  4.886
 93   168.423 55472.20984509  8.99 238.084983  62.021264  4.886
 93   167.049 55472.20984573 10.21 238.082523  62.024404  4.886
 93   165.880 55472.20984638  9.82 238.080063  62.027554  4.886
 93   163.508 55472.20984702 12.95 238.077603  62.030704  4.886
 93   162.144 55472.20984767 11.21 238.075143  62.033854  4.886
 93   161.008 55472.20984831 11.28 238.072683  62.037004  4.886
 93   159.908 55472.20984895 10.96 238.070223  62.040144  4.886
 93   159.993 55472.20984960 11.92 238.067763  62.043294  4.886
 93   160.853 55472.20985024 12.22 238.065303  62.046444  4.886
