# NaN NaN NaN ;Mean Elev.(m), Avg Gradient(m/km), RMS Gradient(m/km) - SRTM1     
#   27.311  -4.481  10.322 ;Mean Elev.(m), Avg Gradient(m/km), RMS Gradient(m/km) - ASTER GDEM
#   60.089  -3.286   6.898 ;Mean Elev.(m), Avg Gradient(m/km), RMS Gradient(m/km) - GMTED2010 
  7 233.053197  65.286058     3.836     3.884  5 52449.21671920 20.529
  8 233.075508  65.277751    40.962    40.874  4 52484.21670380 20.175
 12 233.087039  65.277124    40.906    40.888  7 52624.21664268 21.244
 13 233.068411  65.282792    40.069    40.025  5 52659.21666926 16.750
 15 233.073699  65.280583    48.383    49.231  6 52729.21668476 10.068
 17 233.050015  65.291605    45.021    45.021  2 52799.21667977 28.987
 18 233.055142  65.288519    40.640    40.611  3 52834.21674835 17.226
 19 233.069755  65.283421    39.706    39.808  5 52869.21678905 25.347
 20 233.070887  65.284372    39.708    39.802  3 52904.21679777 19.604
 22 233.056401  65.286013    57.652    55.442  6 52974.21677328 14.947
 23 233.067048  65.280839    48.343    48.372  4 53009.21677864 13.451
 24 233.049744  65.287126    40.447    40.367  5 53044.21673975 11.141
 25 233.067968  65.281711    62.183    61.524  6 53079.21677183  9.083
 28 233.076991  65.278267    41.522    42.260  3 53184.21678219 25.286
 29 233.070236  65.283385    39.806    39.897  4 53219.21680826 19.100
 30 233.080735  65.279040    44.402    43.259  6 53254.21678445 44.138
 32 233.083997  65.273774   655.067   655.010  3 53324.21676419 24.610
 33 233.085517  65.280047    55.405    58.315  5 53359.21672731 12.980
 34 233.052392  65.286345    72.735    72.902  6 53394.21674658  5.669
 35 233.084777  65.278160    62.982    62.847  6 53429.21673782  7.979
 36 233.054667  65.286073    69.445    70.578  6 53464.21676336  4.813
 37 233.056738  65.285501    47.473    47.571  6 53499.21682951 40.278
 39 233.062093  65.286642    40.963    41.120  3 53569.21682905 17.853
 40 233.088023  65.277120    40.807    40.899  6 53604.21677304 21.528
 41 233.049337  65.287292    40.880    40.683  6 53639.21677472 20.341
 43 233.092377  65.275300    45.073    43.156  7 53709.21672220 16.962
 44 233.099017  65.275314    42.470    41.953  7 53744.21663206 15.074
 45 233.072966  65.281580    50.027    48.772  5 53779.21666316 15.232
 46 233.095871  65.276412    59.301    59.034  7 53814.21663426  9.058
 47 233.052252  65.285017    51.273    51.516  4 53849.21669742 17.353
 50 233.058722  65.285432    45.603    45.665  6 53954.21677858 25.478
 52 233.049615  65.291714    75.905    75.905  2 54024.21676162 13.333
 53 233.076517  65.280158    39.600    39.587  6 54059.21675148 21.714
 55 233.050644  65.287118    59.929    59.004  6 54129.21667249 12.021
 56 233.074723  65.279831    55.512    58.644  6 54164.21669991 10.909
 58 233.065891  65.282112    42.773    42.718  6 54234.21671474 44.237
 59 233.066534  65.286850    40.774    40.833  3 54269.21673510 20.607
 61 233.085306  65.272728    41.945    41.910  3 54339.21671943 39.777
 62 233.066354  65.280093    40.809    40.722  5 54374.21667088 18.648
 65 233.071489  65.281220    44.811    45.378  7 54479.21665726 12.765
 66 233.053185  65.286497    46.833    39.669  5 54514.21664906 10.334
 67 233.078940  65.278639    41.108    40.831  7 54549.21667013 10.278
 68 233.066543  65.283388    46.646    47.354  5 54584.21664400 13.962
 70 233.068190  65.282613    47.361    44.686  5 54654.21667487 27.375
 72 233.049604  65.291008    39.140    39.147  3 54724.21662589 21.024
 74 233.045669  65.290387    40.242    40.248  4 54794.21661906 19.773
 75 233.067700  65.282491    40.375    40.338  6 54829.21663777 17.124
 76 233.056467  65.285164    67.378    66.473  6 54864.21661234  8.572
 77 233.073012  65.281099    61.094    59.315  7 54899.21663679  8.992
 78 233.058973  65.285403    62.124    62.408  6 54934.21660583  8.105
 79 233.065670  65.284825    48.082    48.048  5 54969.21663926 45.338
 80 233.063083  65.285409    41.635    41.632  4 55004.21665905 24.328
 81 233.067008  65.286277    48.659    43.530  3 55039.21664634 25.735
 83 233.056216  65.286053    42.840    41.866  6 55109.21657895 41.675
 85 233.051024  65.286670    49.365    50.025  6 55179.21655355 15.988
 86 233.072269  65.280749    53.038    53.099  6 55214.21657589 12.827
 87 233.061184  65.283468    56.683    58.216  6 55249.21655118 11.102
 88 233.075300  65.280458    49.407    50.234  6 55284.21656959 11.369
 89 233.061307  65.289723    53.762    53.762  2 55319.21654317 30.523
 90 233.074936  65.278794    54.407    57.932  5 55354.21654247 15.637
 91 233.048307  65.292933    40.085    40.085  2 55389.21654433 11.755
 92 233.072163  65.280835    47.812    47.481  6 55424.21656030 13.798
