# NaN NaN NaN ;Mean Elev.(m), Avg Gradient(m/km), RMS Gradient(m/km) - SRTM1     
#   17.591  -2.883  51.013 ;Mean Elev.(m), Avg Gradient(m/km), RMS Gradient(m/km) - ASTER GDEM
#   49.399  -2.410  53.306 ;Mean Elev.(m), Avg Gradient(m/km), RMS Gradient(m/km) - GMTED2010 
  8 231.735373  65.614232    34.455    34.475  4 52498.82649041 13.856
 10 231.747932  65.613725    91.089    92.199  5 52568.82650542  9.877
 11 231.729039  65.612732    97.274    98.305  4 52603.82649490 11.965
 12 231.749762  65.613728    89.411    84.415  4 52638.82647184 10.392
 13 231.734711  65.613800    97.861    97.633  4 52673.82646994  7.280
 14 231.746874  65.611869   102.650   106.142  3 52708.82648174  5.303
 15 231.728548  65.612345    98.817    99.053  4 52743.82651187  4.210
 18 231.750326  65.612884    95.529    96.848  5 52848.82658413  4.187
 20 231.731775  65.612319   131.075   145.416  5 52918.82657711 10.550
 21 231.758906  65.613025    68.664    70.288  5 52953.82653905 17.840
 22 231.749870  65.611152   109.352   107.729  3 52988.82654728  4.475
 23 231.740637  65.614112    96.344    96.394  5 53023.82653397  5.901
 24 231.752234  65.612436    93.765    93.221  4 53058.82652976  5.813
 25 231.721325  65.612679   100.020    99.988  4 53093.82656849  5.613
 28 231.738848  65.609610    32.610    32.610  2 53198.82660784 28.588
 30 231.720141  65.611891   138.693   152.543  4 53268.82654679  6.421
 31 231.741066  65.613007    66.590    59.903  5 53303.82660556 18.749
 32 231.734297  65.612682    97.379    97.359  4 53338.82657498  9.472
 33 231.726716  65.612413    99.736    99.717  4 53373.82650788  4.753
 34 231.748818  65.614100   108.659   108.878  4 53408.82654785  3.664
 35 231.722205  65.611159   100.612   100.598  4 53443.82653312  5.579
 36 231.740998  65.612774   103.533   102.079  5 53478.82660866  4.651
 37 231.740434  65.613520    99.232    99.241  5 53513.82661720  8.922
 40 231.720750  65.613489    33.351    33.351  2 53618.82655757 15.444
 41 231.746139  65.613397   140.340   154.338  4 53653.82658042  6.397
 42 231.732881  65.610990   101.794   102.514  3 53688.82657893  8.987
 43 231.727142  65.613185    98.064    99.079  4 53723.82650343  8.313
 44 231.759359  65.613332    89.034    91.153  5 53758.82644200  8.023
 45 231.738253  65.613045    95.800    97.042  4 53793.82646339  6.792
 46 231.758577  65.612572    94.516    95.920  4 53828.82643541  5.533
 47 231.741692  65.610120    99.103    99.103  2 53863.82651815  9.006
 48 231.741787  65.611621    69.771    56.920  3 53898.82654220 28.575
 49 231.727154  65.610906   126.228   127.238  4 53933.82658780  5.638
 51 231.759349  65.612868   143.087   152.833  5 54003.82652924  5.457
 52 231.749337  65.613214    67.516    65.879  5 54038.82656363 22.145
 53 231.738802  65.613404   101.559   102.169  5 54073.82655849  8.609
 54 231.720256  65.611845    99.629    99.640  4 54108.82650564  7.463
 55 231.747610  65.613140    95.256    95.187  4 54143.82649503  6.592
 56 231.726668  65.611904    98.661    98.698  4 54178.82648957  5.300
 58 231.743679  65.614119    33.849    33.853  4 54248.82653058 30.732
 59 231.740021  65.613355   118.796   119.470  4 54283.82653916  5.686
 60 231.740819  65.614384   139.151   153.461  5 54318.82653663  8.867
 62 231.743575  65.613859    76.611    78.543  4 54388.82647676 12.622
 63 231.733031  65.612535   107.552   107.792  5 54423.82645115  6.258
 65 231.735382  65.613784   107.821   107.965  4 54493.82645498  3.813
 66 231.748187  65.613149   111.458   111.734  4 54528.82646450  2.165
 67 231.728660  65.613297   104.955   105.098  4 54563.82646235  3.003
 68 231.740980  65.612711    99.567    99.453  5 54598.82646020 16.810
 69 231.740036  65.613758    40.345    41.540  5 54633.82647299 15.404
 70 231.733811  65.609984   123.340   123.340  2 54668.82647882  6.628
 71 231.731788  65.612527   120.210   103.300  5 54703.82644282  6.846
 72 231.748576  65.613607   154.364   154.232  5 54738.82643977  7.866
 73 231.734961  65.612884    93.911    96.684  5 54773.82642401 10.651
 74 231.748194  65.611218    96.820    94.353  3 54808.82643376  8.424
 75 231.735124  65.612763    97.863    98.090  4 54843.82642172  7.009
 76 231.742682  65.613197    98.835    99.257  5 54878.82643668  3.973
 77 231.725377  65.610940   100.123    99.853  4 54913.82642657  3.000
 79 231.738917  65.612424   120.948   121.315  4 54983.82645429 11.824
 80 231.741162  65.614173   118.933   104.105  5 55018.82645090 11.470
 81 231.738036  65.613216    90.899    90.904  5 55053.82644697  6.074
 82 231.727149  65.612122   138.858   152.823  4 55088.82640876  6.345
 83 231.746963  65.613841    52.650    52.779  4 55123.82638346 22.562
 84 231.731562  65.612408    94.100    98.354  4 55158.82636959 11.063
 85 231.749572  65.612701    89.592    87.204  5 55193.82637342  8.404
 86 231.728515  65.611604    97.703    97.722  4 55228.82637177  6.742
 87 231.742384  65.612795    94.224    93.857  5 55263.82636905  6.268
 88 231.729074  65.611740    97.602    98.628  4 55298.82635479  4.047
 89 231.736298  65.613083   103.774   103.315  5 55333.82634698 11.462
 90 231.737727  65.613177   159.801   158.532  4 55368.82633848  6.407
 91 231.747302  65.612374   105.580    84.360  3 55403.82635458  9.662
 93 231.726309  65.610906   138.563   152.651  4 55473.82630456  7.289
