# NaN NaN NaN ;Mean Elev.(m), Avg Gradient(m/km), RMS Gradient(m/km) - SRTM1     
#   90.127  -2.601   5.797 ;Mean Elev.(m), Avg Gradient(m/km), RMS Gradient(m/km) - ASTER GDEM
#  107.000  -2.877   5.526 ;Mean Elev.(m), Avg Gradient(m/km), RMS Gradient(m/km) - GMTED2010 
  8 236.854822  62.644526   104.951   105.054  9 52481.21217469 36.772
  9 236.855508  62.663509   111.926   112.277  9 52516.21212985 44.026
 10 236.853068  62.628977    99.996   100.265  5 52551.21217124 48.764
 11 236.859497  62.653517    99.788    99.810  8 52586.21214824 38.728
 12 236.856237  62.655271   101.249   100.971 10 52621.21212675 27.088
 15 236.854498  62.647462   115.244   115.165  8 52726.21215541  7.365
 16 236.854804  62.646554   102.665   102.380  8 52761.21217161 28.761
 17 236.856186  62.639346   102.773   102.769  7 52796.21212905 47.518
 18 236.856665  62.639596   103.640   103.616  7 52831.21219603 39.108
 19 236.855366  62.652606   101.682   101.967  8 52866.21224204 46.815
 20 236.858512  62.646531   114.701   114.474  7 52901.21226873 41.874
 21 236.859970  62.654047    99.906    99.925  6 52936.21221107 48.313
 22 236.856435  62.636824   106.390   108.827  7 52971.21223213 24.141
 23 236.856276  62.639147   116.599   116.880  7 53006.21224629 12.277
 24 236.852345  62.630074   122.383   119.313  5 53041.21219682  9.986
 25 236.855207  62.646400   116.580   116.326  9 53076.21223237  7.802
 26 236.853447  62.626129   123.207   125.611  5 53111.21219894  1.625
 27 236.856920  62.636205   102.351   102.652  7 53146.21224357 42.160
 28 236.855170  62.651504   102.696   102.915  9 53181.21225383 47.103
 29 236.854005  62.646352   105.848   105.242  9 53216.21227572 21.046
 30 236.856980  62.653406    99.785    99.817  9 53251.21225550 49.001
 31 236.853242  62.628181    99.799   100.053  5 53286.21224413 47.275
 32 236.860794  62.648078    99.186    99.188  6 53321.21222380 31.739
 34 236.855041  62.631605   125.893   125.214  6 53391.21220294  8.333
 35 236.865171  62.646311   142.887   142.887  2 53426.21220178  1.560
 36 236.857068  62.637450   121.651   122.733  7 53461.21221115  5.501
 37 236.856038  62.632407   104.907   105.205  6 53496.21228975 41.749
 38 236.856734  62.654072   107.796   106.936  9 53531.21227152 23.052
 39 236.853959  62.646194   108.106   107.669  9 53566.21229566 25.478
 40 236.854868  62.660268   106.305   106.493 10 53601.21224176 16.082
 41 236.853605  62.632126   100.934   100.898  5 53636.21223389 43.785
 42 236.856116  62.636343   102.981   102.905  6 53671.21225556 21.989
 43 236.850461  62.670487   101.615   101.694  3 53706.21219419 21.398
 44 236.838241  62.695979   145.383   145.383  2 53741.21211227  0.841
 45 236.855680  62.648814   110.645   110.052  8 53776.21212600 10.238
 48 236.853172  62.649149   103.789   103.788  8 53881.21217826 48.230
 49 236.855435  62.636951   103.411   103.362  6 53916.21223542 28.849
 50 236.855524  62.638292   102.379   102.077  7 53951.21224260 45.487
 52 236.856154  62.636325   100.359   100.258  7 54021.21221867 47.000
 53 236.856382  62.652911    98.396    98.482  9 54056.21221318 25.149
 54 236.855945  62.658168   102.339   103.213 10 54091.21219951 16.866
 55 236.855886  62.632308   118.687   118.998  5 54126.21212570 10.357
 56 236.855087  62.647769   114.946   114.721  8 54161.21216557  7.219
 57 236.855491  62.635791   119.354   118.942  6 54196.21212821  6.126
 58 236.854219  62.645568   102.722   102.759  9 54231.21217823 47.123
 59 236.855378  62.646824   103.156   103.349  9 54266.21219581 42.568
 60 236.854946  62.649689   121.567   119.726  9 54301.21220106 20.698
 61 236.858866  62.649904   101.299   101.311  7 54336.21218889 48.520
 62 236.856942  62.637341   112.922   118.773  7 54371.21213093 23.837
 63 236.861065  62.642849   100.929   100.971  5 54406.21213216 43.673
 64 236.854349  62.631680   107.704   107.608  6 54441.21208832 15.542
 65 236.854848  62.647870   110.134   110.019  8 54476.21212100 10.608
 66 236.855186  62.634212   118.437   118.442  6 54511.21210466  9.110
 67 236.856424  62.649897   128.423   122.953  8 54546.21213561  3.302
 69 236.855894  62.648239   103.412   103.530  8 54616.21212444 47.453
 70 236.854485  62.644616   107.469   107.554  8 54651.21213672 25.715
 71 236.856336  62.652702   106.767   106.267  9 54686.21213064 17.285
 72 236.855077  62.634143   102.931   103.383  6 54721.21208010 18.453
 73 236.854781  62.648040   109.916   105.682  8 54756.21210441 24.579
 74 236.854976  62.631432    99.335    99.345  5 54791.21207288 39.528
 75 236.854363  62.644457   111.005   111.921  9 54826.21210071 14.722
 76 236.855154  62.635960   122.469   120.580  5 54861.21206737  6.594
 78 236.856139  62.634511   134.807   123.410  5 54931.21206446  3.344
 79 236.854708  62.646967   107.632   107.658  8 54966.21210263 25.805
 80 236.853795  62.645148   104.760   104.782  9 55001.21212222 42.039
 81 236.854772  62.648056   102.788   102.768  8 55036.21210861 45.377
 82 236.857529  62.653070   101.491   101.532  9 55071.21209800 49.602
 83 236.855760  62.632903   110.214   114.651  5 55106.21203776 21.182
 84 236.857813  62.645931   100.110   100.152  7 55141.21204621 42.239
 85 236.855195  62.633011   106.271   101.059  5 55176.21200671 17.442
 86 236.855162  62.645929   112.428   112.457  9 55211.21204097 11.419
 87 236.855659  62.637407   113.686   113.761  6 55246.21201184 11.094
 88 236.856948  62.648969   111.398   111.761  9 55281.21203526  9.378
 89 236.854992  62.645314   103.583   103.625  9 55316.21200194 32.869
 90 236.857106  62.649648   101.254   101.270  9 55351.21200723 49.332
 91 236.854975  62.634464   111.445   109.111  6 55386.21199923 15.818
 92 236.855623  62.647760   101.264   101.303  8 55421.21202523 45.802
 93 236.859001  62.652787   115.515   115.899  7 55456.21200130 44.307
