# NaN NaN NaN ;Mean Elev.(m), Avg Gradient(m/km), RMS Gradient(m/km) - SRTM1     
#   11.387  -5.312  12.794 ;Mean Elev.(m), Avg Gradient(m/km), RMS Gradient(m/km) - ASTER GDEM
#   22.459  -5.070  12.669 ;Mean Elev.(m), Avg Gradient(m/km), RMS Gradient(m/km) - GMTED2010 
  7 230.091676  66.760502    56.320    49.337  4 52452.22101370 11.573
  8 230.104892  66.760288    18.230    18.231  6 52487.22099471 17.638
  9 230.111633  66.757707    63.690    63.877  5 52522.22096457  8.525
 11 230.096832  66.759760    18.269    18.268  6 52592.22101140 31.585
 12 230.091223  66.761521    17.890    17.997  6 52627.22092898 20.367
 13 230.097576  66.761722    16.786    16.796  6 52662.22097498 19.262
 15 230.113800  66.755911    34.311    50.112  5 52732.22097379 10.711
 16 230.113356  66.757324    67.243    65.813  5 52767.22098310  1.799
 18 230.087677  66.763560    18.568    18.688  8 52837.22105933 18.133
 19 230.095576  66.761497    16.716    16.318  7 52872.22109905 32.728
 20 230.110881  66.756605    16.950    17.034  4 52907.22108771 15.865
 21 230.093585  66.755531    16.852    16.852  2 52942.22101654 44.456
 23 230.100481  66.759906    63.310    63.337  7 53012.22107262  4.958
 24 230.087008  66.760115    62.635    62.740  4 53047.22104011  4.879
 25 230.096522  66.760689    62.944    62.840  6 53082.22107467  7.597
 26 230.086860  66.757641    64.236    64.236  2 53117.22104487  1.820
 27 230.093672  66.757359    23.120    23.770  4 53152.22109376 47.316
 28 230.108492  66.755763    17.622    17.600  4 53187.22108005 23.163
 35 230.115171  66.757320    63.565    63.493  6 53432.22103840  2.063
 36 230.087198  66.759118    62.458    62.458  2 53467.22107449  3.353
 37 230.088577  66.764798    23.303    23.319  6 53502.22112840 26.014
 38 230.106124  66.756447    20.404    20.339  4 53537.22111900 45.765
 39 230.098014  66.760785    63.037    63.033  3 53572.22112429 11.849
 40 230.120040  66.755335    18.140    18.115  5 53607.22107149 46.022
 41 230.088774  66.755841    17.210    17.210  2 53642.22107316 20.162
 42 230.091817  66.762684    16.244    16.507  7 53677.22109320 42.560
 45 230.106190  66.759349    64.382    64.542  6 53782.22096435  1.171
 46 230.128694  66.754440    64.219    64.595  4 53817.22092851  0.816
 48 230.112102  66.754593    41.441    41.477  4 53887.22100735 21.068
 49 230.090887  66.757301    54.572    62.584  3 53922.22108002 11.906
 50 230.094764  66.760808    16.762    16.381  7 53957.22107534 35.588
 52 230.092159  66.756830    16.645    16.763  3 54027.22106149 21.531
 53 230.103405  66.762646    15.471    15.464  4 54062.22105564 24.297
 55 230.087491  66.758702    16.642    16.551  3 54132.22097762 17.843
 57 230.088983  66.759353    62.496    62.511  4 54202.22098107  7.000
 58 230.097019  66.760416    20.916    20.794  7 54237.22101684 40.604
 60 230.098632  66.759952    18.972    19.152  5 54307.22103837 16.171
 62 230.090931  66.762038    17.707    17.274  7 54377.22097398 23.804
 63 230.098710  66.762908    19.553    19.587  5 54412.22096608 27.380
 64 230.086057  66.760922    17.747    17.843  5 54447.22093909 12.606
 66 230.088500  66.760883    62.205    62.205  3 54517.22095296  9.479
 67 230.115013  66.753897    63.024    63.092  4 54552.22096912  4.389
 69 230.100498  66.760011    19.574    19.560  6 54622.22096667 23.704
 70 230.096461  66.761929    19.160    18.918  7 54657.22097666 16.008
 71 230.105159  66.759807    17.145    17.148  6 54692.22095933 17.258
 72 230.077613  66.772314    15.546    15.546  2 54727.22093159 40.847
 73 230.100939  66.759088    47.012    62.739  3 54762.22093636 27.228
 75 230.103743  66.757083    63.033    63.129  5 54832.22092560  5.322
 76 230.087268  66.760848    62.556    62.411  6 54867.22091811  5.621
 77 230.106029  66.759659    63.857    64.012  6 54902.22093603  2.213
 78 230.090557  66.762899    52.585    61.973  5 54937.22090847  7.809
 79 230.092886  66.763614    23.209    23.360  6 54972.22094137 35.690
 80 230.099318  66.760937    63.675    63.641  7 55007.22095803  7.579
 81 230.105603  66.754903    18.068    18.068  2 55042.22094555 18.688
 82 230.112428  66.755691    18.663    18.695  5 55077.22092518 45.749
 83 230.090965  66.762187    16.543    16.749  7 55112.22087967 39.850
 84 230.094791  66.764323    17.054    17.128  4 55147.22088140 34.825
 85 230.086194  66.760237    16.816    16.778  4 55182.22085926 16.692
 86 230.109359  66.754321    62.706    62.706  2 55217.22087503  8.462
 87 230.091585  66.760204    62.595    62.676  5 55252.22085534 12.164
 88 230.115272  66.753260    62.672    62.449  3 55287.22086702  5.397
 89 230.096637  66.761814    64.491    64.315  7 55322.22084465  8.659
 90 230.100418  66.760346    20.034    20.171  7 55357.22084363 12.693
 91 230.088453  66.763369    17.081    17.078  8 55392.22084654 15.348
 92 230.105193  66.755104    62.913    62.913  2 55427.22085898  6.328
