# NaN NaN NaN ;Mean Elev.(m), Avg Gradient(m/km), RMS Gradient(m/km) - SRTM1     
#   17.003  -0.877  39.357 ;Mean Elev.(m), Avg Gradient(m/km), RMS Gradient(m/km) - ASTER GDEM
#   30.000  -1.074  36.655 ;Mean Elev.(m), Avg Gradient(m/km), RMS Gradient(m/km) - GMTED2010 
  7 231.048515  65.858142    27.823    27.817  5 52452.22082497 48.008
  8 231.073363  65.846303    28.570    28.571  9 52487.22080356 33.917
  9 231.079674  65.843686    27.216    27.202  8 52522.22077343 29.495
 11 231.054292  65.856636    26.888    26.911  6 52592.22082251 36.478
 12 231.047927  65.860074    27.182    27.198  3 52627.22074041 24.878
 13 231.061007  65.852944    30.055    31.673  3 52662.22078490 16.868
 14 231.040312  65.860215    33.997    26.880  3 52697.22076394 14.786
 15 231.080454  65.843483    46.472    43.391  9 52732.22078297  7.965
 16 231.081152  65.843264    28.619    28.620  8 52767.22079196 31.987
 17 231.040040  65.858797    28.121    28.134  4 52802.22080505 48.903
 18 231.050674  65.855878    27.901    27.887  5 52837.22086947 50.430
 19 231.056598  65.855321    26.763    26.708  5 52872.22090952 38.331
 20 231.075914  65.845696    26.515    26.517  9 52907.22089721 38.348
 21 231.045200  65.858654    25.909    25.879  4 52942.22082894 41.895
 23 231.062603  65.852132    59.270    56.448  6 53012.22088277  7.535
 24 231.043474  65.858602    68.156    66.783  5 53047.22085154  6.920
 25 231.055536  65.856011    66.744    67.056  6 53082.22088546  6.365
 26 231.039956  65.859209    68.915    68.790  5 53117.22085695  5.132
 27 231.046466  65.858861    29.420    29.422  5 53152.22090584 49.087
 28 231.073810  65.844897    27.417    27.401  9 53187.22088954 31.301
 29 231.076991  65.843655    26.732    26.821  9 53222.22091185 21.381
 30 231.077052  65.844987    26.043    26.012  9 53257.22088812 31.172
 31 231.035002  65.859436    27.992    29.365  5 53292.22090920 18.413
 32 231.073931  65.845249    39.664    44.058  6 53327.22087967 24.239
 35 231.084770  65.841760    63.435    62.491  8 53432.22084693  3.802
 36 231.043640  65.857630    65.313    60.744  5 53467.22088592  4.753
 37 231.051233  65.857046    33.880    33.882  5 53502.22093855 51.840
 38 231.068092  65.848622    28.693    28.685  9 53537.22092914 50.772
 39 231.058105  65.855059    27.585    27.504  6 53572.22093486 20.134
 40 231.087686  65.841262    26.988    26.983  8 53607.22088034 47.762
 41 231.040280  65.858958    26.683    26.652  4 53642.22088556 24.065
 42 231.052711  65.856490    26.460    26.392  5 53677.22090367 48.158
 43 231.089203  65.840723    63.717    63.886  9 53712.22082886  3.617
 44 231.041168  65.858878    68.186    68.234  5 53747.22074555  8.134
 45 231.074693  65.845400    64.495    62.969  9 53782.22077321  6.257
 46 231.086648  65.849605    62.035    62.035  2 53817.22073930  5.413
 48 231.077277  65.843723    29.115    28.852  9 53887.22081684 21.270
 49 231.043634  65.858781    27.937    27.884  4 53922.22089210 23.979
 50 231.053823  65.856097    26.748    26.773  6 53957.22088613 20.448
 51 231.038757  65.858038    26.555    26.607  5 53992.22081022 49.185
 52 231.045280  65.858390    26.634    25.849  4 54027.22087356 23.563
 53 231.075302  65.845632    57.213    57.054  9 54062.22086385 11.701
 55 231.042405  65.858737    59.578    60.719  5 54132.22078938  8.338
 56 231.075358  65.845119    60.692    61.366  9 54167.22080769  5.425
 57 231.045360  65.857853    59.916    57.667  5 54202.22079250  5.551
 58 231.056353  65.855747    34.524    34.559  6 54237.22082763 25.919
 59 231.068053  65.848622    28.409    28.423  9 54272.22084550 45.150
 60 231.057854  65.855288    28.587    28.572  6 54307.22084916 30.637
 61 231.082138  65.842905    27.165    27.092  9 54342.22082635 33.431
 62 231.052881  65.855098    31.721    31.666  4 54377.22078429 17.382
 63 231.069026  65.847427    27.020    26.995  9 54412.22077460 44.041
 64 231.042639  65.859438    28.529    28.540  4 54447.22075052 14.706
 66 231.046586  65.857851    52.623    52.123  5 54517.22076407  9.728
 67 231.079682  65.842957    53.796    54.834  9 54552.22077862  7.207
 68 231.054412  65.856170    28.810    28.711  5 54587.22075943 11.827
 69 231.064361  65.850687    28.562    28.546  8 54622.22077649 48.776
 70 231.057314  65.855719    28.496    28.486  5 54657.22078713 18.722
 71 231.073571  65.845815    26.766    26.799  9 54692.22076818 21.705
 72 231.047547  65.858483    26.292    26.260  5 54727.22074045 28.724
 73 231.061551  65.852883    30.180    29.827  7 54762.22074683 19.453
 74 231.040338  65.859311    27.242    27.129  5 54797.22073392 25.269
 75 231.064223  65.850841    38.325    36.443  7 54832.22073607 14.809
 76 231.045404  65.857807    60.555    60.663  4 54867.22072922  5.198
 77 231.074277  65.845693    61.468    60.561  9 54902.22074488  3.897
 78 231.051776  65.856732    62.998    63.204  5 54937.22071894  3.527
 79 231.055608  65.855864    36.068    36.059  5 54972.22075152 28.450
 80 231.063183  65.851619    28.618    28.608  7 55007.22076785 46.419
 81 231.061255  65.853292    27.473    27.504  7 55042.22075698 34.555
 82 231.078862  65.843197    27.360    27.347  9 55077.22073435 28.676
 83 231.052130  65.856033    30.666    30.438  5 55112.22069013 15.976
 84 231.061286  65.852741    27.202    27.196  6 55147.22069073 29.880
 85 231.042748  65.858743    27.918    27.794  5 55182.22067069 23.268
 86 231.074258  65.843415    59.977    57.576  7 55217.22068453  8.385
 87 231.051120  65.855625    58.609    55.072  4 55252.22066613  7.340
 88 231.078291  65.843860    62.389    62.814  9 55287.22067685  5.031
 89 231.057505  65.855572    29.688    29.665  5 55322.22065511 33.893
 90 231.064264  65.851024    27.639    27.441  7 55357.22065346 21.871
 91 231.051293  65.855674    27.618    27.184  5 55392.22065668 27.773
 92 231.060878  65.853488    26.969    26.955  7 55427.22067041 50.202
 93 231.084542  65.841777    26.885    26.881  8 55462.22063307 50.606
