# NaN NaN NaN ;Mean Elev.(m), Avg Gradient(m/km), RMS Gradient(m/km) - SRTM1     
#   20.000 -17.442  72.902 ;Mean Elev.(m), Avg Gradient(m/km), RMS Gradient(m/km) - ASTER GDEM
#   52.121 -10.321  68.200 ;Mean Elev.(m), Avg Gradient(m/km), RMS Gradient(m/km) - GMTED2010 
  8    39.980 52495.82255569 14.82 232.869270  65.302988 15.998
  8    40.479 52495.82255633 15.74 232.866230  65.299878 15.998
  8    39.968 52495.82255698 16.78 232.863190  65.296778 15.998
  8    41.241 52495.82255762 17.40 232.860150  65.293678 15.998
  9    45.727 52530.82254111 17.65 232.882521  65.301003 16.049
  9    47.770 52530.82254175 17.12 232.879481  65.297903 16.049
  9    46.723 52530.82254240 17.16 232.876441  65.294803 16.049
  9    47.995 52530.82254304 20.27 232.873401  65.291693 16.049
 10    39.461 52565.82256135 19.78 232.881048  65.299873 10.247
 10    39.021 52565.82256200 22.33 232.878008  65.296773 10.247
 10    38.637 52565.82256264 23.65 232.874968  65.293663 10.247
 12    39.945 52635.82254118 18.11 232.874604  65.300530  3.057
 12    40.026 52635.82254182 17.77 232.871564  65.297430  3.057
 12    40.108 52635.82254247 17.51 232.868524  65.294330  3.057
 13    39.270 52670.82254790 15.15 232.867024  65.304332  3.098
 13    40.288 52670.82254855 14.95 232.863978  65.301234  3.208
 13    40.616 52670.82254919 14.80 232.860948  65.298134  3.208
 13    40.638 52670.82254984 15.02 232.857908  65.295034  3.208
 14    39.341 52705.82254285 10.02 232.873929  65.296240  2.264
 14    39.780 52705.82254349  9.81 232.870889  65.293140  2.264
 15    54.645 52740.82257586  9.41 232.863045  65.303734  2.184
 15    38.503 52740.82257651  9.79 232.860005  65.300634  2.184
 15    39.525 52740.82257715  8.67 232.856965  65.297534  2.184
 17    43.560 52810.82259691 39.91 232.878203  65.302522 16.031
 17    42.276 52810.82259756 42.89 232.875153  65.299422 16.031
 17    42.593 52810.82259820 39.61 232.872113  65.296322 16.031
 17    43.103 52810.82259884 41.07 232.869073  65.293222 16.031
 18    42.038 52845.82265387 34.83 232.873285  65.295946 13.224
 18    43.120 52845.82265451 36.69 232.870245  65.292846 13.224
 19    48.291 52880.82268998 36.51 232.869148  65.303365 18.858
 19    47.146 52880.82269063 37.80 232.866108  65.300265 18.858
 19    47.686 52880.82269127 35.86 232.863068  65.297165 18.858
 19    47.633 52880.82269192 38.35 232.860038  65.294065 18.858
 20    43.758 52915.82264757 40.87 232.863592  65.303268 18.545
 20    40.467 52915.82264821 38.43 232.860552  65.300168 18.545
 20    42.480 52915.82264886 40.20 232.857512  65.297068 18.545
 23    54.609 53020.82261902 12.19 232.865681  65.303103  2.847
 23    39.357 53020.82261966 11.84 232.862643  65.300002  2.366
 24    59.508 53055.82260766  9.69 232.879013  65.299123  2.580
 24    41.544 53055.82260831  9.35 232.875973  65.296023  2.580
 24    39.915 53055.82260895  9.54 232.872933  65.292923  2.580
 25    73.443 53090.82264440  8.03 232.855472  65.308220  2.162
 25    71.561 53090.82264505  7.89 232.852435  65.305120  2.025
 25    69.461 53090.82264569  8.19 232.849395  65.302020  2.025
 25    66.891 53090.82264634  7.97 232.846355  65.298920  2.025
 25    64.380 53090.82264698  7.42 232.843325  65.295820  2.025
 29    43.991 53230.82265944 26.51 232.871005  65.301685 11.582
 29    48.169 53230.82266009 24.03 232.867972  65.298585 13.245
 29    47.182 53230.82266073 24.89 232.864932  65.295485 13.245
 30    39.974 53265.82262901 16.43 232.856234  65.307960 12.656
 30    40.500 53265.82262965 17.12 232.853194  65.304860 12.656
 30    40.008 53265.82263029 17.45 232.850156  65.301765  7.347
 30    40.230 53265.82263094 19.82 232.847116  65.298655  7.347
 30    40.707 53265.82263158 21.05 232.844076  65.295555  7.347
 32    40.660 53335.82264973 20.17 232.865970  65.301599  3.752
 32    40.238 53335.82265038 20.99 232.862930  65.298499  3.752
 33    39.459 53370.82258706 12.51 232.859265  65.305829  2.833
 33    39.586 53370.82258835 12.10 232.853189  65.299626  2.148
 33    39.882 53370.82258899 11.61 232.850159  65.296526  2.148
 34    54.869 53405.82262200 10.32 232.875617  65.301223  1.948
 34    68.994 53405.82262265 10.11 232.872577  65.298123  1.948
 34    39.435 53405.82262329 10.39 232.869537  65.295023  1.948
 35    74.688 53440.82260822  3.49 232.859953  65.306478  2.387
 35    71.103 53440.82260886  5.53 232.856909  65.303376  2.153
 35    52.589 53440.82260951  9.07 232.853879  65.300276  2.153
 35    38.932 53440.82261015  9.75 232.850839  65.297176  2.153
 36    56.963 53475.82267444  8.82 232.869393  65.301469  3.441
 36    40.539 53475.82267508  8.94 232.866353  65.298369  3.441
 36    39.228 53475.82267572  8.96 232.863313  65.295269  3.441
 37    54.031 53510.82268895 19.46 232.869717  65.302331  3.957
 37    52.887 53510.82268960 29.03 232.866678  65.299231 18.842
 37    47.126 53510.82269024 39.09 232.863638  65.296131 18.842
 39    47.244 53580.82268033 18.91 232.864282  65.304715  6.468
 39    40.526 53580.82268098 19.49 232.861247  65.301615  5.721
 39    41.098 53580.82268162 18.89 232.858207  65.298515  5.721
 40    62.195 53615.82263514 16.15 232.855145  65.305537 20.667
 40    41.477 53615.82263579 31.96 232.852105  65.302434 12.083
 40    41.742 53615.82263643 37.24 232.849065  65.299334 12.083
 40    40.626 53615.82263708 43.27 232.846035  65.296234 12.083
 41    45.959 53650.82264803 16.92 232.874954  65.300721 11.289
 41    46.101 53650.82264867 17.88 232.871904  65.297621 11.289
 41    45.972 53650.82264932 18.79 232.868874  65.294521 11.289
 42    41.226 53685.82265616 20.88 232.863399  65.303105  5.440
 42    41.181 53685.82265680 21.93 232.860359  65.299995  5.440
 43    39.329 53720.82258176 15.29 232.862502  65.305942  3.322
 43    39.843 53720.82258241 15.81 232.859459  65.302840  3.112
 43    40.637 53720.82258305 15.10 232.856429  65.299740  3.112
 43    40.612 53720.82258370 15.31 232.853389  65.296640  3.112
 44    39.742 53755.82250966 13.55 232.883368  65.298211  4.047
 44    39.845 53755.82251095 13.87 232.877283  65.292007  2.499
 45    39.718 53790.82253727 12.97 232.870167  65.302529  2.310
 45    39.502 53790.82253792 12.90 232.867127  65.299429  2.310
 45    39.391 53790.82253856 12.88 232.864087  65.296329  2.310
 45    40.244 53790.82253921 11.86 232.861047  65.293229  2.310
 46    69.946 53825.82249620  8.42 232.886921  65.298811  2.444
 46    55.756 53825.82249685  9.04 232.883877  65.295708  2.243
 46    55.438 53825.82249749  9.08 232.880837  65.292608  2.243
 48    43.996 53895.82260695 31.72 232.875415  65.302535  6.222
 48    43.275 53895.82260760 40.99 232.872375  65.299435  6.222
 48    40.195 53895.82260824 42.76 232.869335  65.296335  6.222
 49    48.983 53930.82265864 13.29 232.861612  65.306161  5.896
 49    48.933 53930.82265928 13.44 232.858572  65.303061  5.896
 49    40.709 53930.82265993 15.66 232.855532  65.299961  5.896
 49    40.905 53930.82266057 17.11 232.852490  65.296860  9.050
 50    42.115 53965.82263568 43.86 232.861278  65.306913 13.673
 50    41.894 53965.82263632 42.93 232.858238  65.303813 13.673
 50    42.566 53965.82263697 42.13 232.855198  65.300713 13.673
 50    39.802 53965.82263761 47.11 232.852157  65.297612 13.971
 51    57.288 54000.82259560 15.64 232.886958  65.298135 10.832
 51    39.977 54000.82259624 18.05 232.883918  65.295033  6.984
 51    39.878 54000.82259689 16.58 232.880878  65.291933  6.984
 53    38.939 54070.82263186 17.62 232.868575  65.301751  4.048
 53    39.378 54070.82263250 17.60 232.865539  65.298644  4.666
 53    39.281 54070.82263314 17.77 232.862499  65.295544  4.666
 54    71.386 54105.82258396 13.69 232.857646  65.307423  3.646
 54    38.118 54105.82258460 14.60 232.854606  65.304323  3.646
 54    39.004 54105.82258589 13.45 232.848529  65.298127  2.677
 56    55.388 54175.82256526 10.93 232.861044  65.303478  3.033
 56    38.147 54175.82256590 10.88 232.858004  65.300378  3.033
 56    38.092 54175.82256655 10.32 232.854964  65.297278  3.033
 57    38.316 54210.82257082  6.98 232.874029  65.302816  3.162
 57    38.824 54210.82257146  7.51 232.870989  65.299716  3.162
 58    64.561 54245.82260083 12.75 232.871327  65.302815 13.060
 58    60.819 54245.82260148 11.48 232.868287  65.299715 13.060
 58    49.518 54245.82260212 12.35 232.865247  65.296615 13.060
 58    50.855 54245.82260277 13.27 232.862207  65.293515 13.060
 59    41.946 54280.82261189 41.61 232.869990  65.302354 18.064
 59    41.667 54280.82261254 42.36 232.866950  65.299254 18.064
 59    42.421 54280.82261318 39.58 232.863910  65.296154 18.064
 60    41.170 54315.82261095 13.25 232.867870  65.302546  7.274
 60    41.298 54315.82261160 13.69 232.864830  65.299446  7.274
 62    42.751 54385.82254984 16.37 232.873525  65.301713  9.447
 62    40.680 54385.82255048 16.80 232.870485  65.298613  9.447
 62    39.102 54385.82255113 18.09 232.867445  65.295513  9.447
 64    40.319 54455.82252201 15.91 232.881437  65.301478  6.655
 64    41.887 54455.82252266 17.50 232.878387  65.298378  6.655
 64    41.616 54455.82252330 19.22 232.875347  65.295278  6.655
 65    55.299 54490.82252946 11.56 232.865582  65.303198  3.184
 65    40.083 54490.82253010 11.52 232.862552  65.300098  3.184
 65    40.886 54490.82253075 11.22 232.859512  65.296998  3.184
 65    41.348 54490.82253139 11.16 232.856472  65.293898  3.184
 66    56.268 54525.82253537  8.93 232.874040  65.300000  3.487
 66    54.656 54525.82253602  8.60 232.871000  65.296890  3.487
 66    41.260 54525.82253666  8.61 232.867960  65.293790  3.487
 67   107.141 54560.82253760  3.65 232.863614  65.305825  4.001
 67    60.265 54560.82253953  8.43 232.854504  65.296525  4.001
 69    61.520 54630.82254470  9.59 232.868705  65.303017  3.214
 69    60.332 54630.82254534  9.41 232.865665  65.299917  3.214
 69    59.094 54630.82254599 10.24 232.862625  65.296817  3.214
 71    49.907 54700.82252021 16.39 232.862116  65.304410  7.797
 71    41.784 54700.82252086 15.43 232.859076  65.301310  7.797
 71    43.165 54700.82252150 14.49 232.856036  65.298210  7.797
 71    43.201 54700.82252215 17.74 232.852996  65.295110  7.797
 72    49.332 54735.82251048 35.89 232.877432  65.301424 17.577
 72    41.857 54735.82251113 36.87 232.874392  65.298324 17.577
 72    46.072 54735.82251177 26.53 232.871352  65.295214 17.577
 72    48.423 54735.82251241 29.73 232.868312  65.292114 17.577
 74    40.847 54805.82250466 18.44 232.874210  65.300028  4.483
 74    40.820 54805.82250530 18.11 232.871170  65.296918  4.483
 75    40.385 54840.82249640 14.25 232.867984  65.302116  2.969
 75    39.885 54840.82249705 13.94 232.864944  65.299016  2.969
 75    40.545 54840.82249769 13.94 232.861904  65.295916  2.969
 76    56.216 54875.82250552  9.85 232.871123  65.301422  2.488
 76    39.861 54875.82250616 10.11 232.868083  65.298312  2.488
 76    54.127 54875.82250681  9.68 232.865043  65.295212  2.488
 77    56.105 54910.82250176  9.52 232.859441  65.305105  2.304
 77    53.785 54910.82250240  9.09 232.856411  65.302005  2.304
 77    39.520 54910.82250305  9.16 232.853371  65.298905  2.304
 77    40.326 54910.82250369  8.63 232.850331  65.295805  2.304
 78    39.457 54945.82249795  8.30 232.872670  65.301350  2.526
 78    39.883 54945.82249859  8.32 232.869630  65.298250  2.526
 78    39.826 54945.82249923  8.09 232.866590  65.295150  2.526
 79    49.568 54980.82252430 21.86 232.866921  65.302134 15.854
 79    50.224 54980.82252495 18.93 232.863881  65.299034 15.854
 79    47.950 54980.82252559 17.03 232.860841  65.295934 15.854
 80    62.223 55015.82252612 10.35 232.868777  65.302637  6.225
 80    43.710 55015.82252676 12.78 232.865737  65.299537  6.225
 80    44.249 55015.82252741 14.14 232.862697  65.296437  6.225
 80    44.647 55015.82252805 18.83 232.859667  65.293327  6.225
 81    42.591 55050.82252063 31.06 232.868049  65.301494 11.893
 81    41.761 55050.82252127 29.53 232.865009  65.298394 11.893
 81    41.902 55050.82252192 25.71 232.861969  65.295294 11.893
 82    42.112 55085.82248575 38.12 232.860000  65.306663 15.958
 82    40.610 55085.82248640 37.33 232.856960  65.303563 15.958
 82    42.957 55085.82248704 35.36 232.853920  65.300453 15.958
 82    40.794 55085.82248769 38.67 232.850880  65.297353 15.958
 83    36.128 55120.82245489 23.18 232.873404  65.297647  7.535
 83    37.569 55120.82245554 22.08 232.870364  65.294547  7.535
 85    40.475 55190.82244330 13.81 232.876987  65.301990  2.531
 85    39.562 55190.82244394 14.20 232.873947  65.298890  2.531
 85    39.438 55190.82244459 14.07 232.870907  65.295790  2.531
 86    71.550 55225.82244633 10.38 232.865632  65.304926  2.854
 86    55.605 55225.82244697 11.20 232.862592  65.301826  2.854
 86    54.936 55225.82244762 11.17 232.859562  65.298716  2.854
 86    55.102 55225.82244826 10.49 232.856522  65.295616  2.854
 87    70.794 55260.82243958 10.32 232.869510  65.300714  2.953
 87    60.092 55260.82244023 10.20 232.866470  65.297614  2.953
 87    57.729 55260.82244087  9.58 232.863430  65.294504  2.953
 88    70.737 55295.82243207  9.04 232.860211  65.303211  3.609
 88    54.495 55295.82243272  9.20 232.857171  65.300101  3.609
 88    66.938 55295.82243336  8.28 232.854131  65.297001  3.609
 91    41.028 55400.82242556 35.56 232.877569  65.302498 19.573
 91    40.393 55400.82242621 40.62 232.874529  65.299398 19.573
 92    42.423 55435.82243019 32.95 232.868911  65.303537  6.272
 92    39.423 55435.82243083 33.74 232.865871  65.300437  6.272
 92    39.588 55435.82243147 25.76 232.862841  65.297337  6.272
 93    37.598 55470.82238268 42.71 232.859239  65.305947  5.301
 93    41.000 55470.82238332 32.30 232.856199  65.302847  5.301
