# NaN NaN NaN ;Mean Elev.(m), Avg Gradient(m/km), RMS Gradient(m/km) - SRTM1     
#   15.831   0.297   3.616 ;Mean Elev.(m), Avg Gradient(m/km), RMS Gradient(m/km) - ASTER GDEM
#   13.629  -0.035   0.254 ;Mean Elev.(m), Avg Gradient(m/km), RMS Gradient(m/km) - GMTED2010 
  7 225.787259  68.569695     2.921     3.243  3 52474.22738361 20.360
  8 225.795643  68.574459    -3.857    -4.249  4 52509.22734840 30.823
  9 225.786067  68.567183     1.268     0.733  4 52544.22734479 26.808
 10 225.785166  68.569221     1.223     1.070  3 52579.22738545 25.789
 11 225.794492  68.573533     1.867     1.726  3 52614.22735263 21.254
 12 225.787359  68.570381     1.687     1.332  3 52649.22733282 21.080
 13 225.797300  68.576210     1.607     1.612  3 52684.22731420 19.888
 14 225.786638  68.569296     1.627     1.378  3 52719.22736716 16.984
 16 225.779695  68.563095     3.368     3.365  3 52789.22733824 31.120
 17 225.784608  68.566142     2.518     2.383  3 52824.22740915 20.183
 18 225.786720  68.567720     2.236     1.611  3 52859.22745558 20.907
 19 225.788122  68.571481     1.646     0.830  3 52894.22748736 31.653
 20 225.797356  68.576910     1.519     1.520  3 52929.22743798 30.580
 21 225.783957  68.566920     1.188     1.241  3 52964.22742166 24.832
 22 225.786877  68.569611     1.021     0.956  4 52999.22745840 17.403
 23 225.796568  68.575723     1.407     1.457  4 53034.22741090 15.388
 24 225.789156  68.569859     1.023     1.011  3 53069.22742626 15.179
 25 225.797912  68.577457     1.261     1.253  3 53104.22741298 12.278
 26 225.786436  68.568896     0.910     0.958  4 53139.22743139  9.956
 28 225.789966  68.571447     0.596     0.601  4 53209.22748708 50.475
 29 225.795666  68.573885     1.917     1.803  3 53244.22745506 28.950
 30 225.781465  68.563361     1.380     0.998  4 53279.22743289 28.785
 31 225.788189  68.568914     0.146     0.131  3 53314.22745722 33.650
 32 225.793926  68.574254     0.067     0.095  3 53349.22742370 29.086
 33 225.782729  68.564816     0.642     0.550  4 53384.22739644 18.551
 34 225.796158  68.573343     1.130     1.126  3 53419.22740401 17.460
 35 225.782287  68.562966     1.058     0.964  3 53454.22740843 15.914
 36 225.783524  68.567610     1.020     0.967  3 53489.22749448  9.984
 37 225.791734  68.571642     3.223     3.161  4 53524.22748181 24.825
 38 225.787917  68.570135     2.154     1.621  3 53559.22750831 20.875
 39 225.801583  68.576761     1.762     1.815  3 53594.22744677 30.105
 40 225.777944  68.558923     2.049     1.910  4 53629.22743671 29.634
 41 225.785793  68.569324     1.868     1.790  4 53664.22746236 28.785
 42 225.794851  68.574356     1.648     1.617  3 53699.22742122 18.334
 43 225.802933  68.579247     1.574     1.552  3 53734.22734416 17.322
 44 225.791160  68.570453     1.751     1.501  3 53769.22732679 18.341
 45 225.798819  68.577072     1.539     1.535  3 53804.22732351 17.751
 46 225.781583  68.564750     2.039     2.133  4 53839.22734152 16.485
 47 225.787970  68.570133     3.054     3.153  3 53874.22738850 35.476
 48 225.783852  68.567608     2.850     2.700  4 53909.22743278 25.265
 49 225.787025  68.567909     1.804     0.992  3 53944.22745536 23.175
 50 225.795534  68.575491     1.737     1.690  3 53979.22740566 24.039
 51 225.782171  68.563469     1.249     0.122  3 54014.22741790 23.395
 52 225.791997  68.573647    -0.142    -0.185  3 54049.22742481 40.811
 54 225.802913  68.578982     1.290     1.338  3 54119.22734659 20.247
 55 225.790591  68.570085     1.156     0.999  3 54154.22737243 18.497
 56 225.798028  68.578506     1.331     1.257  3 54189.22734207 17.673
 57 225.785889  68.569380     1.348     1.389  3 54224.22738302 17.784
 58 225.790462  68.571050     2.705     2.191  3 54259.22740429 29.122
 59 225.790088  68.571802     2.757     2.712  4 54294.22740758 20.731
 60 225.795028  68.574329     1.516     1.538  3 54329.22740190 27.275
 61 225.800660  68.577599     1.707     1.788  4 54364.22734879 30.058
 62 225.790392  68.571009     1.076     1.066  3 54399.22734206 32.603
 63 225.796884  68.577293     1.284     1.245  3 54434.22730071 22.337
 64 225.785835  68.569339     1.269     0.968  3 54469.22732492 21.809
 65 225.796740  68.575867     1.021     1.013  4 54504.22731537 16.332
 66 225.791938  68.572334     1.058     1.059  3 54539.22734056 15.370
 67 225.798038  68.577418     1.100     1.090  3 54574.22731626 14.459
 68 225.790281  68.571555     3.586     3.591  3 54609.22733326 33.512
 69 225.791901  68.571800     2.801     2.776  3 54644.22734116 26.911
 70 225.789564  68.572407     2.726     2.782  3 54679.22734295 20.787
 71 225.799694  68.578823     1.727     1.624  3 54714.22729557 21.479
 72 225.786282  68.569724     1.901     2.059  3 54749.22731233 24.167
 73 225.795879  68.574000     1.258     1.201  3 54784.22728256 26.518
 74 225.786482  68.570061     1.655     1.634  3 54819.22730484 21.334
 75 225.795568  68.574265     1.516     1.464  4 54854.22727950 18.739
 76 225.790792  68.570597     1.352     1.335  4 54889.22730950 16.540
 77 225.800268  68.577182     1.393     1.309  3 54924.22727948 15.718
 78 225.785721  68.569219     1.764     1.259  4 54959.22730709 25.053
 79 225.790577  68.570045     2.519     1.973  3 54994.22732913 26.962
 80 225.792625  68.572426     2.079     1.652  4 55029.22731949 27.006
 81 225.792190  68.573972     0.785     0.895  3 55064.22731129 40.579
 82 225.802351  68.577268     1.528     1.632  3 55099.22725623 30.493
 83 225.788384  68.569177     1.098     0.995  3 55134.22725481 32.393
 84 225.796749  68.575740     1.649     1.591  4 55169.22722011 20.772
 85 225.787102  68.569807     1.637     1.576  3 55204.22724791 19.974
 86 225.796123  68.576493     1.461     1.400  3 55239.22722717 17.852
 87 225.792378  68.572601     1.551     1.461  3 55274.22724213 16.527
 88 225.799104  68.577407     1.713     1.722  4 55309.22721073 30.521
 89 225.792125  68.571741     3.074     3.093  4 55344.22721015 45.960
 90 225.793257  68.575488     0.105     1.745  3 55379.22720549 23.594
 91 225.786951  68.569240     1.574     0.935  3 55414.22722987 34.010
 92 225.795502  68.574283     1.704     1.640  4 55449.22721813 30.210
 93 225.803409  68.579311     1.641     1.604  3 55484.22714492 31.454
