# NaN NaN NaN ;Mean Elev.(m), Avg Gradient(m/km), RMS Gradient(m/km) - SRTM1     
#  124.001  -3.416   5.565 ;Mean Elev.(m), Avg Gradient(m/km), RMS Gradient(m/km) - ASTER GDEM
#  145.000  -2.979   4.622 ;Mean Elev.(m), Avg Gradient(m/km), RMS Gradient(m/km) - GMTED2010 
  6 240.227216  61.299648   141.947   141.984  7 52420.79343799 42.155
  7 240.224048  61.301612   144.619   146.481  7 52455.79346113 20.424
 10 240.230349  61.299145   141.223   141.189  6 52560.79346368 14.470
 11 240.222392  61.306201   138.346   138.931  5 52595.79347218 39.366
 15 240.226292  61.299920   138.620   138.619  7 52735.79344213 14.414
 17 240.234916  61.298753   141.123   141.126  6 52805.79346597 39.315
 18 240.233366  61.297798   141.710   141.619  6 52840.79352660 18.069
 19 240.229533  61.298872   141.811   142.295  7 52875.79356552 16.879
 20 240.225981  61.300099   141.559   142.140  7 52910.79353226 15.415
 23 240.215384  61.295598   138.700   138.700  2 53015.79352165 19.539
 24 240.235417  61.297417   138.730   138.736  7 53050.79349659 13.861
 25 240.214836  61.303350   138.340   138.391  7 53085.79353250 13.195
 26 240.230291  61.298892   139.375   139.333  7 53120.79350286 22.912
 27 240.225670  61.302021   141.298   141.978  7 53155.79355625 36.053
 28 240.231154  61.298616   141.471   141.314  6 53190.79354785 13.841
 29 240.226073  61.300145   140.032   139.998  6 53225.79355470 12.853
 30 240.219131  61.308140   138.767   138.848  4 53260.79352765 47.122
 31 240.223570  61.299305   138.525   138.619  3 53295.79356003 18.607
 32 240.222617  61.294231   137.628   137.592  3 53330.79353368 39.722
 33 240.216964  61.295328   138.151   138.151  2 53365.79348182 19.206
 35 240.216297  61.293495   138.401   138.401  2 53435.79349789 12.157
 36 240.230264  61.299723   143.280   142.299  7 53470.79354418  2.320
 37 240.223373  61.301499   141.109   141.073  7 53505.79358055 47.706
 38 240.223555  61.300530   146.407   147.193  7 53540.79358329 19.125
 39 240.221551  61.305037   140.822   140.607  6 53575.79357470 20.840
 40 240.216403  61.304340   138.909   138.858  7 53610.79352614 16.960
 41 240.233760  61.296824   140.115   140.120  6 53645.79353072 20.103
 42 240.219481  61.301911   139.184   139.247  7 53680.79354700 21.536
 44 240.245657  61.302548   140.394   140.394  2 53750.79339125 25.403
 45 240.233854  61.308508   140.550   140.550  2 53785.79342081 19.555
 46 240.218271  61.304699   139.891   139.889  7 53820.79337954 16.015
 47 240.228261  61.300702   142.635   142.766  6 53855.79346608 23.984
 48 240.233965  61.298903   143.674   142.614  6 53890.79347725 22.552
 49 240.219627  61.301775   140.945   140.530  7 53925.79354053 19.311
 50 240.217134  61.304531   140.415   140.323  7 53960.79352747 13.921
 51 240.243249  61.295326   139.517   139.148  6 53995.79346660 16.224
 52 240.234608  61.297822   138.972   138.885  6 54030.79352138 20.185
 53 240.221931  61.294129   137.169   137.136  3 54065.79351638 25.188
 54 240.214219  61.295908   137.056   137.295  3 54100.79347946 21.324
 57 240.231866  61.297102   138.511   138.428  5 54205.79344652  7.544
 58 240.227562  61.299717   139.582   139.630  6 54240.79347944 48.547
 59 240.227655  61.300560   140.604   140.761  7 54275.79349487 28.715
 61 240.219966  61.302577   142.418   141.727  6 54345.79347068 13.393
 62 240.231901  61.298508   141.031   141.200  7 54380.79343294 25.767
 63 240.226484  61.305941   139.144   139.242  4 54415.79341870 47.568
 65 240.223014  61.292702   138.872   138.872  2 54485.79341699 18.343
 66 240.232139  61.298469   138.546   138.494  7 54520.79341460 13.676
 67 240.221604  61.302540   138.836   138.862  6 54555.79342605 13.837
 68 240.228767  61.299257   142.053   142.132  7 54590.79341030 32.032
 69 240.224962  61.300592   140.894   141.153  7 54625.79342664 47.769
 70 240.226457  61.300986   141.192   141.037  7 54660.79343464 16.248
 71 240.223709  61.302298   140.352   140.338  7 54695.79341215 14.070
 72 240.231528  61.297940   139.447   139.173  6 54730.79339047 17.644
 74 240.228864  61.293406   138.127   137.665  3 54800.79338526 32.984
 75 240.221604  61.295129   138.132   138.132  2 54835.79338385 24.722
 76 240.233255  61.298074   138.540   138.568  7 54870.79338207 10.928
 77 240.218328  61.303348   138.258   138.221  7 54905.79339101 10.411
 79 240.227977  61.300918   142.486   141.825  7 54975.79340270 33.264
 80 240.224127  61.300853   140.934   140.921  7 55010.79341364 48.786
 81 240.229080  61.300820   140.416   140.277  6 55045.79340450 16.224
 82 240.221153  61.303635   139.975   139.412  6 55080.79337832 18.258
 83 240.231697  61.299100   140.179   140.259  6 55115.79333702 18.820
 84 240.226928  61.303669   138.515   138.842  4 55150.79333533 37.107
 86 240.218367  61.293991   137.900   137.900  2 55220.79333549 24.066
 87 240.225542  61.290614   138.505   138.505  2 55255.79331991 22.062
 88 240.219943  61.303873   138.740   138.741  7 55290.79332241 15.923
 89 240.225454  61.300305   142.875   142.602  6 55325.79330328 21.118
 90 240.223432  61.300723   142.345   142.706  7 55360.79330054 14.462
 91 240.230904  61.298843   139.370   139.338  6 55395.79330646 28.483
 92 240.228997  61.300136   139.156   139.125  6 55430.79331567 45.871
 93 240.219149  61.302269   142.843   141.414  7 55465.79327679 19.752
