# NaN NaN NaN ;Mean Elev.(m), Avg Gradient(m/km), RMS Gradient(m/km) - SRTM1     
#   11.387  -5.312  12.794 ;Mean Elev.(m), Avg Gradient(m/km), RMS Gradient(m/km) - ASTER GDEM
#   22.459  -5.070  12.669 ;Mean Elev.(m), Avg Gradient(m/km), RMS Gradient(m/km) - GMTED2010 
  7    49.251 52452.22101257 11.11 230.097591  66.755127 10.822
  7    49.391 52452.22101322 11.80 230.094211  66.758197 10.822
  7    49.284 52452.22101386 14.34 230.090831  66.761267 10.822
  7    77.352 52452.22101515  3.51 230.084071  66.767417 10.822
  8    18.468 52487.22099310 23.64 230.113336  66.752602  7.365
  8    18.235 52487.22099374 15.57 230.109956  66.755682  7.365
  8    18.341 52487.22099439 13.42 230.106586  66.758752  7.365
  8    18.368 52487.22099503 12.93 230.103206  66.761822  7.365
  8    17.971 52487.22099568 13.24 230.099826  66.764902  7.365
  8    17.994 52487.22099632 12.64 230.096446  66.767972  7.365
  9    62.048 52522.22096328  1.14 230.118387  66.751561  8.630
  9    63.282 52522.22096393  1.09 230.115007  66.754631  8.630
  9    63.945 52522.22096457  3.11 230.111637  66.757711  8.630
  9    64.473 52522.22096522 11.16 230.108257  66.760781  8.630
  9    64.701 52522.22096586 12.53 230.104877  66.763851  8.630
 11    18.300 52592.22100979 25.66 230.105274  66.752074  7.664
 11    18.353 52592.22101044 36.99 230.101904  66.755154  7.664
 11    17.926 52592.22101108 29.71 230.098524  66.758224  7.664
 11    18.247 52592.22101173 28.56 230.095144  66.761294  7.664
 11    18.554 52592.22101237 28.90 230.091764  66.764374  7.664
 11    18.236 52592.22101302 29.27 230.088384  66.767444  7.664
 12    17.861 52627.22092737 19.64 230.099674  66.753841  4.374
 12    18.284 52627.22092801 20.43 230.096294  66.756911  4.374
 12    18.125 52627.22092866 20.27 230.092914  66.759991  4.374
 12    17.804 52627.22092930 21.12 230.089533  66.763057  4.027
 12    17.749 52627.22092994 20.23 230.086153  66.766127  4.027
 12    17.518 52627.22093059 20.38 230.082773  66.769207  4.027
 13    16.485 52662.22097336 20.58 230.106025  66.754038  5.542
 13    16.849 52662.22097401 19.21 230.102645  66.757108  5.542
 13    16.757 52662.22097465 20.13 230.099265  66.760188  5.542
 13    16.947 52662.22097530 18.91 230.095895  66.763258  5.542
 13    16.911 52662.22097594 18.25 230.092505  66.766328  5.542
 13    16.770 52662.22097659 17.85 230.089125  66.769408  5.542
 15    15.816 52732.22097250 11.19 230.120554  66.749761  3.964
 15    61.420 52732.22097315 10.61 230.117184  66.752841  3.964
 15    62.013 52732.22097379 11.27 230.113804  66.755911  3.964
 15    16.042 52732.22097508 10.64 230.107044  66.762061  3.964
 15    16.264 52732.22097573  9.66 230.103664  66.765131  3.964
 16    72.693 52767.22098181  2.08 230.120110  66.751174  4.195
 16    65.578 52767.22098246  1.44 230.116730  66.754254  4.195
 16    68.115 52767.22098310  0.92 230.113360  66.757324  4.195
 16    64.657 52767.22098375  1.67 230.109980  66.760394  4.195
 16    65.170 52767.22098439  2.68 230.106600  66.763474  4.195
 18    20.007 52837.22105707 23.13 230.099504  66.752806 11.879
 18    18.912 52837.22105772 20.86 230.096134  66.755876 11.879
 18    18.905 52837.22105836 16.92 230.092754  66.758946 11.879
 18    18.154 52837.22105901 17.28 230.089364  66.762026 11.879
 18    17.293 52837.22105965 15.39 230.085985  66.765096  3.949
 18    18.665 52837.22106030 13.67 230.082605  66.768166  3.949
 18    18.429 52837.22106094 12.66 230.079225  66.771246  3.949
 18    18.179 52837.22106159 11.47 230.075835  66.774316  3.949
 19    19.527 52872.22109712 21.31 230.105717  66.752274  7.583
 19    16.427 52872.22109776 21.06 230.102337  66.755354  7.583
 19    16.183 52872.22109841 22.90 230.098957  66.758424  7.583
 19    16.199 52872.22109905 26.44 230.095577  66.761494  7.583
 19    16.263 52872.22109970 27.86 230.092197  66.764574  7.583
 19    16.212 52872.22110034 32.53 230.088812  66.767645 11.061
 19    16.205 52872.22110099 39.92 230.085432  66.770715 11.061
 20    17.095 52907.22108674 15.47 230.115949  66.751993 10.939
 20    17.213 52907.22108739 14.66 230.112569  66.755073 10.939
 20    16.972 52907.22108803 16.41 230.109189  66.758143 10.939
 20    16.521 52907.22108868 16.64 230.105819  66.761213 10.939
 21    16.836 52942.22101622 43.36 230.095275  66.753996 11.075
 21    16.867 52942.22101686 45.33 230.091895  66.757066 11.075
 23    61.928 53012.22107069  2.77 230.110615  66.750689  4.290
 23    62.660 53012.22107133  1.63 230.107235  66.753759  4.290
 23    63.124 53012.22107198  3.68 230.103865  66.756829  4.290
 23    63.634 53012.22107262  5.09 230.100485  66.759909  4.290
 23    63.839 53012.22107327  6.91 230.097105  66.762979  4.290
 23    64.014 53012.22107391  6.39 230.093725  66.766049  4.290
 23    63.974 53012.22107456  5.74 230.090345  66.769129  4.290
 24    62.234 53047.22103914  4.95 230.092078  66.755505  3.791
 24    62.711 53047.22103978  3.33 230.088698  66.758575  3.791
 24    62.828 53047.22104043  4.34 230.085318  66.761655  3.791
 24    62.769 53047.22104107  6.34 230.081938  66.764725  3.791
 25    61.800 53082.22107273  1.28 230.106657  66.751471  4.055
 25    62.573 53082.22107338  1.73 230.103277  66.754541  4.055
 25    63.333 53082.22107402  2.66 230.099897  66.757621  4.055
 25    63.775 53082.22107531  8.51 230.093147  66.763761  4.055
 25    63.107 53082.22107596 10.58 230.089767  66.766831  4.055
 25    63.076 53082.22107660 10.53 230.086387  66.769911  4.055
 26    65.154 53117.22104455  2.10 230.088550  66.756101  2.119
 26    63.317 53117.22104520  1.52 230.085170  66.759181  2.119
 27    20.532 53152.22109280 50.62 230.098742  66.752749  8.595
 27    23.801 53152.22109344 46.55 230.095362  66.755819  8.595
 27    24.409 53152.22109409 41.18 230.091982  66.758899  8.595
 27    23.739 53152.22109473 46.23 230.088602  66.761969  8.595
 28    18.047 53187.22107908 23.98 230.113562  66.751153 10.478
 28    17.240 53187.22107972 22.79 230.110182  66.754223 10.478
 28    17.420 53187.22108037 21.52 230.106802  66.757303 10.478
 28    17.780 53187.22108101 23.92 230.103422  66.760373 10.478
 35    61.850 53432.22103679  1.65 230.123608  66.749634  4.373
 35    62.426 53432.22103743  2.77 230.120238  66.752714  4.373
 35    63.576 53432.22103808  2.26 230.116858  66.755784  4.373
 35    64.184 53432.22103872  1.04 230.113488  66.758854  4.373
 35    64.478 53432.22103937  3.09 230.110108  66.761934  4.373
 35    64.874 53432.22104001  1.15 230.106728  66.765004  4.373
 36    62.542 53467.22107417  1.05 230.088888  66.757583  4.199
 36    62.374 53467.22107481  4.85 230.085508  66.760653  4.199
 37    22.920 53502.22112679 27.05 230.097027  66.757118  6.513
 37    23.218 53502.22112744 26.74 230.093647  66.760188  6.513
 37    23.503 53502.22112808 27.65 230.090267  66.763258  6.513
 37    23.174 53502.22112872 25.88 230.086887  66.766338  6.513
 37    23.517 53502.22112937 23.85 230.083507  66.769408  6.513
 37    23.487 53502.22113001 23.12 230.080127  66.772478  6.513
 38    20.305 53537.22111803 46.98 230.111187  66.751837 23.462
 38    20.736 53537.22111868 44.59 230.107817  66.754907 23.462
 38    20.201 53537.22111932 46.33 230.104437  66.757987 23.462
 38    20.372 53537.22111997 44.66 230.101057  66.761057 23.462
 39    62.565 53572.22112278  4.73 230.105894  66.753615  7.020
 39    63.513 53572.22112472 13.02 230.095764  66.762835  7.020
 39    63.033 53572.22112536 13.60 230.092384  66.765905  7.020
 40    18.198 53607.22107020 45.62 230.126794  66.749190 23.173
 40    18.280 53607.22107085 46.59 230.123414  66.752260 23.173
 40    18.238 53607.22107149 47.44 230.120044  66.755340 23.173
 40    17.954 53607.22107213 45.90 230.116664  66.758410 23.173
 40    18.032 53607.22107278 43.73 230.113284  66.761480 23.173
 41    17.383 53642.22107284 21.15 230.090464  66.754301  8.243
 41    17.037 53642.22107349 18.88 230.087084  66.757381  8.243
 42    16.123 53677.22109127 38.04 230.101957  66.753464 15.286
 42    16.338 53677.22109191 41.85 230.098577  66.756534 15.286
 42    16.461 53677.22109256 46.54 230.095197  66.759614 15.286
 42    15.055 53677.22109320 39.64 230.091817  66.762684 15.286
 42    16.711 53677.22109385 33.03 230.088437  66.765754 15.286
 42    16.678 53677.22109449 42.92 230.085057  66.768834 15.286
 42    16.344 53677.22109514 44.57 230.081677  66.771904 15.286
 45    62.977 53782.22096274  0.53 230.114631  66.751663  4.752
 45    64.197 53782.22096338  0.22 230.111261  66.754743  4.752
 45    64.484 53782.22096403  0.07 230.107881  66.757813  4.752
 45    64.871 53782.22096467  1.33 230.104501  66.760883  4.752
 45    64.888 53782.22096532  2.10 230.101121  66.763963  4.752
 45    64.875 53782.22096596  2.25 230.097741  66.767033  4.752
 46    61.562 53817.22092722  0.51 230.135442  66.748293  4.944
 46    66.125 53817.22092787  0.79 230.132072  66.751363  4.944
 46    64.261 53817.22092916  1.36 230.125322  66.757513  4.944
 46    64.929 53817.22092980  0.55 230.121942  66.760593  4.944
 48    41.778 53887.22100638 18.71 230.117165  66.749985  9.949
 48    41.619 53887.22100702 20.70 230.113795  66.753055  9.949
 48    41.034 53887.22100767 21.70 230.110415  66.756125  9.949
 48    41.334 53887.22100831 22.35 230.107035  66.759205  9.949
 49    38.011 53922.22107938 15.92 230.094267  66.754224 11.608
 49    62.584 53922.22108002  6.65 230.090887  66.757304 11.608
 49    63.121 53922.22108067  4.51 230.087507  66.760374 11.608
 50    16.680 53957.22107341 20.87 230.104895  66.751591 19.631
 50    16.685 53957.22107405 20.55 230.101525  66.754661 19.631
 50    17.098 53957.22107470 21.29 230.098145  66.757731 19.631
 50    17.442 53957.22107534 24.19 230.094765  66.760811 19.631
 50    17.552 53957.22107599 26.85 230.091385  66.763881 19.631
 50    15.957 53957.22107663 36.17 230.088005  66.766951 19.631
 50    15.924 53957.22107728 43.03 230.084625  66.770031 19.631
 52    16.789 54027.22106084 18.96 230.095546  66.753757  9.819
 52    16.382 54027.22106149 21.45 230.092156  66.756827  9.819
 52    16.763 54027.22106213 23.19 230.088776  66.759907  9.819
 53    15.325 54062.22105468 26.65 230.108475  66.758036  7.267
 53    15.505 54062.22105532 24.21 230.105095  66.761106  7.267
 53    15.424 54062.22105597 23.58 230.101715  66.764186  7.267
 53    15.631 54062.22105661 20.86 230.098335  66.767256  7.267
 55    16.551 54132.22097698 18.05 230.090871  66.755632  3.928
 55    16.957 54132.22097762 17.51 230.087491  66.758702  3.928
 55    16.417 54132.22097827 17.95 230.084111  66.761772  3.928
 57    61.742 54202.22098010  7.21 230.094050  66.754744  3.537
 57    62.262 54202.22098074  6.55 230.090677  66.757816  5.001
 57    62.760 54202.22098139  7.11 230.087297  66.760886  5.001
 57    63.219 54202.22098203  7.10 230.083907  66.763966  5.001
 58    20.411 54237.22101491 42.74 230.107156  66.751192 10.102
 58    20.199 54237.22101555 35.93 230.103776  66.754272 10.102
 58    20.151 54237.22101620 37.05 230.100406  66.757342 10.102
 58    21.722 54237.22101684 28.14 230.097020  66.760418 16.115
 58    20.229 54237.22101748 45.07 230.093640  66.763488 16.115
 58    22.015 54237.22101813 30.36 230.090260  66.766558 16.115
 58    21.685 54237.22101877 42.74 230.086880  66.769638 16.115
 60    19.394 54307.22103708 18.81 230.105391  66.753808  7.300
 60    19.306 54307.22103772 16.08 230.102011  66.756878  7.300
 60    19.314 54307.22103837 15.24 230.098633  66.759954  4.082
 60    18.554 54307.22103901 14.72 230.095253  66.763024  4.082
 60    18.292 54307.22103966 14.38 230.091873  66.766094  4.082
 62    20.746 54377.22097205 12.34 230.101072  66.752822  7.942
 62    17.225 54377.22097269 12.87 230.097692  66.755892  7.942
 62    17.229 54377.22097334 15.05 230.094312  66.758962  7.942
 62    17.655 54377.22097398 20.17 230.090932  66.762042  7.942
 62    17.162 54377.22097463 27.71 230.087552  66.765112  7.942
 62    16.993 54377.22097527 27.00 230.084172  66.768182  7.942
 62    16.937 54377.22097592 26.20 230.080782  66.771252  7.942
 63    19.201 54412.22096479 27.55 230.105470  66.756764  6.658
 63    19.451 54412.22096543 27.85 230.102090  66.759834  6.658
 63    19.212 54412.22096608 27.89 230.098710  66.762904  6.658
 63    19.927 54412.22096672 27.33 230.095330  66.765984  6.658
 63    19.972 54412.22096736 26.03 230.091950  66.769054  6.658
 64    17.340 54447.22093780 12.69 230.092817  66.754776  3.025
 64    17.801 54447.22093845 12.96 230.089437  66.757846  3.025
 64    17.953 54447.22093909 12.92 230.086057  66.760926  3.025
 64    17.885 54447.22093974 12.43 230.082677  66.763996  3.025
 64    17.758 54447.22094038 11.95 230.079297  66.767066  3.025
 66    62.171 54517.22095167  5.93 230.095262  66.754737  3.540
 66    62.239 54517.22095231  8.51 230.091882  66.757807  3.540
 66    62.205 54517.22095489 11.93 230.078357  66.770106  4.028
 67    61.981 54552.22096816  2.46 230.120076  66.749287  4.019
 67    62.955 54552.22096880  2.91 230.116706  66.752357  4.019
 67    63.230 54552.22096944  5.28 230.113326  66.755437  4.019
 67    63.931 54552.22097009  5.91 230.109946  66.758507  4.019
 69    19.309 54622.22096506 25.33 230.108948  66.752323 13.338
 69    19.812 54622.22096571 22.71 230.105568  66.755403 13.338
 69    19.510 54622.22096635 22.76 230.102188  66.758473 13.338
 69    19.198 54622.22096699 23.85 230.098808  66.761553 13.338
 69    19.585 54622.22096764 23.40 230.095428  66.764623 13.338
 69    20.031 54622.22096828 23.61 230.092047  66.767698  5.803
 70    19.785 54657.22097473 18.41 230.106601  66.752712 11.131
 70    19.167 54657.22097537 17.32 230.103221  66.755782 11.131
 70    19.357 54657.22097602 16.92 230.099841  66.758852 11.131
 70    18.918 54657.22097666 15.52 230.096461  66.761932 11.131
 70    18.589 54657.22097731 14.25 230.093081  66.765002 11.131
 70    18.553 54657.22097795 14.20 230.089698  66.768075  4.263
 70    19.748 54657.22097860 12.59 230.086318  66.771145  4.263
 71    17.806 54692.22095772 21.40 230.113604  66.752123 11.362
 71    17.605 54692.22095836 13.49 230.110224  66.755193 11.362
 71    17.280 54692.22095901 13.22 230.106844  66.758273 11.362
 71    16.948 54692.22095965 15.58 230.103474  66.761343 11.362
 71    16.706 54692.22096030 16.85 230.100094  66.764413 11.362
 71    16.527 54692.22096094 17.26 230.096714  66.767493 11.362
 72    15.507 54727.22093127 33.27 230.079305  66.770780 15.531
 72    15.585 54727.22093192 43.46 230.075922  66.773848  6.665
 73    62.739 54762.22093507 12.94 230.107696  66.752941  7.681
 73    63.084 54762.22093572 12.90 230.104316  66.756011  7.681
 73    15.211 54762.22093830 31.89 230.090806  66.768311  7.681
 75    61.765 54832.22092431  5.04 230.110495  66.750933  5.671
 75    62.674 54832.22092496  2.65 230.107125  66.754013  5.671
 75    63.321 54832.22092560  4.53 230.103745  66.757083  5.671
 75    63.584 54832.22092625  5.84 230.100365  66.760153  5.671
 75    63.819 54832.22092689  7.26 230.096985  66.763233  5.671
 76    62.106 54867.22091650  1.20 230.095719  66.753164  2.476
 76    62.831 54867.22091715  1.09 230.092339  66.756234  2.476
 76    62.921 54867.22091779  3.65 230.088959  66.759314  2.476
 76    62.447 54867.22091844  7.09 230.085578  66.762384  4.852
 76    62.314 54867.22091908  8.26 230.082198  66.765454  4.852
 76    62.717 54867.22091972  7.12 230.078818  66.768534  4.852
 77    62.850 54902.22093442  0.07 230.114474  66.751973  3.081
 77    63.206 54902.22093506  1.40 230.111094  66.755053  3.081
 77    63.848 54902.22093571  2.36 230.107714  66.758123  3.081
 77    64.246 54902.22093635  3.37 230.104344  66.761193  3.081
 77    64.709 54902.22093700  1.83 230.100964  66.764273  3.081
 77    64.285 54902.22093764  3.37 230.097584  66.767343  3.081
 78    63.086 54937.22090718  2.10 230.097324  66.756746  2.576
 78    60.761 54937.22090783  7.89 230.093944  66.759826  2.576
 78    62.004 54937.22090847  8.69 230.090556  66.762899  3.398
 78    61.368 54937.22090976  8.67 230.083796  66.769039  3.398
 78    15.705 54937.22091040  8.84 230.080416  66.772119  3.398
 79    23.338 54972.22093976 37.48 230.101336  66.755927  6.933
 79    21.644 54972.22094041 37.36 230.097956  66.759007  6.933
 79    23.356 54972.22094105 29.10 230.094576  66.762077  6.933
 79    23.735 54972.22094170 28.18 230.091195  66.765152  6.260
 79    24.055 54972.22094234 34.26 230.087815  66.768222  6.260
 79    23.128 54972.22094299 38.49 230.084435  66.771292  6.260
 80    62.322 55007.22095610  3.19 230.109449  66.751714  4.839
 80    63.196 55007.22095674  1.12 230.106079  66.754794  4.839
 80    63.766 55007.22095739  5.42 230.102699  66.757864  4.839
 80    64.092 55007.22095803  9.86 230.099319  66.760934  4.839
 80    64.361 55007.22095868  8.22 230.095939  66.764014  4.839
 80    64.085 55007.22095932  9.55 230.092559  66.767084  4.839
 80    63.902 55007.22095997  8.97 230.089181  66.770157 10.430
 81    18.127 55042.22094522 18.94 230.107293  66.753363 10.904
 81    18.010 55042.22094587 18.42 230.103913  66.756443 10.904
 82    18.929 55077.22092389 44.61 230.119177  66.749541 27.940
 82    18.981 55077.22092453 45.24 230.115807  66.752621 27.940
 82    18.882 55077.22092518 47.42 230.112427  66.755691 27.940
 82    18.062 55077.22092582 46.23 230.109057  66.758761 27.940
 82    18.460 55077.22092647 44.53 230.105677  66.761841 27.940
 83    15.097 55112.22087773 39.75 230.101106  66.752964  8.827
 83    16.224 55112.22087838 29.23 230.097726  66.756044  8.827
 83    17.417 55112.22087902 31.09 230.094346  66.759114  8.827
 83    15.679 55112.22087967 35.17 230.090966  66.762184  8.827
 83    17.383 55112.22088031 30.08 230.087586  66.765264  8.827
 83    17.276 55112.22088096 40.53 230.084211  66.768333  7.568
 83    16.724 55112.22088160 46.07 230.080821  66.771403  7.568
 84    16.570 55147.22087994 37.90 230.102396  66.757405 11.732
 84    16.977 55147.22088123 31.46 230.095636  66.763555 11.732
 84    17.279 55147.22088188 31.12 230.092256  66.766625 11.732
 84    17.391 55147.22088252 35.17 230.088876  66.769705 11.732
 85    16.831 55182.22085829 16.97 230.091264  66.755624  4.478
 85    16.725 55182.22085894 16.71 230.087884  66.758704  4.478
 85    16.653 55182.22085958 16.89 230.084504  66.761774  4.478
 85    17.057 55182.22086023 16.15 230.081124  66.764844  4.478
 86    62.292 55217.22087471  9.11 230.111049  66.752786  3.787
 86    63.119 55217.22087535  7.70 230.107669  66.755856  3.787
 87    62.438 55252.22085405  5.53 230.098346  66.754059  3.735
 87    62.765 55252.22085470  6.03 230.094966  66.757129  3.735
 87    63.333 55252.22085534  8.15 230.091586  66.760209  3.735
 87    62.413 55252.22085727 15.20 230.081440  66.769428  4.504
 87    62.025 55252.22085792 15.45 230.078060  66.772498  4.504
 88    61.757 55287.22086638  5.52 230.118645  66.750190  4.676
 88    62.449 55287.22086702  4.80 230.115275  66.753260  4.676
 88    63.809 55287.22086767  5.81 230.111895  66.756330  4.676
 89    65.997 55322.22084271  6.07 230.106777  66.752597  3.326
 89    63.922 55322.22084336  6.59 230.103397  66.755667  3.326
 89    64.080 55322.22084400  8.56 230.100017  66.758737  3.326
 89    64.314 55322.22084465 10.59 230.096637  66.761817  3.326
 89    64.756 55322.22084529  5.63 230.093257  66.764887  3.326
 89    64.517 55322.22084594  8.82 230.089883  66.767963 12.457
 89    63.852 55322.22084658 11.10 230.086493  66.771033 12.457
 90    20.035 55357.22084170 16.18 230.110549  66.751124  9.852
 90    20.307 55357.22084235 12.41 230.107179  66.754204  9.852
 90    20.388 55357.22084299 11.06 230.103799  66.757274  9.852
 90    19.513 55357.22084363 11.15 230.100419  66.760344  9.852
 90    19.186 55357.22084428 11.58 230.097039  66.763424  9.852
 90    20.502 55357.22084492 11.70 230.093659  66.766494  9.852
 90    20.305 55357.22084557 12.11 230.090282  66.769568  3.259
 91    17.358 55392.22084428 16.24 230.100286  66.752614  9.832
 91    17.089 55392.22084492 15.37 230.096906  66.755684  9.832
 91    17.115 55392.22084557 15.88 230.093526  66.758754  9.832
 91    17.081 55392.22084621 15.43 230.090146  66.761834  9.832
 91    17.010 55392.22084686 15.09 230.086768  66.764906  4.976
 91    16.686 55392.22084750 14.77 230.083388  66.767976  4.976
 91    17.253 55392.22084815 14.68 230.079998  66.771056  4.976
 91    17.058 55392.22084879 15.09 230.076618  66.774126  4.976
 92    62.653 55427.22085866  2.54 230.106883  66.753569  7.689
 92    63.172 55427.22085930  8.32 230.103503  66.756639  7.689
