# NaN NaN NaN ;Mean Elev.(m), Avg Gradient(m/km), RMS Gradient(m/km) - SRTM1     
#   90.491  -2.909  10.029 ;Mean Elev.(m), Avg Gradient(m/km), RMS Gradient(m/km) - ASTER GDEM
#  107.281  -2.330   8.810 ;Mean Elev.(m), Avg Gradient(m/km), RMS Gradient(m/km) - GMTED2010 
  7 236.789937  62.710925   101.180   101.170  7 52446.21219750 50.082
  8 236.789540  62.724599   100.431   100.523  6 52481.21219113 27.903
  9 236.794034  62.738867    99.599    99.180  3 52516.21214533 51.114
 10 236.789088  62.707471    98.978    98.981  7 52551.21218736 51.183
 11 236.794182  62.733586    98.077    98.123  5 52586.21216468 48.929
 12 236.793509  62.732204    99.960    99.834  5 52621.21214255 21.959
 15 236.789198  62.727528   139.865   139.890  5 52726.21217185  6.988
 16 236.789543  62.726629   101.003   101.066  5 52761.21218805 34.616
 17 236.790882  62.719416   102.681   102.634  8 52796.21214549 45.561
 18 236.791360  62.719664   101.332   101.202  8 52831.21221247 48.528
 19 236.792603  62.729534    99.217    99.210  5 52866.21225783 50.487
 20 236.790666  62.729747    99.006    98.674  4 52901.21228581 48.928
 21 236.794685  62.734122    98.276    98.283  5 52936.21222751 50.575
 22 236.791160  62.716895    98.831    98.753  8 52971.21224857 33.445
 23 236.791017  62.719220    99.628    99.637  8 53006.21226273 17.273
 24 236.788355  62.708576    99.281    99.337  7 53041.21221294 12.762
 25 236.789926  62.726465    98.640    98.612  4 53076.21224881  8.292
 26 236.784345  62.710906   122.004   131.589  5 53111.21221635  3.157
 27 236.791653  62.716270   101.716   101.703  8 53146.21226001 49.938
 28 236.791140  62.729998   100.217   100.202  5 53181.21226995 51.200
 29 236.787428  62.727986   138.886   139.212  3 53216.21229248  8.094
 30 236.792982  62.731907    98.363    98.354  5 53251.21227162 51.547
 31 236.787982  62.708243    98.581    98.586  8 53286.21226057 51.123
 32 236.792921  62.731281    97.625    97.602  5 53321.21224088 46.852
 34 236.794903  62.705395    99.802    99.837  3 53391.21221809  8.703
 35 236.794760  62.732656   135.988   136.201  5 53426.21221951  7.915
 36 236.794343  62.714370   110.742   111.440  6 53461.21222695  7.127
 37 236.789506  62.714050   103.692   103.638  8 53496.21230651 40.510
 38 236.793986  62.730999   101.719   101.660  4 53531.21228731 21.737
 39 236.789966  62.724689   103.566   102.709  5 53566.21231178 13.443
 40 236.794683  62.734054   105.735   106.870  5 53601.21225691  8.703
 41 236.789615  62.710617    99.770    99.772  7 53636.21225001 49.736
 42 236.790855  62.716414    98.508    98.548  9 53671.21227200 18.329
 43 236.797941  62.734857   100.107   100.130  6 53706.21220741 19.939
 44 236.801074  62.741503   100.297   100.152  5 53741.21212162 14.711
 46 236.798050  62.738064   142.580   142.786  5 53811.21212365  3.878
 47 236.791472  62.711467   136.670   136.731  8 53846.21216721  4.189
 48 236.790420  62.726079   101.812   101.842  5 53881.21219406 50.826
 49 236.791459  62.715452   101.121   100.720  8 53916.21225153 18.323
 50 236.790269  62.718362    99.562    99.527  8 53951.21225904 50.682
 52 236.790869  62.716391    98.658    98.574  8 54021.21223511 50.337
 53 236.792338  62.731404    97.608    97.523  5 54056.21222930 46.447
 54 236.795770  62.731958    98.605    98.679  5 54091.21221466 25.223
 55 236.790605  62.712374    98.802    98.823  8 54126.21214214 27.027
 56 236.789794  62.727835   100.559   102.466  5 54161.21218201  8.625
 57 236.796624  62.708012    98.664    98.595  4 54196.21214304  7.814
 58 236.791489  62.722501   101.453   101.316  6 54231.21219403 50.514
 59 236.790079  62.726894   102.010   101.991  4 54266.21221225 37.933
 60 236.790924  62.728191   106.562   107.222  5 54301.21221717 23.928
 61 236.792293  62.731539    99.578    99.616  5 54336.21220565 50.986
 62 236.791658  62.717405   132.116   134.835  8 54371.21214737 11.339
 63 236.790662  62.729195    99.026    99.025  4 54406.21214989 50.524
 64 236.789066  62.711747    99.352    99.329  7 54441.21210476 24.043
 65 236.789545  62.727938    99.808    99.812  5 54476.21213744 16.069
 66 236.791185  62.712709    99.530    99.515  8 54511.21212078 10.903
 67 236.791126  62.729966   138.693   138.875  5 54546.21215205  7.598
 68 236.789395  62.727102   138.391   137.775  4 54581.21211928  5.988
 69 236.790591  62.728314   101.884   101.868  5 54616.21214088 45.768
 70 236.790477  62.723119   138.932   138.483  6 54651.21215284  7.383
 72 236.791072  62.712644   126.130   134.069  8 54721.21209621 10.990
 74 236.789699  62.711496    98.092    98.099  8 54791.21208932 44.200
 75 236.790349  62.722958    99.621    99.464  7 54826.21211682 30.282
 76 236.791148  62.714459    99.554    99.587  9 54861.21208348 10.189
 78 236.798561  62.705163    98.453    98.453  2 54931.21207896  8.560
 79 236.789408  62.727043   105.198   105.207  5 54966.21211907 33.225
 80 236.791074  62.722082   102.258   102.193  6 55001.21213801 24.827
 81 236.789468  62.728125   100.172   100.142  5 55036.21212505 50.799
 82 236.793514  62.731572   100.211   100.219  5 55071.21211411 51.717
 83 236.790483  62.712972   119.190   122.662  8 55106.21205420 14.162
 84 236.789963  62.729134    98.386    98.385  4 55141.21206330 49.747
 85 236.789911  62.713080   100.053   100.049  8 55176.21202315 22.709
 86 236.789867  62.726001   101.470   101.455  4 55211.21205741 10.652
 87 236.791660  62.715905   100.073    99.809  8 55246.21202796 13.087
 88 236.791662  62.729039   101.314   101.264  4 55281.21205170  9.212
 89 236.789699  62.725380   102.374   102.354  4 55316.21201838 28.680
 90 236.791811  62.729717    99.784    99.809  4 55351.21202367 51.995
 91 236.793547  62.709825   115.047   110.073  6 55386.21201470 15.312
 92 236.790322  62.727834    99.245    99.234  5 55421.21204166 47.101
 93 236.794993  62.731288    99.400    99.147  5 55456.21201742 50.060
