# NaN NaN NaN ;Mean Elev.(m), Avg Gradient(m/km), RMS Gradient(m/km) - SRTM1     
#   39.185  -8.179  14.226 ;Mean Elev.(m), Avg Gradient(m/km), RMS Gradient(m/km) - ASTER GDEM
#   63.871  -7.276  14.365 ;Mean Elev.(m), Avg Gradient(m/km), RMS Gradient(m/km) - GMTED2010 
  7 234.130397  64.926917    52.521    52.996  4 52465.21462626 19.744
  8 234.139125  64.925642    60.096    60.580  5 52500.21462106 11.299
  9 234.110417  64.926900   101.763   101.659  4 52535.21460938  6.612
 10 234.130977  64.921828    47.307    47.307  2 52570.21463930 28.179
 11 234.139556  64.924546   102.499   102.708  4 52605.21461507 13.013
 12 234.119293  64.925494   100.293   100.310  4 52640.21460193  9.298
 13 234.138734  64.925311   105.374   103.657  5 52675.21459436  4.011
 14 234.122088  64.925730   103.554   104.624  3 52710.21461505  3.313
 15 234.128559  64.926976   107.236   107.243  4 52745.21464333  1.938
 16 234.115045  64.926065    51.919    48.726  3 52780.21458036 24.131
 17 234.117687  64.922637    54.467    54.467  2 52815.21466212 17.040
 18 234.121888  64.926124    50.022    50.249  3 52850.21471478 17.949
 20 234.141517  64.924773    47.177    47.332  5 52920.21470499 21.421
 21 234.125183  64.925593    84.573    87.755  4 52955.21466945 16.895
 22 234.136444  64.925693   105.554   105.700  4 52990.21468176  4.174
 23 234.148769  64.924500   109.837   109.922  5 53025.21465572  1.760
 24 234.135658  64.926338   107.817   107.808  5 53060.21465959  2.218
 25 234.135598  64.925361   108.860   108.675  4 53095.21469344  1.965
 26 234.128926  64.927111   101.498   101.504  4 53130.21466630  4.069
 28 234.130211  64.924889    68.036    68.208  4 53200.21473801  9.332
 30 234.114192  64.926234   100.221    99.998  4 53270.21467145  2.800
 31 234.116200  64.926455    96.735    97.292  3 53305.21473375 14.980
 32 234.135990  64.926367   101.543   101.536  5 53340.21470146  7.526
 33 234.149041  64.925723   104.882   104.890  5 53375.21463147  5.044
 34 234.131128  64.926300   103.848   103.612  5 53410.21467593  2.631
 35 234.148893  64.924820   106.695   108.366  5 53445.21465792  0.871
 36 234.117681  64.926094   108.784   108.039  4 53480.21474062  2.934
 38 234.130326  64.924809    49.088    49.076  4 53550.21476539 17.556
 40 234.148412  64.923499    48.681    48.667  5 53620.21468196 29.616
 41 234.122575  64.927007    51.477    52.027  3 53655.21471190 14.932
 42 234.133207  64.924900    67.947    67.947  2 53690.21470380 14.733
 43 234.151505  64.924147   103.232   102.950  6 53725.21462736  5.985
 44 234.127166  64.926486   100.242   100.260  4 53760.21457391  6.355
 46 234.119796  64.926760   103.409   103.046  4 53830.21457054  3.735
 47 234.121600  64.925912   104.880   105.952  4 53865.21464737 17.337
 48 234.128050  64.926977    52.954    51.224  4 53900.21467420 17.379
 49 234.122028  64.925275   101.276   100.896  4 53935.21471616  1.969
 52 234.128660  64.925893    46.469    46.479  4 54040.21469193 43.353
 53 234.136149  64.926522   102.006   101.980  5 54075.21468622  7.386
 54 234.147698  64.925985   103.805   103.759  5 54110.21462950  5.243
 55 234.123284  64.926947   102.848   103.015  4 54145.21462590  3.926
 56 234.143860  64.925909   108.835   108.881  5 54180.21461515  1.718
 58 234.128842  64.925086    48.376    48.292  4 54250.21466070 22.856
 59 234.134962  64.926220    49.532    49.455  4 54285.21466755 16.225
 61 234.147510  64.922931    48.523    48.299  3 54355.21462597 45.467
 62 234.132366  64.925309    47.028    47.628  4 54390.21460504 44.071
 63 234.137392  64.926380   102.102   102.471  4 54425.21457673  5.665
 64 234.123630  64.927112   101.774   101.622  4 54460.21458171  3.883
 65 234.138948  64.926136   107.930   107.795  5 54495.21458229  1.478
 66 234.129067  64.925556   106.350   106.299  4 54530.21459418  1.014
 67 234.144735  64.925486   112.263   113.425  5 54565.21458850  3.037
 68 234.130108  64.925714   109.346   108.431  4 54600.21458982 11.489
 70 234.135560  64.924039    48.415    48.340  4 54670.21460588 22.963
 71 234.141045  64.926887    52.064    48.151  3 54705.21456868 17.095
 73 234.140333  64.925013    46.923    46.930  5 54775.21454931 40.942
 74 234.121365  64.926004   100.243   100.140  4 54810.21456326  6.712
 75 234.138172  64.925883   106.038   106.566  4 54845.21454865  3.105
 76 234.125885  64.926815   107.262   106.890  4 54880.21456646  1.797
 77 234.141193  64.925734   113.597   113.826  4 54915.21455213  0.833
 81 234.136444  64.926326    52.198    50.524  5 55055.21457508 14.051
 82 234.142008  64.926134    58.683    59.212  3 55090.21453407 12.407
 84 234.137086  64.926461   102.489   102.567  4 55160.21449529  9.144
 85 234.121872  64.926663    99.876    99.864  4 55195.21450382  6.737
 86 234.142156  64.924590   105.691   106.277  5 55230.21449744  3.396
 87 234.130408  64.926016   102.513   101.407  5 55265.21449849  3.001
 88 234.142823  64.926402   117.322   117.416  4 55300.21448018  0.660
 90 234.131790  64.929689    49.755    50.571  3 55370.21446644 12.858
 91 234.128334  64.925044    56.175    56.270  4 55405.21448372 13.720
