# NaN NaN NaN ;Mean Elev.(m), Avg Gradient(m/km), RMS Gradient(m/km) - SRTM1     
#   17.099  -2.215  54.467 ;Mean Elev.(m), Avg Gradient(m/km), RMS Gradient(m/km) - ASTER GDEM
#   40.028  -1.164  53.231 ;Mean Elev.(m), Avg Gradient(m/km), RMS Gradient(m/km) - GMTED2010 
  7 231.205719  65.703515    30.314    30.289  7 52452.22079274 33.905
  8 231.213214  65.708679    30.221    30.214  6 52487.22077487 18.372
  9 231.217902  65.707606    29.565    29.590  6 52522.22074506 15.866
 11 231.208334  65.705107    31.536    30.999  6 52592.22079092 21.867
 12 231.208376  65.702385    31.017    30.922  5 52627.22070753 20.203
 13 231.209284  65.707079    59.542    59.494  6 52662.22075450 12.119
 14 231.201823  65.701488    32.953    32.633  7 52697.22073084 12.852
 15 231.217164  65.708957    46.868    47.202  6 52732.22075493  6.666
 16 231.217780  65.708724    31.457    31.481  7 52767.22076391 32.083
 17 231.200492  65.701102    31.050    31.093  6 52802.22077217 34.228
 18 231.204790  65.704359    30.167    29.990  7 52837.22083788 30.999
 19 231.209104  65.705343    29.379    29.326  6 52872.22087825 32.723
 20 231.215757  65.708072    28.762    28.770  6 52907.22086852 23.833
 21 231.202516  65.704049    29.652    29.507  6 52942.22079670 36.736
 23 231.210330  65.706781    30.824    30.850  6 53012.22085247 19.431
 24 231.202321  65.702446    30.784    30.862  6 53047.22081898 18.844
 25 231.207990  65.706025    31.510    30.185  7 53082.22085419 16.815
 26 231.200369  65.701507    30.854    30.846  7 53117.22082407 20.373
 27 231.203698  65.704241    32.731    32.702  7 53152.22087361 42.669
 28 231.213695  65.707279    29.620    29.669  6 53187.22086086 17.770
 29 231.215248  65.707577    29.082    29.316  7 53222.22088349 24.226
 30 231.216840  65.707357    28.351    28.295  6 53257.22085944 28.134
 31 231.198554  65.698642    29.786    29.761  7 53292.22087568 31.158
 32 231.213783  65.707631    30.317    30.284  6 53327.22085098 17.617
 35 231.219854  65.708773    63.770    64.466  6 53432.22081921  7.024
 36 231.200919  65.703024    33.606    34.109  7 53467.22085369  9.528
 37 231.205294  65.705515    34.558    34.501  7 53502.22090696 50.901
 38 231.211108  65.707909    29.889    29.770  6 53537.22089981 30.990
 39 231.208994  65.706617    29.304    29.474  6 53572.22090392 21.828
 40 231.221169  65.709811    28.332    28.380  7 53607.22085294 23.829
 41 231.200709  65.701258    30.236    30.251  6 53642.22085268 26.748
 42 231.206763  65.704961    29.347    29.361  7 53677.22087208 39.652
 43 231.225041  65.706959    30.693    30.780  4 53712.22080098 24.141
 44 231.201630  65.701183    32.383    32.412  7 53747.22071268 25.359
 45 231.214548  65.707785    30.315    30.363  6 53782.22074452 19.340
 46 231.227999  65.710428    30.311    29.304  6 53817.22071029 15.146
 47 231.201096  65.701507    31.488    31.360  7 53852.22078192 30.095
 48 231.215575  65.707653    30.409    30.475  7 53887.22078848 19.992
 49 231.202421  65.702612    30.181    30.300  7 53922.22085954 24.108
 50 231.207854  65.704560    29.520    29.501  6 53957.22085454 27.626
 51 231.199235  65.700346    30.288    30.318  7 53992.22077734 37.376
 52 231.204131  65.702231    29.412    29.449  7 54027.22084101 32.891
 53 231.215159  65.708016    29.201    29.255  6 54062.22083516 46.996
 55 231.202840  65.701036    31.596    31.483  7 54132.22075650 44.924
 56 231.215177  65.707497    30.629    30.672  6 54167.22077900 47.946
 57 231.202627  65.703249    30.237    30.211  7 54202.22076027 41.940
 58 231.208862  65.705764    35.236    35.176  7 54237.22079636 21.274
 59 231.211072  65.707908    29.998    30.021  6 54272.22081617 20.631
 60 231.208779  65.706855    30.205    30.264  6 54307.22081821 24.074
 61 231.218799  65.708368    28.957    28.953  6 54342.22079831 19.514
 62 231.206185  65.704347    29.731    29.718  7 54377.22075286 26.020
 63 231.212028  65.706717    29.027    28.991  6 54412.22074527 41.677
 64 231.201503  65.703279    30.532    30.576  7 54447.22071797 15.420
 66 231.203855  65.703246    31.172    31.575  7 54517.22073184 11.685
 67 231.216346  65.708423    30.456    29.816  6 54552.22075058 10.269
 68 231.211624  65.701547    30.835    30.784  3 54587.22072720 19.706
 69 231.210537  65.706884    30.128    30.242  7 54622.22074652 31.663
 70 231.209797  65.705736    30.239    30.225  6 54657.22075586 20.113
 71 231.213413  65.708190    28.820    28.893  6 54692.22073949 25.398
 72 231.204819  65.703868    29.733    29.770  7 54727.22070821 31.826
 73 231.210868  65.705992    28.659    28.670  6 54762.22071621 31.226
 74 231.200771  65.701621    31.600    31.547  7 54797.22070105 30.347
 75 231.210395  65.707040    39.130    39.858  6 54832.22070609 15.057
 76 231.202684  65.703201    32.476    31.991  6 54867.22069699 11.065
 77 231.214096  65.708072    33.621    33.315  6 54902.22071620  8.988
 78 231.205880  65.705209    34.691    34.943  7 54937.22068735  8.582
 79 231.208118  65.705880    40.797    40.798  6 54972.22072025 30.175
 80 231.209351  65.707816    30.032    30.060  6 55007.22073788 28.561
 81 231.210586  65.706401    29.888    29.832  6 55042.22072636 17.835
 82 231.215537  65.708663    29.461    29.437  6 55077.22070631 16.929
 83 231.206224  65.704510    34.880    29.962  7 55112.22065854 25.767
 84 231.209036  65.707397    29.542    29.556  6 55147.22066043 40.764
 85 231.201609  65.702592    31.786    31.786  6 55182.22063814 44.930
 86 231.212515  65.707340    31.566    31.549  7 55217.22065616 27.555
 87 231.205226  65.704111    32.055    32.102  6 55252.22063454 27.315
 88 231.216524  65.707780    30.520    30.511  7 55287.22064848 18.856
 89 231.209989  65.705582    32.899    32.919  6 55322.22062385 50.008
 90 231.210433  65.707221    29.865    29.811  6 55357.22062348 16.881
 91 231.205387  65.704152    29.790    29.833  7 55392.22062509 25.886
 92 231.210221  65.706595    29.255    29.311  6 55427.22063979 29.388
 93 231.219622  65.708785    28.315    28.328  6 55462.22060535 28.664
