# NaN NaN NaN ;Mean Elev.(m), Avg Gradient(m/km), RMS Gradient(m/km) - SRTM1     
#  124.001  -3.416   5.565 ;Mean Elev.(m), Avg Gradient(m/km), RMS Gradient(m/km) - ASTER GDEM
#  145.000  -2.979   4.622 ;Mean Elev.(m), Avg Gradient(m/km), RMS Gradient(m/km) - GMTED2010 
  6   141.593 52420.79343605 42.12 240.234295  61.309118 13.552
  6   142.064 52420.79343670 38.04 240.231935  61.305958 13.552
  6   141.985 52420.79343734 44.24 240.229575  61.302798 13.552
  6   142.154 52420.79343799 45.15 240.227215  61.299648 13.552
  6   141.547 52420.79343863 42.37 240.224855  61.296488 13.552
  6   142.308 52420.79343928 31.68 240.222505  61.293338 13.552
  6   141.978 52420.79343992 41.55 240.220139  61.290182 15.254
  7   144.753 52455.79345920 22.36 240.231124  61.311077  4.903
  7   144.075 52455.79345984 21.12 240.228764  61.307927  4.903
  7   142.636 52455.79346049 21.64 240.226410  61.304772  9.659
  7   141.552 52455.79346113 20.25 240.224050  61.301612  9.659
  7   140.250 52455.79346178 19.60 240.221690  61.298452  9.659
  7   148.975 52455.79346242 18.34 240.219330  61.295302  9.659
  7   150.096 52455.79346307 17.70 240.216970  61.292142  9.659
 10   144.145 52560.79346206 11.31 240.236249  61.307034  5.109
 10   142.705 52560.79346271 11.21 240.233889  61.303884  5.109
 10   141.325 52560.79346335 13.07 240.231529  61.300724  5.109
 10   139.897 52560.79346400 13.24 240.229169  61.297564  5.109
 10   139.673 52560.79346464 14.82 240.226809  61.294414  5.109
 10   139.595 52560.79346529 18.42 240.224449  61.291254  5.109
 11   138.924 52595.79347089 39.89 240.227112  61.312511 12.564
 11   136.922 52595.79347154 41.25 240.224752  61.309351 12.564
 11   139.399 52595.79347218 38.62 240.222392  61.306201 12.564
 11   137.546 52595.79347283 40.40 240.220032  61.303041 12.564
 11   138.941 52595.79347347 32.74 240.217672  61.299891 12.564
 15   138.528 52735.79344020 14.36 240.233365  61.309391  3.482
 15   138.473 52735.79344084 14.78 240.231007  61.306237  2.377
 15   138.473 52735.79344149 14.65 240.228647  61.303077  2.377
 15   138.544 52735.79344213 15.26 240.226297  61.299917  2.377
 15   138.610 52735.79344278 14.70 240.223937  61.296767  2.377
 15   138.765 52735.79344342 13.75 240.221577  61.293607  2.377
 15   138.945 52735.79344407 13.03 240.219217  61.290447  2.377
 17   142.718 52805.79346436 31.51 240.240816  61.306644  9.715
 17   141.201 52805.79346500 29.07 240.238456  61.303484  9.715
 17   141.365 52805.79346565 31.05 240.236096  61.300334  9.715
 17   141.363 52805.79346629 41.45 240.233736  61.297174  9.715
 17   140.159 52805.79346694 44.39 240.231376  61.294014  9.715
 17   139.933 52805.79346758 38.00 240.229016  61.290864  9.715
 18   143.706 52840.79352499 20.16 240.239267  61.305685  7.072
 18   142.831 52840.79352563 17.55 240.236897  61.302535  7.072
 18   141.698 52840.79352628 16.67 240.234537  61.299375  7.072
 18   140.616 52840.79352692 15.95 240.232187  61.296225  7.072
 18   140.406 52840.79352757 15.37 240.229827  61.293065  7.072
 18   141.003 52840.79352821 20.16 240.227467  61.289905  7.072
 19   144.327 52875.79356359 17.75 240.236614  61.308337  7.634
 19   143.567 52875.79356423 15.24 240.234244  61.305187  7.634
 19   142.015 52875.79356488 17.07 240.231894  61.302027  7.634
 19   141.095 52875.79356552 16.25 240.229534  61.298877  7.634
 19   139.512 52875.79356617 16.75 240.227174  61.295717  7.634
 19   141.027 52875.79356681 16.68 240.224814  61.292557  7.634
 19   141.136 52875.79356746 17.87 240.222454  61.289407  7.634
 20   142.747 52910.79353032 18.67 240.233056  61.309564  3.919
 20   143.154 52910.79353097 13.84 240.230696  61.306414  3.919
 20   141.257 52910.79353161 13.99 240.228336  61.303254  3.919
 20   140.583 52910.79353226 14.75 240.225976  61.300104  3.919
 20   139.771 52910.79353290 14.45 240.223626  61.296944  3.919
 20   141.737 52910.79353355 13.66 240.221266  61.293784  3.919
 20   141.666 52910.79353419 15.99 240.218906  61.290634  3.919
 23   138.760 53015.79352133 20.31 240.216564  61.297173  4.049
 23   138.639 53015.79352198 18.60 240.214204  61.294023  4.049
 24   138.589 53050.79349466 14.00 240.242497  61.306885  3.360
 24   138.492 53050.79349530 13.32 240.240137  61.303725  3.360
 24   138.725 53050.79349595 14.17 240.237777  61.300575  3.360
 24   138.828 53050.79349659 14.15 240.235417  61.297415  3.360
 24   138.836 53050.79349724 14.02 240.233057  61.294265  3.360
 24   138.833 53050.79349788 13.63 240.230697  61.291105  3.360
 24   138.808 53050.79349852 13.67 240.228337  61.287945  3.360
 25   138.251 53085.79353056 12.55 240.221915  61.312818  3.416
 25   137.969 53085.79353121 13.16 240.219555  61.309658  3.416
 25   138.344 53085.79353185 13.63 240.217195  61.306508  3.416
 25   138.327 53085.79353250 13.63 240.214835  61.303348  3.416
 25   138.492 53085.79353314 13.38 240.212475  61.300198  3.416
 25   138.579 53085.79353379 13.01 240.210115  61.297038  3.416
 25   138.416 53085.79353443 12.90 240.207765  61.293878  3.416
 26   139.699 53120.79350093 17.29 240.237371  61.308360  8.725
 26   139.118 53120.79350158 19.15 240.235011  61.305200  8.725
 26   138.802 53120.79350222 17.10 240.232651  61.302050  8.725
 26   138.992 53120.79350286 15.39 240.230291  61.298890  8.725
 26   139.400 53120.79350351 15.44 240.227931  61.295740  8.725
 26   139.960 53120.79350415 19.24 240.225571  61.292580  8.725
 26   139.656 53120.79350480 30.12 240.223211  61.289420  8.725
 27   144.206 53155.79355432 28.17 240.232750  61.311494  9.136
 27   143.696 53155.79355496 25.53 240.230390  61.308334  9.136
 27   140.204 53155.79355561 32.84 240.228030  61.305174  9.136
 27   140.196 53155.79355625 32.94 240.225670  61.302024  9.136
 27   140.294 53155.79355690 36.94 240.223310  61.298864  9.136
 27   140.495 53155.79355754 36.68 240.220950  61.295704  9.136
 27   139.994 53155.79355819 41.37 240.218590  61.292554  9.136
 28   144.255 53190.79354624 12.47 240.237054  61.306505  6.296
 28   142.758 53190.79354688 13.43 240.234694  61.303355  6.296
 28   141.387 53190.79354752 14.17 240.232334  61.300195  6.296
 28   139.950 53190.79354817 14.60 240.229974  61.297035  6.296
 28   139.870 53190.79354881 14.33 240.227614  61.293885  6.296
 28   140.604 53190.79354946 13.72 240.225254  61.290725  6.296
 29   141.917 53225.79355309 12.60 240.231969  61.308036  7.232
 29   140.898 53225.79355373 11.32 240.229609  61.304876  7.232
 29   140.235 53225.79355438 12.23 240.227249  61.301726  7.232
 29   138.967 53225.79355502 13.81 240.224889  61.298566  7.232
 29   139.097 53225.79355567 12.88 240.222539  61.295406  7.232
 29   139.077 53225.79355631 13.77 240.220179  61.292256  7.232
 30   138.879 53260.79352669 50.26 240.222671  61.312878 14.430
 30   138.817 53260.79352733 47.61 240.220311  61.309718 14.430
 30   138.406 53260.79352798 44.94 240.217951  61.306558 14.430
 30   138.965 53260.79352862 40.48 240.215591  61.303408 14.430
 31   138.203 53295.79355939 17.42 240.225930  61.302458  8.657
 31   138.619 53295.79356003 18.05 240.223570  61.299308  8.657
 31   138.754 53295.79356068 19.94 240.221210  61.296148  8.657
 32   137.592 53330.79353303 40.51 240.224974  61.297384 11.129
 32   137.459 53330.79353368 40.83 240.222614  61.294234 11.129
 32   137.833 53330.79353432 36.80 240.220264  61.291074 11.129
 33   138.202 53365.79348149 19.76 240.218144  61.296903  4.408
 33   138.100 53365.79348214 18.57 240.215784  61.293753  4.408
 35   138.378 53435.79349757 12.39 240.217477  61.295075  3.688
 35   138.423 53435.79349821 11.91 240.215117  61.291915  3.688
 36   144.321 53470.79354224  0.89 240.237343  61.309188  2.099
 36   139.540 53470.79354289  2.47 240.234983  61.306038  2.099
 36   142.311 53470.79354353  1.96 240.232623  61.302878  2.099
 36   141.743 53470.79354418  2.88 240.230263  61.299728  2.099
 36   141.938 53470.79354482  2.91 240.227903  61.296568  2.099
 36   142.293 53470.79354546  2.88 240.225543  61.293408  2.099
 36   150.817 53470.79354611  1.88 240.223193  61.290258  2.099
 37   140.704 53505.79357862 48.21 240.230453  61.310972 12.922
 37   140.972 53505.79357926 47.62 240.228093  61.307812 12.922
 37   141.129 53505.79357991 47.01 240.225733  61.304652 12.922
 37   141.184 53505.79358055 47.42 240.223373  61.301502 12.922
 37   141.403 53505.79358120 47.23 240.221013  61.298342 12.922
 37   141.175 53505.79358184 47.67 240.218653  61.295182 12.922
 37   141.199 53505.79358248 48.57 240.216293  61.292032 12.922
 38   145.378 53540.79358136 21.59 240.230634  61.310000  5.402
 38   144.043 53540.79358200 19.21 240.228274  61.306840  5.402
 38   146.071 53540.79358265 18.48 240.225914  61.303690  5.402
 38   141.416 53540.79358329 18.53 240.223554  61.300530  5.402
 38   147.797 53540.79358394 18.58 240.221194  61.297370  5.402
 38   149.577 53540.79358458 18.16 240.218834  61.294220  5.402
 38   150.566 53540.79358523 18.15 240.216484  61.291060  5.402
 39   140.637 53575.79357309 23.26 240.227449  61.312932  7.400
 39   141.909 53575.79357374 16.81 240.225089  61.309772  7.400
 39   140.554 53575.79357438 17.14 240.222729  61.306612  7.400
 39   140.883 53575.79357502 17.77 240.220369  61.303462  7.400
 39   140.589 53575.79357567 23.82 240.218009  61.300302  7.400
 39   140.362 53575.79357631 20.63 240.215659  61.297142  7.400
 40   140.134 53610.79352421 19.23 240.223478  61.313813  7.529
 40   139.826 53610.79352486 17.32 240.221118  61.310653  7.529
 40   139.082 53610.79352550 17.50 240.218758  61.307493  7.529
 40   139.256 53610.79352614 15.22 240.216398  61.304343  7.529
 40   138.433 53610.79352679 16.55 240.214048  61.301183  7.529
 40   138.792 53610.79352743 15.17 240.211688  61.298023  7.529
 40   136.838 53610.79352808 16.27 240.209328  61.294873  7.529
 41   138.901 53645.79352911 26.12 240.239656  61.304711  7.238
 41   139.516 53645.79352975 18.27 240.237296  61.301561  7.238
 41   140.641 53645.79353040 15.58 240.234936  61.298401  7.238
 41   139.992 53645.79353104 14.98 240.232576  61.295251  7.238
 41   140.301 53645.79353169 14.95 240.230226  61.292091  7.238
 41   141.339 53645.79353233 15.92 240.227866  61.288931  7.238
 42   139.549 53680.79354506 21.92 240.226560  61.311381  5.136
 42   139.182 53680.79354571 21.69 240.224200  61.308221  5.136
 42   138.799 53680.79354635 21.84 240.221840  61.305071  5.136
 42   138.872 53680.79354700 22.46 240.219480  61.301911  5.136
 42   139.117 53680.79354764 21.09 240.217120  61.298751  5.136
 42   139.424 53680.79354829 20.14 240.214760  61.295601  5.136
 42   139.347 53680.79354893 21.24 240.212410  61.292441  5.136
 44   140.277 53750.79339093 24.44 240.246837  61.304123  7.042
 44   140.511 53750.79339157 26.19 240.244477  61.300973  7.042
 45   140.625 53785.79342049 19.12 240.235034  61.310088  4.468
 45   140.474 53785.79342113 19.95 240.232674  61.306928  4.468
 46   139.877 53820.79337760 14.61 240.225346  61.314169  4.437
 46   139.733 53820.79337825 15.34 240.222986  61.311009  4.437
 46   139.955 53820.79337889 15.95 240.220626  61.307859  4.437
 46   139.923 53820.79337954 16.75 240.218266  61.304699  4.437
 46   139.963 53820.79338018 16.65 240.215916  61.301539  4.437
 46   139.897 53820.79338083 16.38 240.213556  61.298389  4.437
 46   139.886 53820.79338147 16.04 240.211196  61.295229  4.437
 47   143.824 53855.79346447 26.66 240.234161  61.308595 12.099
 47   143.526 53855.79346512 23.02 240.231801  61.305435 12.099
 47   142.403 53855.79346576 22.52 240.229441  61.302275 12.099
 47   141.778 53855.79346640 22.69 240.227081  61.299125 12.099
 47   142.131 53855.79346705 22.30 240.224721  61.295965 12.099
 47   142.150 53855.79346769 24.82 240.222361  61.292815 12.099
 48   144.676 53890.79347563 24.73 240.239865  61.306792  7.013
 48   143.738 53890.79347628 22.65 240.237505  61.303642  7.013
 48   142.368 53890.79347692 21.94 240.235145  61.300482  7.013
 48   141.312 53890.79347757 21.62 240.232785  61.297322  7.013
 48   141.491 53890.79347821 21.84 240.230425  61.294172  7.013
 48   148.460 53890.79347886 21.59 240.228065  61.291012  7.013
 49   141.413 53925.79353860 22.18 240.226707  61.311240  6.557
 49   141.221 53925.79353924 19.20 240.224347  61.308090  6.557
 49   140.805 53925.79353988 18.60 240.221987  61.304930  6.557
 49   140.583 53925.79354053 18.33 240.219627  61.301770  6.557
 49   140.178 53925.79354117 17.99 240.217267  61.298620  6.557
 49   139.939 53925.79354182 18.72 240.214907  61.295460  6.557
 49   142.478 53925.79354246 18.51 240.212547  61.292310  6.557
 50   142.374 53960.79352554 16.26 240.224213  61.314001  7.339
 50   142.382 53960.79352618 12.84 240.221853  61.310841  7.339
 50   140.417 53960.79352683 12.27 240.219493  61.307691  7.339
 50   140.261 53960.79352747 12.58 240.217133  61.304531  7.339
 50   139.329 53960.79352812 14.71 240.214773  61.301371  7.339
 50   138.957 53960.79352876 13.61 240.212413  61.298221  7.339
 50   139.183 53960.79352941 13.74 240.210063  61.295061  7.339
 51   141.049 53995.79346499 13.89 240.249149  61.303216 10.468
 51   138.885 53995.79346563 15.90 240.246789  61.300056 10.468
 51   139.078 53995.79346628 14.70 240.244429  61.296906 10.468
 51   139.178 53995.79346692 15.76 240.242069  61.293746 10.468
 51   139.415 53995.79346757 17.87 240.239709  61.290596 10.468
 51   139.495 53995.79346821 17.76 240.237349  61.287436 10.468
 52   139.228 54030.79351977 16.41 240.240508  61.305715  6.346
 52   138.673 54030.79352041 17.79 240.238148  61.302555  6.346
 52   138.486 54030.79352106 18.18 240.235788  61.299395  6.346
 52   138.877 54030.79352170 18.47 240.233428  61.296245  6.346
 52   139.331 54030.79352235 20.66 240.231068  61.293085  6.346
 52   139.240 54030.79352299 24.31 240.228708  61.289935  6.346
 53   137.668 54065.79351574 27.39 240.224291  61.297286  6.973
 53   137.136 54065.79351638 24.17 240.221931  61.294126  6.973
 53   136.704 54065.79351703 22.58 240.219571  61.290976  6.973
 54   137.477 54100.79347882 22.47 240.216579  61.299068  9.129
 54   137.295 54100.79347946 21.15 240.214219  61.295908  9.129
 54   136.397 54100.79348011 20.00 240.211859  61.292748  9.129
 57   139.254 54205.79344458  9.69 240.238946  61.306572  5.231
 57   138.552 54205.79344587  7.69 240.234226  61.300262  5.231
 57   138.288 54205.79344652  6.73 240.231866  61.297102  5.231
 57   138.313 54205.79344716  6.52 240.229506  61.293942  5.231
 57   138.146 54205.79344781  6.04 240.227146  61.290792  5.231
 58   139.290 54240.79347783 49.54 240.233462  61.307608 13.602
 58   139.616 54240.79347847 47.91 240.231102  61.304448 13.602
 58   139.624 54240.79347912 47.94 240.228742  61.301298 13.602
 58   139.633 54240.79347976 48.39 240.226382  61.298138 13.602
 58   139.664 54240.79348041 48.72 240.224022  61.294978 13.602
 58   139.662 54240.79348105 48.57 240.221662  61.291828 13.602
 59   139.829 54275.79349294 29.76 240.234735  61.310032  9.405
 59   140.521 54275.79349358 20.22 240.232375  61.306872  9.405
 59   140.770 54275.79349423 19.55 240.230015  61.303712  9.405
 59   141.370 54275.79349487 23.34 240.227655  61.300562  9.405
 59   140.639 54275.79349552 34.10 240.225295  61.297402  9.405
 59   139.972 54275.79349616 30.56 240.222935  61.294252  9.405
 59   141.124 54275.79349681 21.53 240.220575  61.291092  9.405
 61   144.109 54345.79346907 14.06 240.225858  61.310472  5.050
 61   148.223 54345.79346971 12.70 240.223508  61.307312  5.050
 61   141.989 54345.79347036 12.51 240.221148  61.304152  5.050
 61   141.287 54345.79347100 12.84 240.218788  61.301002  5.050
 61   139.555 54345.79347165 13.57 240.216428  61.297842  5.050
 61   139.345 54345.79347229 14.34 240.214068  61.294682  5.050
 62   138.633 54380.79343101 33.12 240.238981  61.307976  6.476
 62   144.244 54380.79343165 20.22 240.236621  61.304816  6.476
 62   142.519 54380.79343229 19.25 240.234261  61.301666  6.476
 62   141.200 54380.79343294 19.96 240.231901  61.298506  6.476
 62   139.916 54380.79343358 19.62 240.229541  61.295356  6.476
 62   139.555 54380.79343423 20.11 240.227181  61.292196  6.476
 62   141.146 54380.79343487 20.32 240.224821  61.289036  6.476
 63   139.875 54415.79341773 45.12 240.230024  61.310676 14.961
 63   139.706 54415.79341838 48.06 240.227664  61.307516 14.961
 63   138.218 54415.79341902 48.13 240.225304  61.304366 14.961
 63   138.778 54415.79341967 48.26 240.222944  61.301206 14.961
 65   139.033 54485.79341666 18.77 240.224189  61.294282  4.000
 65   138.710 54485.79341731 17.87 240.221839  61.291122  4.000
 66   138.615 54520.79341267 12.70 240.239217  61.307934  2.933
 66   138.697 54520.79341331 12.83 240.236857  61.304784  2.933
 66   138.901 54520.79341396 13.58 240.234497  61.301624  2.933
 66   138.668 54520.79341460 14.44 240.232137  61.298464  2.933
 66   138.639 54520.79341525 13.81 240.229777  61.295314  2.933
 66   138.289 54520.79341589 14.16 240.227423  61.292161  2.539
 66   138.012 54520.79341654 13.92 240.225063  61.289001  2.539
 67   138.984 54555.79342444 13.88 240.227502  61.310435  3.418
 67   139.076 54555.79342508 13.83 240.225142  61.307275  3.418
 67   138.931 54555.79342573 13.51 240.222782  61.304115  3.418
 67   138.713 54555.79342637 14.46 240.220422  61.300965  3.418
 67   138.574 54555.79342702 14.10 240.218062  61.297805  3.418
 67   138.740 54555.79342766 13.12 240.215712  61.294645  3.418
 68   143.473 54590.79340836 31.77 240.235843  61.308728  8.638
 68   144.092 54590.79340901 26.74 240.233483  61.305568  8.638
 68   142.525 54590.79340965 27.42 240.231123  61.302408  8.638
 68   141.726 54590.79341030 24.98 240.228763  61.299258  8.638
 68   140.452 54590.79341094 26.31 240.226413  61.296098  8.638
 68   141.239 54590.79341159 25.72 240.224053  61.292948  8.638
 68   140.864 54590.79341223 38.77 240.221690  61.289790 13.028
 69   139.717 54625.79342471 47.07 240.232041  61.310061 10.713
 69   141.070 54625.79342536 47.56 240.229681  61.306901 10.713
 69   141.113 54625.79342600 46.84 240.227321  61.303751 10.713
 69   141.153 54625.79342664 46.95 240.224961  61.300591 10.713
 69   141.071 54625.79342729 47.12 240.222601  61.297431 10.713
 69   141.186 54625.79342793 48.86 240.220241  61.294281 10.713
 69   140.947 54625.79342858 49.27 240.217888  61.291124  8.805
 70   141.524 54660.79343270 23.18 240.233537  61.310454  6.707
 70   142.305 54660.79343335 11.17 240.231177  61.307294  6.707
 70   141.742 54660.79343399 11.38 240.228817  61.304144  6.707
 70   140.920 54660.79343464 11.95 240.226457  61.300984  6.707
 70   140.378 54660.79343528 11.63 240.224097  61.297834  6.707
 70   140.261 54660.79343593 12.32 240.221737  61.294674  6.707
 70   141.215 54660.79343657 11.12 240.219377  61.291514  6.707
 71   142.021 54695.79341022 18.29 240.230788  61.311763  7.138
 71   142.120 54695.79341087 11.93 240.228428  61.308613  7.138
 71   140.993 54695.79341151 13.15 240.226068  61.305453  7.138
 71   139.485 54695.79341215 12.73 240.223708  61.302293  7.138
 71   139.330 54695.79341280 13.38 240.221348  61.299143  7.138
 71   139.213 54695.79341344 12.49 240.218988  61.295983  7.138
 71   139.304 54695.79341409 12.23 240.216638  61.292833  7.138
 72   140.633 54730.79338886 15.52 240.237426  61.305827  4.961
 72   139.001 54730.79338950 16.75 240.235066  61.302677  4.961
 72   138.989 54730.79339015 15.99 240.232706  61.299517  4.961
 72   139.105 54730.79339079 16.11 240.230346  61.296357  4.961
 72   139.345 54730.79339144 17.23 240.227986  61.293207  4.961
 72   139.611 54730.79339208 21.22 240.225635  61.290052  4.882
 74   139.241 54800.79338462 34.19 240.231223  61.296560 15.034
 74   137.665 54800.79338526 31.97 240.228863  61.293410 15.034
 74   137.476 54800.79338591 32.47 240.226507  61.290247  5.481
 75   138.098 54835.79338353 25.65 240.222784  61.296704  7.150
 75   138.166 54835.79338417 23.54 240.220424  61.293554  7.150
 76   138.668 54870.79338013 10.03 240.240335  61.307540  2.692
 76   138.226 54870.79338078 10.81 240.237975  61.304390  2.692
 76   138.610 54870.79338142 10.46 240.235615  61.301230  2.692
 76   138.488 54870.79338207 11.39 240.233255  61.298070  2.692
 76   138.397 54870.79338271 11.83 240.230895  61.294920  2.692
 76   138.927 54870.79338336 11.01 240.228536  61.291758  2.288
 76   138.467 54870.79338400 10.72 240.226176  61.288608  2.288
 77   138.162 54905.79338908  9.32 240.225406  61.312818  2.989
 77   138.553 54905.79338972 10.07 240.223046  61.309658  2.989
 77   138.235 54905.79339037 10.59 240.220686  61.306508  2.989
 77   138.329 54905.79339101 10.25 240.218326  61.303348  2.989
 77   138.208 54905.79339166 11.04 240.215966  61.300188  2.989
 77   138.301 54905.79339230 10.61 240.213616  61.297038  2.989
 77   138.019 54905.79339295 10.78 240.211253  61.293879  1.936
 79   141.544 54975.79340077 37.24 240.235058  61.310383  8.359
 79   145.091 54975.79340141 23.69 240.232688  61.307233  8.359
 79   143.027 54975.79340206 23.06 240.230338  61.304073  8.359
 79   141.747 54975.79340270 24.78 240.227978  61.300913  8.359
 79   141.822 54975.79340334 24.40 240.225618  61.297763  8.359
 79   142.074 54975.79340399 32.88 240.223258  61.294603  8.359
 79   142.100 54975.79340463 38.19 240.220898  61.291453  8.359
 80   140.683 55010.79341170 49.66 240.231206  61.310323 10.942
 80   140.525 55010.79341235 50.64 240.228846  61.307163 10.942
 80   140.942 55010.79341299 47.41 240.226486  61.304003 10.942
 80   141.201 55010.79341364 48.33 240.224126  61.300853 10.942
 80   141.113 55010.79341428 48.66 240.221766  61.297693 10.942
 80   141.080 55010.79341493 47.93 240.219406  61.294543 10.942
 80   140.995 55010.79341557 47.94 240.217054  61.291386  8.735
 81   141.048 55045.79340288 19.05 240.234974  61.308713  6.337
 81   139.839 55045.79340353 16.28 240.232614  61.305553  6.337
 81   140.187 55045.79340417 16.31 240.230264  61.302393  6.337
 81   140.327 55045.79340482 14.86 240.227904  61.299243  6.337
 81   140.571 55045.79340546 14.32 240.225544  61.296083  6.337
 81   140.527 55045.79340611 14.51 240.223184  61.292933  6.337
 82   143.655 55080.79337670 19.86 240.227051  61.311524  6.156
 82   139.807 55080.79337735 18.05 240.224691  61.308374  6.156
 82   139.486 55080.79337799 17.98 240.222331  61.305214  6.156
 82   139.058 55080.79337864 17.76 240.219971  61.302054  6.156
 82   139.016 55080.79337928 17.78 240.217611  61.298904  6.156
 82   138.827 55080.79337993 17.68 240.215261  61.295744  6.156
 83   141.681 55115.79333541 20.93 240.237597  61.306989  5.139
 83   141.263 55115.79333605 16.98 240.235237  61.303839  5.139
 83   139.543 55115.79333670 17.36 240.232877  61.300679  5.139
 83   139.256 55115.79333734 19.06 240.230517  61.297519  5.139
 83   139.407 55115.79333799 17.69 240.228157  61.294369  5.139
 83   139.926 55115.79333863 19.53 240.225797  61.291206  4.205
 84   138.972 55150.79333436 39.13 240.230460  61.308401  9.326
 84   137.380 55150.79333501 40.12 240.228110  61.305251  9.326
 84   138.712 55150.79333565 30.89 240.225750  61.302091  9.326
 84   138.996 55150.79333630 29.32 240.223390  61.298931  9.326
 86   138.056 55220.79333517 23.97 240.219543  61.295569  6.016
 86   137.744 55220.79333582 24.16 240.217190  61.292413  4.222
 87   138.583 55255.79331959 22.43 240.226722  61.292189  3.961
 87   138.428 55255.79332023 21.66 240.224362  61.289039  3.961
 88   138.989 55290.79332047 14.75 240.227019  61.313340  4.457
 88   139.181 55290.79332112 15.67 240.224659  61.310190  4.457
 88   139.379 55290.79332176 16.09 240.222299  61.307030  4.457
 88   138.939 55290.79332241 16.37 240.219939  61.303870  4.457
 88   138.520 55290.79332305 16.57 240.217579  61.300720  4.457
 88   138.361 55290.79332370 15.95 240.215229  61.297560  4.457
 88   137.811 55290.79332434 15.83 240.212869  61.294400  4.457
 89   146.362 55325.79330166 22.65 240.231354  61.308198  6.885
 89   143.191 55325.79330231 21.09 240.228994  61.305038  6.885
 89   141.923 55325.79330295 20.80 240.226634  61.301878  6.885
 89   141.522 55325.79330360 20.65 240.224274  61.298728  6.885
 89   142.014 55325.79330424 20.26 240.221914  61.295568  6.885
 89   142.237 55325.79330489 20.83 240.219554  61.292418  6.885
 90   144.314 55360.79329860 17.28 240.230511  61.310192  5.952
 90   143.812 55360.79329925 14.54 240.228151  61.307032  5.952
 90   142.775 55360.79329989 13.69 240.225791  61.303882  5.952
 90   141.532 55360.79330054 13.98 240.223431  61.300722  5.952
 90   140.298 55360.79330118 13.30 240.221071  61.297562  5.952
 90   141.636 55360.79330183 12.90 240.218711  61.294412  5.952
 90   142.045 55360.79330247 13.87 240.216361  61.291255  6.752
 91   139.444 55395.79330485 34.34 240.236802  61.306730  7.835
 91   138.734 55395.79330549 29.78 240.234442  61.303580  7.835
 91   139.305 55395.79330614 21.61 240.232082  61.300420  7.835
 91   139.316 55395.79330678 20.50 240.229722  61.297260  7.835
 91   139.438 55395.79330743 20.85 240.227362  61.294110  7.835
 91   139.982 55395.79330807 22.68 240.225010  61.290955  8.876
 92   138.942 55430.79331406 48.35 240.234897  61.308029 11.424
 92   139.033 55430.79331471 48.06 240.232537  61.304869 11.424
 92   139.261 55430.79331535 45.44 240.230177  61.301709 11.424
 92   139.391 55430.79331600 43.72 240.227817  61.298559 11.424
 92   139.217 55430.79331664 43.21 240.225457  61.295399 11.424
 92   139.093 55430.79331728 43.02 240.223097  61.292249 11.424
 93   145.369 55465.79327485 19.12 240.226224  61.311736  6.760
 93   148.743 55465.79327550 17.83 240.223864  61.308586  6.760
 93   143.235 55465.79327614 18.09 240.221504  61.305426  6.760
 93   141.310 55465.79327679 20.21 240.219154  61.302266  6.760
 93   140.004 55465.79327743 19.91 240.216794  61.299116  6.760
 93   138.772 55465.79327808 19.96 240.214434  61.295956  6.760
 93   142.468 55465.79327872 21.83 240.212074  61.292796  6.760
