# NaN NaN NaN ;Mean Elev.(m), Avg Gradient(m/km), RMS Gradient(m/km) - SRTM1     
#    9.705  -4.856  10.679 ;Mean Elev.(m), Avg Gradient(m/km), RMS Gradient(m/km) - ASTER GDEM
#   14.202  -5.627  10.531 ;Mean Elev.(m), Avg Gradient(m/km), RMS Gradient(m/km) - GMTED2010 
  7 231.244064  66.366325    97.612    96.671 15 52468.21892587  7.153
  8 231.265808  66.349974    22.722    22.198 25 52503.21891132 25.756
  9 231.217932  66.374666   102.356   105.075 10 52538.21890158 13.245
 10 231.244048  66.361368    18.569    18.646  4 52573.21893875 32.967
 11 231.269872  66.349072    19.717    19.751 11 52608.21889401 31.392
 12 231.229411  66.370998    96.623    97.026 12 52643.21889488  7.143
 13 231.260347  66.361165    19.440    19.217 17 52678.21887495 17.284
 15 231.234551  66.374644    18.763    19.340  9 52748.21894185 12.020
 16 231.212921  66.377606   104.167   106.621  7 52783.21888359 14.480
 17 231.220971  66.371325    21.790    21.759 11 52818.21895997 33.086
 18 231.226498  66.376687    20.779    20.204  8 52853.21901046 19.921
 20 231.299223  66.324544    19.846    20.567  7 52923.21898727 46.601
 21 231.233021  66.371352    97.259    97.876 12 52958.21896355  9.854
 22 231.238113  66.370129    98.537    97.957 13 52993.21898905  3.923
 23 231.269923  66.357260    96.952    98.006 20 53028.21895078  5.069
 24 231.246403  66.365859    98.937   101.356 10 53063.21896119  2.212
 25 231.284525  66.333618    94.352    91.096 14 53098.21897162  2.124
 26 231.265911  66.347374    86.670    86.637  4 53133.21895550  0.848
 28 231.237311  66.369974    26.812    20.276 13 53203.21903510 32.311
 29 231.270923  66.355084    19.713    18.870 21 53238.21900011 32.969
 30 231.218987  66.373200    17.452    17.472 11 53273.21896454 38.902
 31 231.211840  66.386562    18.595    18.595  2 53308.21902628 44.117
 33 231.220396  66.373560    97.675    97.822 11 53378.21893091  3.844
 34 231.265151  66.350704    94.835    93.455 25 53413.21896107  4.327
 35 231.216517  66.373256    98.642    97.835 11 53448.21895438  1.673
 37 231.266432  66.348426    94.927    96.088 18 53518.21903368 14.531
 38 231.235947  66.369167    20.782    20.807 13 53553.21905983 28.391
 39 231.234504  66.386833    32.468    32.468  2 53588.21901293 41.687
 40 231.212866  66.373277    19.314    19.214 10 53623.21898259 38.000
 41 231.225623  66.373853    18.741    18.626 10 53658.21900964 44.812
 42 231.265805  66.350603    20.486    20.444 12 53693.21898563 32.544
 43 231.284437  66.346489    98.824    97.512 19 53728.21890761  2.900
 44 231.237541  66.368517    99.931    97.833 14 53763.21887126  3.278
 45 231.276784  66.349528    98.033    98.094 21 53798.21887636  4.057
 47 231.231147  66.370270    28.922    28.718 13 53868.21894119 36.578
 48 231.229906  66.376776    23.528    23.542  9 53903.21897431 46.956
 49 231.226440  66.371718    20.554    20.533 11 53938.21900956 22.889
 50 231.256241  66.360423    20.033    19.493 18 53973.21896900 30.926
 52 231.240745  66.367369    18.095    18.235  4 54043.21898233 43.232
 53 231.281215  66.338162    19.548    19.936 11 54078.21896972 38.279
 54 231.262333  66.365447    96.885    95.467 15 54113.21891330  7.703
 56 231.264545  66.361724   101.081   101.304 13 54183.21890147  2.473
 57 231.232350  66.369209    17.854    18.007 12 54218.21892998 22.334
 58 231.240280  66.367786    21.782    21.682 14 54253.21895476 46.727
 59 231.240777  66.373600    23.618    23.500  9 54288.21895975 44.258
 60 231.248570  66.364730    23.029    22.723 16 54323.21895525 23.207
 61 231.266965  66.360888    21.023    19.736 18 54358.21891114 22.037
 62 231.227587  66.381141    18.428    18.328  5 54393.21889907 29.962
 63 231.276718  66.343865    24.951    23.258 18 54428.21885789 19.437
 64 231.243214  66.361923    21.113    21.226  9 54463.21887358 15.278
 65 231.268627  66.350547    29.195    30.487 25 54498.21886853 11.501
 66 231.243738  66.365985   100.294   101.052  6 54533.21888803  1.244
 67 231.297051  66.330540    85.707    85.829  9 54568.21886858  2.862
 68 231.239268  66.368138   105.615   107.755 14 54603.21888362 14.400
 69 231.238987  66.372512    21.938    21.885 10 54638.21889520 50.131
 70 231.247917  66.364422    20.755    20.765 14 54673.21889653 32.273
 71 231.272350  66.351259    45.978    50.475 24 54708.21885218 17.501
 72 231.238882  66.368196    18.610    18.757 14 54743.21886312 26.763
 73 231.249260  66.368133    21.190    20.804 14 54778.21883790 22.753
 74 231.232049  66.370055    19.795    19.783 12 54813.21885709 16.443
 75 231.265877  66.353564    22.132    21.942 23 54848.21883467 12.001
 76 231.236797  66.368486   103.846   107.261 13 54883.21885998  2.282
 77 231.293006  66.332599    85.795    85.705 11 54918.21883265  2.308
 78 231.243931  66.361965    82.986    80.570  9 54953.21885316 12.277
 79 231.236699  66.368873    46.496    26.704 13 54988.21887868 18.113
 80 231.258606  66.358361    99.300   101.465 19 55023.21886819  8.526
 81 231.242426  66.371561    20.467    19.691 12 55058.21886655 42.568
 82 231.272415  66.352738    52.560    25.344 24 55093.21881712 16.854
 83 231.249370  66.359990    18.747    18.440  3 55128.21880467 41.438
 84 231.272249  66.345628    23.968    23.013 17 55163.21877731 22.320
 85 231.234715  66.369015    96.329    97.117 13 55198.21879808  8.882
 86 231.258464  66.362814    99.549   101.403 17 55233.21878512  5.453
 87 231.242087  66.367154    95.517    95.929 14 55268.21879220  3.438
 88 231.289576  66.338678    23.586    23.730 15 55303.21875983  3.774
 89 231.236446  66.375224    21.797    20.967 10 55338.21876737 47.077
 90 231.239724  66.374960    20.826    19.567 10 55373.21875780 48.392
 91 231.241735  66.366680    21.021    20.904 14 55408.21877705 28.325
 92 231.261578  66.354306    91.398    92.139 16 55443.21877174  8.088
 93 231.258930  66.369931    18.230    18.260 12 55478.21871350 48.281
