# NaN NaN NaN ;Mean Elev.(m), Avg Gradient(m/km), RMS Gradient(m/km) - SRTM1     
#   11.019  -9.662  26.597 ;Mean Elev.(m), Avg Gradient(m/km), RMS Gradient(m/km) - ASTER GDEM
#   29.197  -9.217  26.354 ;Mean Elev.(m), Avg Gradient(m/km), RMS Gradient(m/km) - GMTED2010 
 11 230.639498  66.627820   170.084   170.108  3 52590.83228487  6.645
 12 230.640387  66.628462   172.491   171.358  4 52625.83220967  3.014
 15 230.647744  66.625680    28.262    25.106  4 52730.83225771  7.492
 27 230.642222  66.626802   183.485   183.274  3 53150.83236872  5.058
 32 230.646088  66.626543   171.024   171.899  3 53325.83234638  2.700
 37 230.638843  66.627355   169.064   168.201  3 53500.83240519  3.388
 48 230.654082  66.625906   169.325   169.364  3 53885.83228654  1.483
 53 230.649119  66.625844   167.999   167.569  3 54060.83233147  2.198
 54 230.633370  66.629045   170.479   170.479  2 54095.83230534  4.477
 58 230.647540  66.624171    31.660    25.549  3 54235.83229217 19.180
 79 230.645925  66.625039   182.307   182.521  4 54970.83221602  5.101
 83 230.653366  66.626845   169.208   169.208  2 55110.83215575  3.134
 85 230.655336  66.622545   167.297   167.206  5 55180.83213361  2.862
 86 230.641135  66.626918   176.737   176.737  2 55215.83215312  1.009
