# NaN NaN NaN ;Mean Elev.(m), Avg Gradient(m/km), RMS Gradient(m/km) - SRTM1     
#  134.052  -0.483   3.453 ;Mean Elev.(m), Avg Gradient(m/km), RMS Gradient(m/km) - ASTER GDEM
#  143.000  -0.764   2.118 ;Mean Elev.(m), Avg Gradient(m/km), RMS Gradient(m/km) - GMTED2010 
  6 242.120708  61.412913   141.841   141.829  8 52437.19994467 49.963
  7 242.132774  61.407773   142.450   141.950  7 52472.19994460 23.518
  8 242.140472  61.405856   134.383   133.730  7 52507.19991909 27.533
  9 242.128960  61.410607   143.290   143.051  7 52542.19990258 21.133
 10 242.127532  61.409894   141.445   141.446  7 52577.19995248 47.781
 11 242.139659  61.406688   141.315   141.319  6 52612.19991514 43.911
 12 242.130774  61.409160   142.179   142.254  7 52647.19990068 22.845
 13 242.154270  61.400955   142.165   142.215  4 52682.19986910 15.417
 14 242.126016  61.410709   142.038   142.194  7 52717.19993067 12.759
 15 242.129472  61.410507   141.820   141.815  7 52752.19995568 34.820
 16 242.115514  61.412907   142.654   142.715  8 52787.19990158 46.874
 17 242.121286  61.412683   142.522   142.545  8 52822.19997398 49.955
 18 242.130085  61.409338   142.034   142.051  7 52857.20002019 51.760
 19 242.129510  61.409876   141.822   141.829  7 52892.20005244 51.494
 20 242.149457  61.401667   141.553   141.537  5 52927.20000218 46.532
 21 242.131068  61.409654   141.145   141.137  7 52962.19997385 45.888
 22 242.129672  61.409558   142.056   142.048  8 52997.20001584 22.119
 23 242.148733  61.402002   142.555   142.285  5 53032.19997241 15.561
 24 242.134785  61.407745   142.043   142.122  7 53067.19998426 15.336
 25 242.146652  61.404012   142.148   142.145  6 53102.19997721 14.328
 26 242.134530  61.407320   143.374   143.111  7 53137.19998706 25.753
 27 242.127895  61.409791   141.566   141.534  7 53172.20003538 48.133
 28 242.135167  61.406899   141.621   141.630  7 53207.20004902 51.473
 29 242.147390  61.403561   141.218   141.185  6 53242.20001570 41.977
 30 242.117494  61.413166   140.614   140.482  8 53277.19999120 35.152
 31 242.128016  61.410863   141.357   141.361  7 53312.20002634 49.616
 32 242.140832  61.407005   143.606   143.672  7 53347.19999104 15.400
 33 242.121082  61.412307   143.256   143.223  8 53382.19995545 14.635
 34 242.145004  61.405164   143.561   143.494  6 53417.19996922 11.265
 35 242.116780  61.414082   142.837   142.867  8 53452.19997171 19.105
 36 242.121087  61.412277   143.608   143.616  7 53487.20005660 26.072
 37 242.138004  61.407807   141.872   141.862  7 53522.20004659 50.566
 38 242.127133  61.410976   142.253   142.228  7 53557.20007238 37.568
 39 242.157913  61.399198   142.050   142.050  5 53592.20000618 44.463
 40 242.107522  61.416090   141.905   141.903  8 53627.20000095 45.049
 41 242.127161  61.409990   141.872   141.872  7 53662.20002452 45.487
 42 242.143593  61.404835   141.787   141.806  7 53697.19998902 46.568
 43 242.157786  61.399386   143.775   143.767  4 53732.19991026 20.980
 44 242.135912  61.408569   142.851   142.851  7 53767.19988773 14.439
 45 242.154557  61.399214   143.347   143.332  4 53802.19988575 14.119
 46 242.119675  61.412364   142.732   142.810  8 53837.19990008  7.597
 47 242.131736  61.408286   142.651   142.660  7 53872.19995209 51.639
 48 242.125830  61.410719   142.492   142.519  8 53907.19999305 47.666
 49 242.122710  61.411839   142.013   142.032  7 53942.20002046 48.557
 50 242.143783  61.405886   141.737   141.723  6 53977.19997231 47.407
 51 242.118235  61.413822   141.246   141.240  8 54012.19998006 51.507
 52 242.140322  61.406901   140.774   140.783  7 54047.19998958 47.120
 54 242.156559  61.398793   142.350   142.317  4 54117.19991226 14.106
 55 242.133244  61.408415   142.655   142.082  8 54152.19993497 12.713
 56 242.153126  61.400246   143.294   143.330  5 54187.19990576 13.474
 57 242.127085  61.410545   143.310   143.297  7 54222.19994536 31.355
 58 242.134963  61.408758   142.537   142.564  7 54257.19996733 51.525
 59 242.137077  61.407450   142.345   142.357  6 54292.19996908 37.145
 60 242.142430  61.405862   141.873   141.851  7 54327.19996504 51.316
 61 242.155476  61.399878   142.102   142.107  4 54362.19991351 49.538
 62 242.134652  61.407871   141.646   141.677  7 54397.19990540 50.472
 63 242.152210  61.400087   141.521   141.508  4 54432.19986331 44.150
 64 242.130544  61.409189   142.040   142.041  8 54467.19988724 23.468
 65 242.144798  61.405371   142.534   142.498  6 54502.19987917 15.048
 66 242.138831  61.406863   142.253   142.292  7 54537.19990199 15.499
 67 242.152118  61.400497   142.723   142.726  4 54572.19987990 17.352
 68 242.134324  61.408074   142.661   142.681  7 54607.19989603 51.935
 69 242.138901  61.406485   142.542   142.551  7 54642.19990436 51.931
 70 242.133423  61.409603   141.898   141.894  7 54677.19990708 50.463
 71 242.154862  61.399859   141.415   141.412  5 54712.19985895 41.548
 72 242.131202  61.409105   141.334   141.385  8 54747.19987546 37.156
 73 242.142429  61.405886   141.254   141.259  6 54782.19984621 46.609
 74 242.130841  61.409411   141.645   141.634  8 54817.19986839 18.944
 75 242.144055  61.405038   141.627   141.594  6 54852.19984378 14.365
 76 242.132593  61.408750   141.377   141.401  8 54887.19987242 13.408
 77 242.153630  61.399824   141.548   141.545  4 54922.19984314 17.436
 78 242.128001  61.410312   145.031   145.529  8 54957.19986947 32.176
 79 242.132134  61.408924   141.843   141.868  8 54992.19989191 50.538
 80 242.141513  61.405762   142.363   142.370  7 55027.19988159 49.593
 81 242.138185  61.407226   141.854   141.828  7 55062.19987488 51.778
 82 242.155190  61.399850   141.849   141.855  4 55097.19982118 48.741
 84 242.144604  61.405593   141.156   141.165  7 55167.19978468 43.915
 85 242.131342  61.409009   142.144   142.207  8 55202.19981077 15.654
 86 242.146360  61.404150   142.008   142.013  7 55237.19979135 14.885
 87 242.137034  61.407519   141.846   141.870  7 55272.19980446 10.369
 88 242.154349  61.400262   142.861   142.902  5 55307.19977280 31.245
 89 242.136348  61.407869   141.304   141.293  7 55342.19977450 50.782
 90 242.142691  61.405979   141.552   141.625  7 55377.19976748 31.600
 91 242.132353  61.408663   141.279   141.280  8 55412.19979196 37.982
 92 242.141310  61.406162   141.202   141.210  7 55447.19978232 48.046
 93 242.159050  61.399421   140.970   140.951  4 55482.19971095 34.639
