# NaN NaN NaN ;Mean Elev.(m), Avg Gradient(m/km), RMS Gradient(m/km) - SRTM1     
#   27.170 -35.821  95.331 ;Mean Elev.(m), Avg Gradient(m/km), RMS Gradient(m/km) - ASTER GDEM
#   60.009 -34.132  98.800 ;Mean Elev.(m), Avg Gradient(m/km), RMS Gradient(m/km) - GMTED2010 
  7 233.481826  65.199992    62.931    61.249  4 52476.82061336  9.737
  8 233.484291  65.199366    41.144    41.059  4 52511.82056118 16.489
  9 233.495792  65.197261    46.291    46.284  5 52546.82059066 36.910
 10 233.488181  65.198309   224.015   224.537  4 52581.82060576  4.670
 11 233.472378  65.201337    42.703    42.695  4 52616.82057693 23.848
 12 233.496111  65.196805   223.130   224.565  3 52651.82055284  0.998
 13 233.482663  65.202883   227.909   228.446  3 52686.82054595  0.640
 14 233.485843  65.198420    51.607    51.113  4 52721.82059513  8.746
 15 233.467460  65.201876    45.249    45.001  4 52756.82061784 31.209
 18 233.497076  65.195778    42.563    42.462  4 52861.82068268 33.001
 19 233.481005  65.200259    49.310    49.594  4 52896.82071237 12.169
 20 233.469235  65.200021    54.343    51.901  4 52931.82066001 23.084
 21 233.496430  65.196361    44.344    43.611  4 52966.82066055 13.368
 23 233.473024  65.202489   190.455   224.110  3 53036.82063704  0.814
 27 233.487470  65.198390    42.716    42.890  5 53176.82069560 45.833
 28 233.481269  65.198086    41.629    41.349  4 53211.82071547 17.895
 29 233.480598  65.200316    41.808    42.098  4 53246.82068355 29.426
 30 233.492500  65.195973    64.990    64.953  3 53281.82067127 13.260
 31 233.491132  65.198646   224.921   225.020  5 53316.82067849  4.717
 32 233.482896  65.198718   224.200   224.389  5 53351.82064433  2.307
 36 233.482057  65.200103    50.794    47.419  4 53491.82072561 28.105
 37 233.486750  65.195543    63.079    61.484  4 53526.82070742 13.133
 38 233.474655  65.199723    42.139    42.087  4 53561.82073590 32.172
 40 233.494826  65.197220    54.742    49.839  5 53631.82066975 12.501
 41 233.482956  65.199173    40.964    40.869  5 53666.82069248 47.900
 42 233.484083  65.199085   224.356   224.131  5 53701.82064093  3.529
 43 233.472339  65.199061   122.670   118.696  3 53736.82055129  2.836
 44 233.495617  65.198215   224.201   225.373  3 53771.82055786  1.014
 49 233.475253  65.200757    52.350    50.657  4 53946.82068290 12.729
 51 233.498274  65.196621    49.881    49.949  5 54016.82065133 29.495
 52 233.493486  65.196858    41.922    41.830  5 54051.82064918 28.457
 53 233.483458  65.201320   129.455   129.778  4 54086.82064065  2.648
 54 233.465689  65.200833   223.434   223.595  4 54121.82056586  2.005
 55 233.486717  65.200359   225.381   225.597  4 54156.82060119  0.702
 56 233.474998  65.203681   227.448   227.448  2 54191.82056378  0.541
 57 233.489091  65.199920   224.439   225.793  3 54226.82061261  0.839
 58 233.487836  65.198464    52.296    52.816  4 54261.82063235 36.232
 59 233.484725  65.198445    48.035    48.203  4 54296.82063719 42.500
 60 233.480218  65.197940    47.877    50.456  3 54331.82062836 14.298
 62 233.485763  65.199559    41.004    40.993  4 54401.82057048 37.085
 63 233.477183  65.201107   225.104   225.603  4 54436.82052767  1.938
 68 233.484944  65.198133    51.931    52.697  4 54611.82056138 38.969
 69 233.485227  65.199056    64.836    62.268  4 54646.82056851  8.267
 70 233.482409  65.199353    45.061    43.005  4 54681.82056932 13.353
 72 233.489662  65.198445    56.317    52.737  5 54751.82054119 17.304
 73 233.476833  65.199405    43.643    43.578  4 54786.82050828 18.097
 74 233.495321  65.202177   228.362   228.362  2 54821.82053412  0.435
 78 233.487847  65.198730    53.368    53.379  5 54961.82053685 28.971
 79 233.482950  65.199624    49.164    49.093  4 54996.82055812 26.758
 80 233.484240  65.199883   137.184   137.728  4 55031.82054770  3.450
 82 233.468718  65.199578    54.549    52.320  4 55101.82047802 19.748
 83 233.489056  65.198995   224.769   224.644  5 55136.82048321  2.954
 84 233.477127  65.200797    41.899    41.876  4 55171.82044518 19.041
 85 233.485679  65.194236   107.752   110.562  3 55206.82047791  5.293
 89 233.484387  65.199287    49.288    44.997  4 55346.82044056 16.852
 92 233.478976  65.199716    47.188    48.235  5 55451.82044281 35.487
 93 233.471293  65.200030    49.721    49.976  4 55486.82036614 16.365
