# NaN NaN NaN ;Mean Elev.(m), Avg Gradient(m/km), RMS Gradient(m/km) - SRTM1     
#    8.242  -1.819   8.990 ;Mean Elev.(m), Avg Gradient(m/km), RMS Gradient(m/km) - ASTER GDEM
#   11.522  -2.459   8.531 ;Mean Elev.(m), Avg Gradient(m/km), RMS Gradient(m/km) - GMTED2010 
  7 229.467758  67.314939    13.633    13.713 12 52452.22113023 36.830
  8 229.481992  67.313979    12.417    12.337 13 52487.22111107 33.825
  9 229.487247  67.312954    69.261    68.045 13 52522.22108126  5.437
 11 229.472140  67.314951    11.435    11.423 12 52592.22112809 38.928
 12 229.466001  67.316630    11.486    11.502 12 52627.22104566 32.821
 13 229.476294  67.313847    65.400    64.972 12 52662.22109102 16.224
 14 229.457583  67.317312    67.321    67.537 11 52697.22106930 15.575
 15 229.489297  67.311124    66.144    64.587 13 52732.22109048 10.937
 16 229.489132  67.312594    71.445    71.945 13 52767.22109979  7.612
 17 229.456361  67.316931    69.249    69.516 10 52802.22111062  9.543
 18 229.465994  67.315639    69.258    69.043 12 52837.22117537  7.843
 19 229.472382  67.315136    11.899    11.897 12 52872.22121542 28.035
 20 229.484639  67.313370    11.746    10.738 13 52907.22120472 22.832
 21 229.463298  67.315275     9.804     9.806 11 52942.22113419 46.498
 23 229.477607  67.313580    69.065    66.917 12 53012.22118899  8.430
 24 229.460168  67.316795    70.013    67.334 11 53047.22115711  9.352
 25 229.473611  67.314357    68.891    65.927 12 53082.22119103  8.502
 26 229.456637  67.317390    69.973    68.595 11 53117.22116253  7.571
 27 229.465407  67.315621    75.014    76.432 12 53152.22121110 13.248
 28 229.482072  67.312500    69.921    69.658 13 53187.22119705  8.616
 29 229.484220  67.312873    11.102    11.103 12 53222.22121968 49.611
 30 229.486406  67.312742    10.000     9.881 13 53257.22119563 50.231
 31 229.449782  67.319128     9.588     9.595 10 53292.22121510 48.557
 32 229.482561  67.312876    11.307    11.324 13 53327.22118718 25.828
 35 229.492562  67.311031    68.051    65.647 13 53432.22115477  9.311
 36 229.460383  67.315783    67.853    66.471 11 53467.22119150 10.079
 37 229.470631  67.313860    76.737    76.953 12 53502.22124380  9.726
 38 229.479820  67.313211    13.730    14.380 13 53537.22123601 35.996
 39 229.476260  67.313445    68.012    67.016 12 53572.22124044  7.145
 40 229.495913  67.310614    11.616    11.622 13 53607.22118818 44.651
 41 229.456797  67.317121    69.918    69.312 10 53642.22119114  6.524
 42 229.470468  67.314800    10.635    10.668 13 53677.22120924 46.628
 43 229.495524  67.311560    11.238    11.245 13 53712.22113702 20.182
 44 229.457365  67.316963    10.822    10.838 11 53747.22105113 18.560
 45 229.483271  67.313018    69.251    66.535 13 53782.22108072  7.402
 46 229.508235  67.306679    70.554    72.043 15 53817.22104456  6.893
 48 229.485777  67.311327    71.642    75.050 11 53887.22112435 14.062
 49 229.462650  67.315572    70.877    70.197 11 53922.22119736  7.620
 50 229.471817  67.314496    64.469    65.764 12 53957.22119171  9.333
 51 229.453062  67.317665    10.886    10.944 10 53992.22111612 49.067
 52 229.461919  67.316584     9.926     9.928 12 54027.22117914 43.591
 53 229.483856  67.313235    66.827    64.702 13 54062.22117136 16.275
 55 229.455344  67.319967    61.119    61.895  9 54132.22109560 12.754
 56 229.484379  67.312807    67.352    64.636 13 54167.22111520 12.582
 57 229.462205  67.316022    68.075    67.035 11 54202.22109808 11.267
 58 229.473900  67.314074    17.091    17.083 12 54237.22113320 39.871
 59 229.479703  67.313199    69.643    69.316 13 54272.22115236 10.305
 60 229.475582  67.313608    13.957    13.960 12 54307.22115473 32.939
 61 229.491523  67.310650    11.938    11.860 13 54342.22113386 39.615
 62 229.467650  67.315667    66.953    67.011 12 54377.22109035 16.203
 63 229.479163  67.313507    14.076    14.107 12 54412.22108180 31.420
 64 229.455618  67.320651    10.423    10.355  8 54447.22105675 19.523
 66 229.463397  67.316017    66.632    65.638 11 54517.22106965 12.041
 67 229.485491  67.313739    66.341    64.349 13 54552.22108678 10.869
 69 229.477514  67.313685    14.442    14.488 13 54622.22108304 38.577
 70 229.475144  67.314052    68.554    67.418 13 54657.22109270 11.263
 71 229.482295  67.313496    12.303    12.299 13 54692.22107569 29.170
 72 229.466112  67.315184    10.571    10.592 12 54727.22104570 37.668
 73 229.476259  67.314276    10.033    10.063 13 54762.22105305 41.868
 74 229.453262  67.320480    10.927    10.934  9 54797.22104014 20.837
 75 229.477381  67.313828    66.861    64.895 12 54832.22104261 13.953
 76 229.460369  67.317513    67.036    66.408 11 54867.22103512 13.139
 77 229.483269  67.313336    67.420    64.694 13 54902.22105240 11.025
 78 229.469000  67.314995    68.961    65.930 13 54937.22102451  9.603
 79 229.473144  67.314203    76.111    75.933 13 54972.22105709 14.663
 80 229.478094  67.313075    70.080    68.885 13 55007.22107407  5.963
 81 229.477536  67.313181    12.610    12.593 12 55042.22106288 49.753
 82 229.484543  67.314010    12.424    12.418 13 55077.22104251 50.015
 83 229.467687  67.315811    67.650    66.594 12 55112.22099603 17.136
 84 229.476038  67.314134    11.930    11.870 12 55147.22099695 32.291
 85 229.454002  67.321497    63.554    64.307  8 55182.22097724 14.683
 86 229.479684  67.314143    67.361    65.149 13 55217.22099269 14.342
 87 229.466574  67.315340    66.499    65.384 11 55252.22097203 14.507
 88 229.487555  67.311579    68.082    64.636 13 55287.22098436 11.848
 89 229.475308  67.313960    71.325    70.338 13 55322.22096069  9.463
 90 229.477446  67.314019    12.112    12.108 12 55357.22096000 46.879
 91 229.466871  67.315457    70.534    70.439 12 55392.22096258  6.507
 92 229.477106  67.313389    12.120    12.062 12 55427.22097631 24.640
 93 229.492344  67.311081    12.027    11.239 13 55462.22094090 40.288
