# NaN NaN NaN ;Mean Elev.(m), Avg Gradient(m/km), RMS Gradient(m/km) - SRTM1     
#   90.753  -0.666  27.564 ;Mean Elev.(m), Avg Gradient(m/km), RMS Gradient(m/km) - ASTER GDEM
#   97.709  -0.164  27.429 ;Mean Elev.(m), Avg Gradient(m/km), RMS Gradient(m/km) - GMTED2010 
  9 236.665946  62.258466   104.175   104.201  3 52534.80521601 35.552
 11 236.652468  62.267851   103.436   103.463  4 52604.80522444 44.189
 12 236.663058  62.261940   105.050   105.157  3 52639.80520877 40.649
 13 236.652753  62.264880   106.892   105.268  4 52674.80520292 22.238
 14 236.663596  62.263790   107.186   107.186  2 52709.80522039 16.120
 15 236.645596  62.263836   104.230   104.230  2 52744.80524963 19.129
 17 236.663541  62.260377   106.339   106.332  4 52814.80526899 49.579
 18 236.663513  62.260969   105.413   105.640  3 52849.80532138 46.497
 19 236.655846  62.266858   104.029   104.052  4 52884.80535583 49.535
 22 236.664217  62.259660   106.706   106.665  3 52989.80528776 21.390
 23 236.658457  62.263968   105.405   105.351  3 53024.80526537 14.776
 24 236.666169  62.259820   104.347   104.382  3 53059.80526583 13.731
 25 236.646012  62.269971   137.135   135.199  3 53094.80530085  3.108
 28 236.657953  62.262562   104.870   104.922  4 53199.80534468 50.569
 29 236.659440  62.262219   102.988   103.009  3 53234.80531467 21.258
 30 236.665967  62.256249   124.843   124.843  2 53269.80527985 22.151
 31 236.657358  62.264040   103.592   103.770  3 53304.80534058 48.644
 32 236.653963  62.266295   106.342   104.630  4 53339.80530885 22.593
 33 236.651878  62.269170   104.697   104.681  4 53374.80523953 16.393
 34 236.662388  62.262367   105.964   105.417  3 53409.80528343 11.982
 36 236.657258  62.263784   111.398   106.416  3 53479.80534636  7.872
 38 236.651263  62.267188   108.913   107.622  4 53549.80537173 12.874
 39 236.655206  62.264885   104.433   104.522  4 53584.80533372 25.746
 43 236.649678  62.268182   105.671   105.643  3 53724.80523582 29.798
 44 236.670216  62.258005   105.816   105.824  3 53759.80518075 30.689
 45 236.656099  62.265064   105.832   105.872  3 53794.80519816 29.858
 46 236.669820  62.258972   105.105   105.146  3 53829.80517593 20.880
 48 236.660442  62.265657   167.189   167.225  3 53899.80527945  6.816
 49 236.649924  62.267354   107.656   107.661  4 53934.80532236 43.805
 50 236.650062  62.267492   103.625   103.752  4 53969.80529200 16.409
 52 236.664340  62.261212   103.691   103.633  3 54039.80529945 42.426
 54 236.646100  62.269848   104.008   104.008  2 54109.80523729 17.724
 59 236.656978  62.263954   108.371   108.090  3 54284.80527465 16.951
 62 236.658359  62.262568   104.232   104.293  4 54389.80521263 28.016
 67 236.651685  62.269937   104.174   104.174  2 54564.80519548 12.334
 70 236.656383  62.266637   105.748   105.721  4 54669.80521296 50.977
 72 236.661413  62.261396   105.298   105.203  3 54739.80517667 22.658
 73 236.654142  62.264719   103.960   103.947  4 54774.80515776 42.557
 74 236.664584  62.261769   104.837   104.725  3 54809.80517001 22.725
 75 236.654216  62.266062   115.648   112.305  3 54844.80515596 12.423
 77 236.649899  62.268828   104.310   104.262  4 54914.80515946 12.245
 83 236.660961  62.262952   104.166   104.186  3 55124.80512008 49.872
 84 236.653986  62.267654   105.246   105.203  4 55159.80510265 32.863
 85 236.663668  62.261464   105.807   105.800  3 55194.80511035 20.408
 86 236.651684  62.268552   104.950   105.010  4 55229.80510504 19.188
 87 236.659414  62.263398   119.195   123.027  3 55264.80510542  8.016
 88 236.652031  62.267718   127.746   127.479  4 55299.80508745  6.119
 90 236.656655  62.264796   106.286   106.423  3 55369.80507307 47.528
