# NaN NaN NaN ;Mean Elev.(m), Avg Gradient(m/km), RMS Gradient(m/km) - SRTM1     
#   16.413  -3.223   4.997 ;Mean Elev.(m), Avg Gradient(m/km), RMS Gradient(m/km) - ASTER GDEM
#    8.529  -3.186   4.844 ;Mean Elev.(m), Avg Gradient(m/km), RMS Gradient(m/km) - GMTED2010 
  8 225.973833  67.582793    11.856    14.626  3 52497.84803195 19.224
 10 225.985043  67.579172     4.403     4.392  3 52567.84804471 45.668
 11 225.969288  67.585213     4.484     4.448  4 52602.84804241 27.656
 12 225.984955  67.579351     3.851     3.783  3 52637.84801502 25.247
 13 225.974132  67.583819     6.353     3.624  4 52672.84801547 18.924
 14 225.985472  67.580141    17.155    15.336  4 52707.84802169  9.485
 15 225.971372  67.584708    17.221    14.823  3 52742.84805215  8.264
 17 225.986139  67.578997    31.840    39.105  3 52812.84807296 19.695
 18 225.986826  67.579269    15.415    15.893  4 52847.84812696 19.965
 19 225.974842  67.581877    14.425    14.444  4 52882.84816314 24.059
 20 225.971888  67.583649     7.643     4.306  3 52917.84811972 19.968
 21 225.992938  67.576479     5.622     5.610  4 52952.84808241 37.847
 22 225.985869  67.579583    14.929    15.040  3 52987.84809404 10.649
 23 225.976725  67.582597    31.853    36.452  3 53022.84808176  6.500
 24 225.986410  67.577774    19.915    20.236  4 53057.84807568  6.080
 25 225.962754  67.586109    23.829    24.734  4 53092.84811280  4.413
 26 225.984534  67.575062    38.192    38.192  2 53127.84808509  0.175
 28 225.979114  67.580725     4.610     4.534  3 53197.84814914 48.637
 29 225.979948  67.581089     5.767     2.695  3 53232.84812504 33.287
 30 225.963274  67.587361    14.897    14.895  4 53267.84809269 33.321
 31 225.978701  67.581124     4.768     4.878  3 53302.84814957 41.299
 32 225.974240  67.582929    21.504    22.022  4 53337.84811913 13.630
 35 225.965355  67.585822    35.056    35.008  4 53442.84807681  7.167
 36 225.978703  67.580822    22.327    18.452  4 53477.84815015  7.117
 37 225.978249  67.581758    37.885    38.002  3 53512.84816065 19.884
 38 225.971557  67.584972    24.899    23.954  3 53547.84817825 21.937
 39 225.974127  67.583586    13.703    14.288  4 53582.84814651 34.871
 40 225.963116  67.586780     8.658     5.405  3 53617.84810210 21.249
 41 225.981476  67.579266    15.466    15.571  4 53652.84812288 24.133
 42 225.973559  67.582675     4.506     4.467  3 53687.84812365 19.594
 43 225.967185  67.584673     5.534     4.318  4 53722.84804864 14.180
 44 225.992911  67.577649    23.217    23.217  2 53757.84798457 12.820
 45 225.976586  67.581615    12.523    13.828  4 53792.84800747 12.278
 46 225.993845  67.577362    40.580    40.921  4 53827.84797575  6.384
 47 225.980700  67.580080    38.932    38.987  3 53862.84806079  1.505
 48 225.981287  67.580729    38.252    38.411  3 53897.84808329 15.854
 49 225.969613  67.584427    21.089    23.091  3 53932.84813022 15.698
 50 225.969909  67.585189     4.782     4.795  3 53967.84810349 41.432
 51 225.993418  67.575988    36.752    39.647  4 54002.84807168 19.446
 52 225.983982  67.579467     4.334     4.370  3 54037.84810803 45.271
 53 225.976658  67.581498    14.535    14.587  4 54072.84810242 15.003
 54 225.962914  67.586271    14.741    14.775  4 54107.84805040 11.953
 55 225.983557  67.579809    14.508    14.724  3 54142.84803783 10.043
 56 225.970035  67.585527    14.600    14.732  4 54177.84803332  8.447
 57 225.980556  67.579730    18.579    13.030  3 54212.84804534  7.889
 58 225.979415  67.580778    11.803     8.461  4 54247.84807380 31.659
 60 225.976167  67.581603     5.328     5.358  3 54317.84808100 50.317
 61 225.969964  67.584245     9.982     9.977  4 54352.84804599 22.077
 62 225.980593  67.581058    25.261    21.845  3 54387.84802074 15.107
 63 225.972863  67.584585    10.828    10.611  4 54422.84799573 19.064
 64 225.987223  67.578365    14.816    15.215  4 54457.84799515 14.055
 65 225.973521  67.583307    20.594    21.985  3 54492.84799902 10.228
 66 225.984192  67.579854    26.004    22.068  4 54527.84800775  9.565
 67 225.968757  67.584217    33.853    35.670  4 54562.84800663  6.218
 68 225.977785  67.581102    35.324    37.722  4 54597.84800322  3.902
 69 225.977176  67.581742     5.992     6.221  3 54632.84801643 44.415
 70 225.975291  67.582029     6.143     6.200  3 54667.84802188 47.518
 71 225.971658  67.584664     7.402     3.977  3 54702.84798743 40.329
 72 225.983678  67.578558    15.240    15.282  4 54737.84798341 26.753
 73 225.973934  67.583113    12.202    14.188  4 54772.84796883 19.371
 74 225.985752  67.579788    11.905    14.098  4 54807.84797675 15.656
 75 225.976106  67.583492    29.865    29.677  4 54842.84796561  9.166
 76 225.980034  67.581220    35.036    36.872  4 54877.84797907  6.498
 77 225.968446  67.585295    35.705    35.429  3 54912.84797016  6.178
 79 225.977046  67.581967     9.146     9.273  4 54982.84799687 44.470
 80 225.978015  67.582012    21.670    24.584  3 55017.84799545 16.105
 81 225.975974  67.581898    14.883    14.733  4 55052.84799087 20.829
 82 225.968561  67.585766    26.435    29.545  3 55087.84795310 19.177
 83 225.982674  67.579169     3.678     3.738  3 55122.84792701 40.594
 84 225.971825  67.584227    14.643    14.893  3 55157.84791406 16.370
 85 225.984839  67.578649    11.356    12.072  4 55192.84791665 12.914
 86 225.970947  67.584292    28.760    35.885  3 55227.84791549 10.851
 87 225.980412  67.581846    18.372    13.336  4 55262.84791178  9.474
 88 225.969585  67.583835    35.634    35.616  4 55297.84789941  6.902
 89 225.975841  67.583390    32.733    36.046  3 55332.84789044 20.963
 90 225.975200  67.582706    28.798    30.846  4 55367.84788270 21.594
 91 225.983299  67.578671    27.800    27.398  4 55402.84789821 27.405
 92 225.974536  67.581889    23.704    25.774  4 55437.84790059 29.096
 93 225.967797  67.584869     3.595     3.643  4 55472.84784926 40.125
