# NaN NaN NaN ;Mean Elev.(m), Avg Gradient(m/km), RMS Gradient(m/km) - SRTM1     
# NaN NaN NaN ;Mean Elev.(m), Avg Gradient(m/km), RMS Gradient(m/km) - ASTER GDEM
#   14.394 -10.338  20.893 ;Mean Elev.(m), Avg Gradient(m/km), RMS Gradient(m/km) - GMTED2010 
  8    15.745 52507.83809988 15.48 229.278282  67.337103  9.351
  8    17.634 52507.83810053 16.16 229.274742  67.334043  9.351
 10    88.581 52577.83813392 14.75 229.282664  67.336652  5.833
 10    87.885 52577.83813456 13.73 229.279134  67.333592  5.833
 11    89.427 52612.83809843 13.08 229.273927  67.338231  3.940
 11    88.780 52612.83809908 12.04 229.270397  67.335171  3.940
 11    87.860 52612.83809972 11.04 229.266867  67.332111  3.940
 12    88.185 52647.83808128 13.37 229.292097  67.338036  4.050
 12    88.324 52647.83808193 12.15 229.288567  67.334976  4.050
 12    87.138 52647.83808257 11.77 229.285037  67.331916  4.050
 13    89.324 52682.83805525 11.86 229.284775  67.337612  3.354
 13    88.414 52682.83805589 11.57 229.281245  67.334552  3.354
 13    87.722 52682.83805654 11.76 229.277715  67.331492  3.354
 14    88.755 52717.83811275  7.93 229.285612  67.336431  2.989
 14    88.986 52717.83811339  7.37 229.282082  67.333371  2.989
 15    12.868 52752.83813762  6.96 229.265687  67.340595  6.113
 15    14.641 52752.83813827  2.20 229.262157  67.337535  6.113
 15    14.577 52752.83813891  1.24 229.258627  67.334475  6.113
 19    12.724 52892.83823421 20.83 229.279813  67.336238 11.461
 19    17.437 52892.83823486 17.20 229.276283  67.333178 11.461
 22    90.233 52997.83820029  9.39 229.280436  67.337026  2.874
 22    89.594 52997.83820093  9.10 229.276906  67.333966  2.874
 23    92.256 53032.83815615  7.26 229.270677  67.339830  2.667
 23    92.026 53032.83815680  7.18 229.267147  67.336770  2.667
 24    89.563 53067.83816826  6.57 229.291000  67.337772  2.418
 24    88.927 53067.83816890  5.91 229.287460  67.334712  2.418
 25    92.427 53102.83815869  3.16 229.266436  67.339384  2.294
 25    92.879 53102.83815933  3.48 229.262906  67.336324  2.294
 25    92.920 53102.83815998  3.63 229.259376  67.333264  2.294
 26    16.639 53137.83817173 26.42 229.294145  67.336422 16.241
 26    16.642 53137.83817238 21.83 229.290605  67.333362 16.241
 26    15.385 53137.83817302 35.96 229.287075  67.330302 16.241
 30    88.121 53277.83817411  8.95 229.301764  67.336905  5.461
 30    87.127 53277.83817475  8.03 229.298224  67.333845  5.461
 31    90.145 53312.83820648 11.71 229.285877  67.337889  4.295
 31    88.597 53312.83820713 11.04 229.282347  67.334829  4.295
 32    90.523 53347.83817236 11.57 229.282450  67.337881  3.650
 32    88.827 53347.83817300 11.02 229.278920  67.334821  3.650
 32    88.538 53347.83817364 10.24 229.275390  67.331761  3.650
 33    88.687 53382.83813842  8.15 229.300148  67.336585  2.462
 33    88.578 53382.83813907  7.73 229.296608  67.333525  2.462
 34    90.214 53417.83815130  7.81 229.290847  67.337324  2.286
 34    89.565 53417.83815194  6.68 229.287317  67.334264  2.286
 39    88.842 53592.83819125  9.55 229.280274  67.337301 10.841
 39    85.402 53592.83819189 10.69 229.276744  67.334241 10.841
 39    14.919 53592.83819254 15.03 229.273214  67.331181 10.841
 43    91.290 53732.83809310  2.82 229.274222  67.338855  2.658
 43    89.912 53732.83809374  1.95 229.270692  67.335795  2.658
 45    90.473 53802.83807005  6.86 229.276734  67.336967  2.616
 45    89.941 53802.83807069  5.89 229.273204  67.333907  2.616
 49    13.794 53942.83820178 11.91 229.274271  67.337617  4.675
 49    14.865 53942.83820242 12.76 229.270731  67.334557  4.675
 50    17.238 53977.83815425 37.40 229.270268  67.337816 21.651
 50    16.811 53977.83815489 28.27 229.266728  67.334756 21.651
 52    88.485 54047.83817196 14.90 229.291270  67.335299  4.855
 52    87.312 54047.83817260 13.86 229.287730  67.332239  4.855
 54    91.665 54117.83809506 11.27 229.268779  67.340420  3.538
 54    90.317 54117.83809570 11.56 229.265249  67.337360  3.538
 54    92.632 54117.83809635 10.07 229.261709  67.334300  3.538
 55    88.509 54152.83811759 10.26 229.284153  67.337887  2.690
 55    88.204 54152.83811823  9.80 229.280613  67.334827  2.690
 55    87.235 54152.83811888  8.52 229.277083  67.331767  2.690
 56    90.925 54187.83808925  9.12 229.271121  67.338976  2.962
 56    89.548 54187.83808990  8.97 229.267591  67.335916  2.962
 56    90.055 54187.83809054  7.96 229.264061  67.332856  2.962
 60    15.567 54327.83814770 40.71 229.282298  67.337978 13.511
 60    11.642 54327.83814834 44.73 229.278758  67.334918 13.511
 60    17.152 54327.83814899 25.30 229.275228  67.331858 13.511
 62    88.709 54397.83808743 13.44 229.289538  67.337431  4.081
 62    88.191 54397.83808807 13.24 229.285998  67.334371  4.081
 62    87.143 54397.83808871 11.91 229.282468  67.331311  4.081
 63    90.526 54432.83804620 12.32 229.275770  67.338951  3.284
 63    89.735 54432.83804684 10.02 229.272240  67.335891  3.284
 63    88.617 54432.83804749  9.09 229.268710  67.332821  3.284
 65    91.100 54502.83806202  8.23 229.276641  67.337660  2.799
 65    89.969 54502.83806267  8.37 229.273111  67.334600  2.799
 66    90.352 54537.83808511  6.91 229.284999  67.337662  2.474
 66    90.202 54537.83808575  6.89 229.281469  67.334602  2.474
 67    91.448 54572.83806304  5.16 229.274293  67.338746  2.511
 67    90.860 54572.83806368  5.53 229.270763  67.335686  2.511
 67    89.618 54572.83806433  6.26 229.267233  67.332626  2.511
 69    15.690 54642.83808722 43.87 229.280604  67.336951 15.877
 69    15.999 54642.83808787 45.99 229.277074  67.333891 15.877
 71    15.548 54712.83804252 42.88 229.271993  67.337786 17.291
 71    14.977 54712.83804317 44.54 229.268463  67.334726 17.291
 73    90.919 54782.83802895 10.31 229.281650  67.338753  4.068
 73    89.259 54782.83802959  8.43 229.278120  67.335693  4.068
 73    87.984 54782.83803024  7.15 229.274590  67.332633  4.068
 74    89.035 54817.83805066  9.79 229.287788  67.335517  3.190
 74    88.879 54817.83805130  9.58 229.284248  67.332457  3.190
 76    90.890 54887.83805484  8.77 229.284912  67.338499  2.586
 76    89.644 54887.83805548  8.71 229.281372  67.335439  2.586
 77    91.522 54922.83802680  7.68 229.266491  67.338958  2.697
 77    92.878 54922.83802744  7.71 229.262961  67.335898  2.697
 81    90.237 55062.83805689 11.41 229.283554  67.338003 10.402
 81    88.206 55062.83805754 11.60 229.280024  67.334943 10.402
 81    15.634 55062.83805818 13.91 229.276494  67.331883 10.402
 83    88.763 55132.83800062 17.37 229.288548  67.337728  4.467
 83    88.621 55132.83800126 16.01 229.285008  67.334668  4.467
 83    87.732 55132.83800191 15.88 229.281478  67.331608  4.467
 84    89.483 55167.83796698 14.65 229.277000  67.336280  3.837
 84    88.230 55167.83796762 14.48 229.273470  67.333220  3.837
 85    89.314 55202.83799287 13.61 229.288680  67.338081  3.375
 85    89.316 55202.83799352 13.05 229.285150  67.335021  3.375
 85    89.915 55202.83799416 12.30 229.281620  67.331961  3.375
 86    89.985 55237.83797426 12.07 229.274103  67.338529  3.308
 86    89.107 55237.83797491 11.44 229.270573  67.335469  3.308
 86    88.444 55237.83797555 10.98 229.267043  67.332409  3.308
 87    89.149 55272.83798721 11.28 229.280379  67.336089  3.367
 87    88.184 55272.83798786 10.46 229.276849  67.333029  3.367
 88    90.451 55307.83795638 10.76 229.272280  67.339356 11.951
 88    90.183 55307.83795702  8.68 229.268750  67.336296 11.951
 88    87.725 55307.83795767 11.49 229.265220  67.333236 11.951
 91    15.158 55412.83797477 40.64 229.288219  67.335300 16.780
 91    11.734 55412.83797541 44.98 229.284679  67.332240 16.780
 92    14.516 55447.83796445 40.95 229.281726  67.338242 14.042
 92     9.693 55447.83796509 41.79 229.278196  67.335182 14.042
 92    14.158 55447.83796574 22.50 229.274666  67.332122 14.042
 93    89.576 55482.83789383 16.59 229.268450  67.339898  6.437
 93    88.815 55482.83789447 14.94 229.264920  67.336838  6.437
