# NaN NaN NaN ;Mean Elev.(m), Avg Gradient(m/km), RMS Gradient(m/km) - SRTM1     
#    8.082 -16.671  42.617 ;Mean Elev.(m), Avg Gradient(m/km), RMS Gradient(m/km) - ASTER GDEM
#   19.093 -16.451  42.340 ;Mean Elev.(m), Avg Gradient(m/km), RMS Gradient(m/km) - GMTED2010 
  6    70.772 52418.83614522 10.28 229.777380  67.137918  5.704
  6    70.425 52418.83614587 10.68 229.773900  67.134858  5.704
  6    69.892 52418.83614651 11.68 229.770420  67.131788  5.704
  6    23.446 52418.83615167  3.74 229.742620  67.107268  5.704
  6    24.126 52418.83615231  2.41 229.739152  67.104204 10.030
  6    23.824 52418.83615296  5.93 229.735682  67.101134 10.030
  6    30.057 52418.83615360  7.20 229.732212  67.098074 10.030
  7    21.213 52453.83616966 14.73 229.778206  67.145523 21.868
  7    21.956 52453.83617030 14.71 229.774726  67.142463 21.868
  7    21.813 52453.83617095 13.74 229.771246  67.139393 21.868
  7    20.549 52453.83617159 12.87 229.767766  67.136333 21.868
  7    21.910 52453.83617224 13.52 229.764296  67.133263 21.868
  7    21.433 52453.83617288 13.10 229.760809  67.130197 11.706
  7    21.947 52453.83617353 11.60 229.757339  67.127137 11.706
  7    21.169 52453.83617417 11.70 229.753859  67.124067 11.706
  7    60.178 52453.83617482 12.07 229.750389  67.121007 11.706
  7    58.223 52453.83617546 12.29 229.746909  67.117937 11.706
  7    67.549 52453.83617610 11.27 229.743439  67.114877 11.706
  7    62.111 52453.83617675 11.02 229.739969  67.111807 11.706
  7    72.603 52453.83617739 10.88 229.736499  67.108737 11.706
  7    19.792 52453.83617804 10.85 229.733029  67.105677 11.706
  7    77.634 52453.83617868  9.91 229.729549  67.102607 11.706
  9    16.264 52523.83612255 12.49 229.775650  67.148678  7.794
  9    16.525 52523.83612319 12.80 229.772170  67.145618  7.794
  9    16.372 52523.83612384 12.03 229.768690  67.142548  7.794
  9    16.965 52523.83612448 11.84 229.765210  67.139488  7.794
  9    16.910 52523.83612513 11.67 229.761730  67.136418  7.794
  9    17.694 52523.83612577 10.75 229.758250  67.133358  7.794
  9    17.746 52523.83612642 12.12 229.754780  67.130288  7.794
  9    17.522 52523.83612706 14.41 229.751300  67.127218  7.794
  9    17.516 52523.83612771 15.50 229.747830  67.124158  7.794
  9    17.427 52523.83612835 19.03 229.744360  67.121088  7.794
  9    15.895 52523.83612900 25.67 229.740880  67.118028  7.794
  9    17.084 52523.83612964 16.58 229.737410  67.114958  7.794
  9    15.244 52523.83613029 13.54 229.733940  67.111888  7.794
  9    15.390 52523.83613093 13.64 229.730470  67.108828  7.794
 10    67.485 52558.83617381 12.91 229.781490  67.140322  6.357
 10    67.608 52558.83617446 17.70 229.778010  67.137262  6.357
 10    67.995 52558.83617575 15.55 229.771050  67.131132  6.357
 10    67.784 52558.83617639 14.66 229.767570  67.128062  6.357
 10    68.384 52558.83617704 13.12 229.764090  67.125002  6.357
 10    66.071 52558.83617768 13.57 229.760620  67.121932  6.357
 10    65.850 52558.83617833 13.32 229.757140  67.118872  6.357
 10    67.498 52558.83617897 11.81 229.753670  67.115802  6.357
 10    64.125 52558.83617962 12.71 229.750190  67.112742  6.357
 10    63.586 52558.83618026 12.25 229.746720  67.109672  6.357
 10    70.188 52558.83618091 11.00 229.743250  67.106612  6.357
 10    69.827 52558.83618155 10.89 229.739780  67.103542  6.357
 10    73.878 52558.83618220 10.72 229.736310  67.100472  6.357
 10    76.341 52558.83618284 11.03 229.732840  67.097412  6.357
 10    78.197 52558.83618348 11.24 229.729370  67.094342  6.357
 10    79.184 52558.83618413 11.43 229.725900  67.091282  6.357
 11    67.518 52593.83617681 14.63 229.764571  67.135430 11.253
 11    15.121 52593.83617875 40.11 229.754141  67.126230 11.253
 11    15.161 52593.83617939 33.04 229.750661  67.123170 11.253
 11    16.670 52593.83618004 25.42 229.747191  67.120100 11.253
 11    17.182 52593.83618068 26.91 229.743711  67.117040 11.253
 11    18.024 52593.83618133 25.82 229.740241  67.113970 11.253
 11    18.479 52593.83618197 29.55 229.736771  67.110910 11.253
 11    16.823 52593.83618262 26.58 229.733301  67.107840 11.253
 11    18.364 52593.83618326 23.71 229.729831  67.104770 11.253
 12    65.199 52628.83610442 20.17 229.778939  67.124556  8.418
 12    16.677 52628.83610507 22.92 229.775469  67.121486  8.418
 12    16.809 52628.83610571 22.40 229.771989  67.118426  8.418
 12    17.620 52628.83610636 19.69 229.768519  67.115356  8.418
 12    18.377 52628.83610700 19.86 229.765039  67.112296  8.418
 12    18.107 52628.83610765 19.85 229.761569  67.109226  8.418
 12    18.896 52628.83610829 21.08 229.758089  67.106166  8.418
 12    15.143 52628.83610894 24.72 229.754619  67.103096  8.418
 12    17.351 52628.83610958 20.68 229.751149  67.100036  8.418
 12    17.559 52628.83611023 20.82 229.747679  67.096966  8.418
 12    17.038 52628.83611087 20.85 229.744209  67.093906  8.418
 12    16.721 52628.83611152 21.55 229.740739  67.090836  8.418
 12    17.211 52628.83611216 21.59 229.737270  67.087771  8.929
 12    16.902 52628.83611281 20.10 229.733810  67.084701  8.929
 12    17.133 52628.83611345 20.16 229.730340  67.081641  8.929
 13    66.914 52663.83613663 13.14 229.779630  67.144482  8.372
 13    14.539 52663.83613792 18.15 229.772680  67.138362  8.372
 13    13.968 52663.83613856 18.81 229.769200  67.135292  8.372
 13    15.566 52663.83613921 18.02 229.765720  67.132232  8.372
 13    16.591 52663.83613985 17.68 229.762240  67.129162  8.372
 13    15.606 52663.83614049 18.61 229.758770  67.126092  8.372
 13    16.700 52663.83614114 17.37 229.755290  67.123032  8.372
 13    17.017 52663.83614178 17.57 229.751820  67.119962  8.372
 13    17.003 52663.83614243 17.72 229.748340  67.116902  8.372
 13    16.288 52663.83614307 18.02 229.744870  67.113832  8.372
 13    16.260 52663.83614372 18.36 229.741400  67.110772  8.372
 13    15.954 52663.83614436 18.52 229.737930  67.107702  8.372
 13    15.764 52663.83614501 18.78 229.734460  67.104632  8.372
 13    15.676 52663.83614565 18.66 229.730990  67.101572  8.372
 14    15.434 52698.83611696 17.81 229.770581  67.114661  8.863
 14    15.573 52698.83611761 18.46 229.767111  67.111591  8.863
 14    16.102 52698.83611825 18.76 229.763631  67.108531  8.863
 14    15.622 52698.83611890 18.99 229.760161  67.105461  8.863
 14    15.617 52698.83611954 19.14 229.756691  67.102401  8.863
 14    15.700 52698.83612019 19.26 229.753221  67.099331  8.863
 14    15.728 52698.83612083 20.24 229.749751  67.096261  8.863
 14    15.410 52698.83612148 19.74 229.746281  67.093201  8.863
 14    15.443 52698.83612212 19.54 229.742811  67.090131  8.863
 14    14.873 52698.83612277 19.41 229.739341  67.087071  8.863
 14    14.627 52698.83612341 19.73 229.735871  67.084001  8.863
 14    14.515 52698.83612406 19.73 229.732401  67.080941  8.863
 15    67.857 52733.83613663  6.35 229.780907  67.139863  5.117
 15    67.266 52733.83613728  8.07 229.777427  67.136793  5.117
 15    66.859 52733.83613792  6.91 229.773947  67.133733  5.117
 15    66.234 52733.83613856  6.96 229.770467  67.130663  5.117
 15    65.669 52733.83613921  7.78 229.766997  67.127603  5.117
 15    64.074 52733.83613985  9.36 229.763517  67.124533  5.117
 15    62.291 52733.83614050 10.82 229.760049  67.121474  4.276
 15    12.379 52733.83614114 12.33 229.756569  67.118404  4.276
 15    16.636 52733.83614179 13.49 229.753099  67.115334  4.276
 15    13.174 52733.83614243 14.15 229.749629  67.112274  4.276
 15    12.365 52733.83614308 13.52 229.746159  67.109204  4.276
 15    12.491 52733.83614372 14.31 229.742689  67.106144  4.276
 15    13.014 52733.83614437 13.12 229.739219  67.103074  4.276
 15    13.582 52733.83614501 13.65 229.735749  67.100014  4.276
 15    12.198 52733.83614566 14.81 229.732279  67.096944  4.276
 15    12.453 52733.83614630 14.73 229.728809  67.093874  4.276
 15    12.887 52733.83614695 14.16 229.725349  67.090814  4.276
 16    18.818 52768.83613521 29.20 229.773731  67.152075  4.728
 16    20.008 52768.83613585 23.14 229.770246  67.149011 13.451
 16    20.876 52768.83613650 21.65 229.766766  67.145951 13.451
 16    20.145 52768.83613714 21.85 229.763286  67.142881 13.451
 16    19.234 52768.83613779 22.57 229.759816  67.139821 13.451
 16    18.871 52768.83613843 22.25 229.756336  67.136751 13.451
 16    18.745 52768.83613907 22.23 229.752856  67.133691 13.451
 16    19.403 52768.83613972 22.48 229.749386  67.130621 13.451
 16    19.865 52768.83614036 29.07 229.745906  67.127551 13.451
 16    20.598 52768.83614101 32.93 229.742436  67.124491 13.451
 16    18.531 52768.83614165 26.49 229.738966  67.121421 13.451
 16    18.509 52768.83614230 26.31 229.735486  67.118361 13.451
 16    19.117 52768.83614294 25.39 229.732016  67.115291 13.451
 16    18.072 52768.83614359 28.77 229.728546  67.112221 13.451
 17    70.444 52803.83616340 11.74 229.781828  67.129353  6.287
 17    19.259 52803.83616404 19.66 229.778358  67.126293  6.287
 17    66.717 52803.83616468 12.83 229.774878  67.123223  6.287
 17    69.329 52803.83616533  8.09 229.771398  67.120163  6.287
 17    68.547 52803.83616597  8.38 229.767928  67.117093  6.287
 17    67.771 52803.83616662  8.71 229.764448  67.114033  6.287
 17    67.334 52803.83616726  8.90 229.760968  67.110963  6.287
 17    69.043 52803.83616791  8.60 229.757498  67.107903  6.287
 17    69.870 52803.83616855  9.00 229.754028  67.104833  6.287
 17    70.360 52803.83616920  9.20 229.750558  67.101773  6.287
 17    62.291 52803.83616984 10.10 229.747078  67.098703  6.287
 17    74.654 52803.83617049  9.68 229.743608  67.095643  6.287
 17    75.928 52803.83617113  9.82 229.740138  67.092573  6.287
 17    58.470 52803.83617178 11.14 229.736670  67.089508  6.348
 17    78.376 52803.83617242  9.70 229.733210  67.086438  6.348
 17    24.480 52803.83617307 15.09 229.729740  67.083378  6.348
 18    70.234 52838.83622557 10.20 229.782678  67.133767  5.614
 18    69.041 52838.83622621 10.00 229.779198  67.130707  5.614
 18    66.497 52838.83622686 10.10 229.775718  67.127637  5.614
 18    65.862 52838.83622750 10.18 229.772238  67.124577  5.614
 18    65.119 52838.83622814  9.98 229.768768  67.121507  5.614
 18    65.562 52838.83622879 10.02 229.765288  67.118447  5.614
 18    63.277 52838.83622943 11.21 229.761818  67.115377  5.614
 18    63.565 52838.83623008 10.34 229.758338  67.112317  5.614
 18    61.712 52838.83623072 10.12 229.754868  67.109247  5.614
 18    61.748 52838.83623137 10.31 229.751398  67.106187  5.614
 18    59.079 52838.83623201 11.07 229.747928  67.103117  5.614
 18    58.608 52838.83623266 10.67 229.744458  67.100047  5.614
 18    17.261 52838.83623330 12.08 229.740988  67.096987  5.614
 18    16.709 52838.83623395 12.64 229.737518  67.093917  5.614
 18    17.516 52838.83623459 11.69 229.734048  67.090857  5.614
 18    17.419 52838.83623524 20.83 229.730577  67.087788  6.825
 19    17.854 52873.83626463 38.38 229.781669  67.137714 25.378
 19    14.220 52873.83626527 42.76 229.778189  67.134644 25.378
 19    16.569 52873.83626592 41.48 229.774709  67.131584 25.378
 19    15.728 52873.83626656 39.90 229.771229  67.128514 25.378
 19    17.058 52873.83626721 42.73 229.767749  67.125454 25.378
 19    16.707 52873.83626785 41.77 229.764279  67.122384 25.378
 19    16.653 52873.83626850 42.50 229.760799  67.119324 25.378
 19    16.908 52873.83626914 43.97 229.757329  67.116254 25.378
 19    17.738 52873.83626979 43.46 229.753849  67.113194 25.378
 19    15.920 52873.83627043 44.27 229.750379  67.110124 25.378
 19    15.342 52873.83627108 44.14 229.746909  67.107054 25.378
 19    16.395 52873.83627172 43.71 229.743439  67.103994 25.378
 19    14.591 52873.83627237 46.00 229.739969  67.100924 25.378
 19    14.723 52873.83627301 45.15 229.736499  67.097864 25.378
 19    15.068 52873.83627366 47.83 229.733029  67.094794 25.378
 19    15.451 52873.83627430 46.69 229.729559  67.091734 25.378
 19    14.968 52873.83627495 43.23 229.726097  67.088664 12.343
 20    13.304 52908.83624296 12.67 229.781234  67.145021 11.230
 20    14.593 52908.83624361 12.28 229.777754  67.141961 11.230
 20    16.247 52908.83624425 12.05 229.774274  67.138891 11.230
 20    16.052 52908.83624490 12.01 229.770804  67.135831 11.230
 20    16.038 52908.83624554 12.83 229.767324  67.132761 11.230
 20    15.906 52908.83624619 13.04 229.763844  67.129701 11.230
 20    15.665 52908.83624683 12.60 229.760374  67.126631 11.230
 20    15.953 52908.83624747 13.89 229.756894  67.123561 11.230
 20    15.907 52908.83624812 15.45 229.753424  67.120501 11.230
 20    17.074 52908.83624876 16.61 229.749954  67.117431 11.230
 20    16.191 52908.83624941 25.08 229.746474  67.114371 11.230
 20    16.360 52908.83625005 21.10 229.743004  67.111301 11.230
 20    16.019 52908.83625070 18.70 229.739534  67.108231 11.230
 20    15.545 52908.83625134 19.36 229.736064  67.105171 11.230
 20    14.786 52908.83625199 26.81 229.732594  67.102101 11.230
 20    16.565 52908.83625263 28.24 229.729134  67.099041 11.230
 22    70.002 52978.83623182  9.05 229.782851  67.135952  3.333
 22    69.019 52978.83623246 13.22 229.779364  67.132883  6.050
 22    67.761 52978.83623311 12.61 229.775884  67.129813  6.050
 22    67.263 52978.83623375 12.32 229.772414  67.126753  6.050
 22    66.780 52978.83623440 12.11 229.768934  67.123693  6.050
 22    65.754 52978.83623504 11.56 229.765454  67.120623  6.050
 22    64.946 52978.83623569 11.85 229.761984  67.117563  6.050
 22    64.513 52978.83623633 11.94 229.758504  67.114493  6.050
 22    63.188 52978.83623698 12.02 229.755034  67.111423  6.050
 22    59.839 52978.83623762 13.93 229.751564  67.108363  6.050
 22    60.116 52978.83623826 14.12 229.748094  67.105293  6.050
 22    15.314 52978.83623891 15.20 229.744624  67.102233  6.050
 22    15.266 52978.83623955 15.11 229.741144  67.099163  6.050
 22    14.478 52978.83624020 14.56 229.737674  67.096103  6.050
 22    14.228 52978.83624084 14.28 229.734214  67.093033  6.050
 22    13.663 52978.83624149 14.32 229.730744  67.089963  6.050
 22    13.778 52978.83624213 14.39 229.727274  67.086903  6.050
 23    68.492 53013.83622865  3.82 229.776588  67.146932  3.774
 23    67.849 53013.83622929  8.88 229.773108  67.143872  3.774
 23    67.184 53013.83622994  9.67 229.769628  67.140812  3.774
 23    67.725 53013.83623058  9.83 229.766158  67.137742  3.774
 23    66.858 53013.83623123  9.63 229.762678  67.134672  3.774
 23    65.791 53013.83623187  9.14 229.759198  67.131612  3.774
 23    66.379 53013.83623252  8.74 229.755728  67.128542  3.774
 23    65.501 53013.83623316  8.64 229.752248  67.125482  3.774
 23    66.192 53013.83623381  7.63 229.748778  67.122412  3.774
 23    65.470 53013.83623445  7.88 229.745298  67.119352  3.774
 23    67.877 53013.83623510  8.15 229.741828  67.116282  3.774
 23    67.101 53013.83623574  8.63 229.738358  67.113212  3.774
 23    68.054 53013.83623639  8.48 229.734888  67.110152  3.774
 23    66.394 53013.83623703  8.38 229.731418  67.107082  3.774
 24    68.950 53048.83620187  8.67 229.782031  67.133314  5.032
 24    68.465 53048.83620251  9.05 229.778561  67.130244  5.032
 24    68.806 53048.83620316  8.84 229.775081  67.127184  5.032
 24    67.784 53048.83620380  8.39 229.771601  67.124114  5.032
 24    66.279 53048.83620445  8.42 229.768121  67.121054  5.032
 24    66.355 53048.83620509  8.64 229.764651  67.117984  5.032
 24    64.796 53048.83620574  8.39 229.761171  67.114924  5.032
 24    61.805 53048.83620638  9.14 229.757701  67.111854  5.032
 24    62.310 53048.83620703  9.61 229.754231  67.108794  5.032
 24    60.116 53048.83620767  9.03 229.750751  67.105724  5.032
 24    58.710 53048.83620832  9.62 229.747281  67.102664  5.032
 24    15.785 53048.83620896 10.18 229.743811  67.099594  5.032
 24    14.810 53048.83620961 10.30 229.740341  67.096524  5.032
 24    13.679 53048.83621025 11.84 229.736871  67.093464  5.032
 24    14.134 53048.83621090 11.00 229.733401  67.090394  5.032
 24    13.597 53048.83621154 10.38 229.729941  67.087334  5.032
 25    64.043 53083.83623458  8.90 229.776548  67.150484  3.924
 25    63.247 53083.83623523  9.15 229.773058  67.147414  3.924
 25    65.842 53083.83623587  8.73 229.769578  67.144354  3.924
 25    61.499 53083.83623652  9.19 229.766108  67.141294  3.924
 25    65.121 53083.83623716  8.82 229.762628  67.138224  3.924
 25    62.945 53083.83623781  8.71 229.759148  67.135154  3.924
 25    64.972 53083.83623845  8.15 229.755668  67.132094  3.924
 25    65.538 53083.83623910  7.68 229.752198  67.129024  3.924
 25    63.768 53083.83623974  7.67 229.748718  67.125964  3.924
 25    64.017 53083.83624039  7.67 229.745248  67.122894  3.924
 25    67.226 53083.83624103  7.08 229.741768  67.119834  3.924
 25    66.600 53083.83624168  7.31 229.738298  67.116764  3.924
 25    67.411 53083.83624232  6.96 229.734828  67.113704  3.924
 25    71.616 53083.83624296  7.60 229.731358  67.110634  3.924
 26    69.770 53118.83620715  6.35 229.780035  67.136517  3.581
 26    68.755 53118.83620779  6.91 229.776555  67.133447  3.581
 26    67.895 53118.83620844  6.40 229.773075  67.130387  3.581
 26    68.260 53118.83620908  6.97 229.769595  67.127317  3.581
 26    67.581 53118.83620973  6.04 229.766115  67.124257  3.581
 26    67.288 53118.83621037  6.01 229.762645  67.121187  3.581
 26    67.603 53118.83621102  5.43 229.759165  67.118127  3.581
 26    67.939 53118.83621166  5.94 229.755695  67.115057  3.581
 26    67.876 53118.83621231  5.63 229.752215  67.111997  3.581
 26    67.131 53118.83621295  5.80 229.748745  67.108927  3.581
 26    72.461 53118.83621360  5.93 229.745275  67.105857  3.581
 26    71.444 53118.83621424  6.19 229.741805  67.102797  3.581
 26    74.470 53118.83621488  6.20 229.738335  67.099727  3.581
 26    62.077 53118.83621553  7.49 229.734865  67.096667  3.581
 26    57.047 53118.83621617  7.36 229.731395  67.093597  3.581
 26    58.327 53118.83621682  7.20 229.727925  67.090537  3.581
 27    23.699 53153.83625689 27.38 229.780594  67.143758 16.062
 27    23.497 53153.83625753 30.01 229.777114  67.140688 16.062
 27    23.188 53153.83625818 34.16 229.773634  67.137628 16.062
 27    23.753 53153.83625882 35.11 229.770154  67.134558 16.062
 27    24.261 53153.83625946 36.95 229.766674  67.131498 16.062
 27    24.020 53153.83626011 39.25 229.763194  67.128428 16.062
 27    23.087 53153.83626075 40.20 229.759714  67.125368 16.062
 27    22.727 53153.83626140 39.64 229.756244  67.122298 16.062
 27    22.469 53153.83626204 37.77 229.752764  67.119238 16.062
 27    22.840 53153.83626269 39.19 229.749294  67.116168 16.062
 27    22.595 53153.83626333 42.20 229.745814  67.113108 16.062
 27    22.690 53153.83626398 42.31 229.742344  67.110038 16.062
 27    23.162 53153.83626462 42.78 229.738874  67.106968 16.062
 27    21.066 53153.83626527 41.61 229.735404  67.103908 16.062
 27    21.069 53153.83626591 41.58 229.731934  67.100838 16.062
 28    71.572 53188.83624759  8.41 229.779594  67.133726  5.228
 28    68.685 53188.83624824  8.58 229.776124  67.130666  5.228
 28    67.822 53188.83624888  9.14 229.772644  67.127596  5.228
 28    66.489 53188.83624952  9.46 229.769164  67.124536  5.228
 28    65.286 53188.83625017 10.40 229.765694  67.121466  5.228
 28    18.673 53188.83625081 11.22 229.762214  67.118406  5.228
 28    18.470 53188.83625146 11.25 229.758744  67.115336  5.228
 28    18.373 53188.83625210 11.14 229.755274  67.112276  5.228
 28    61.723 53188.83625275 10.45 229.751794  67.109206  5.228
 28    61.301 53188.83625339  9.88 229.748324  67.106136  5.228
 28    57.090 53188.83625404 10.82 229.744854  67.103076  5.228
 28    16.699 53188.83625468 10.48 229.741384  67.100006  5.228
 28    15.777 53188.83625533 10.79 229.737914  67.096946  5.228
 28    16.385 53188.83625597 10.88 229.734454  67.093876  5.228
 28    76.516 53188.83625662 11.36 229.730984  67.090816  5.228
 28    77.916 53188.83625726 10.61 229.727517  67.087744  4.697
 29    15.263 53223.83626101 24.50 229.780973  67.145413 11.402
 29    14.410 53223.83626165 20.57 229.777493  67.142343 11.402
 29    14.617 53223.83626230 19.74 229.774013  67.139273 11.402
 29    14.630 53223.83626294 19.47 229.770543  67.136213 11.402
 29    14.933 53223.83626359 19.21 229.767063  67.133143 11.402
 29    14.961 53223.83626423 19.36 229.763583  67.130083 11.402
 29    15.345 53223.83626488 19.30 229.760113  67.127013 11.402
 29    16.071 53223.83626552 18.48 229.756633  67.123953 11.402
 29    16.544 53223.83626617 19.47 229.753163  67.120883 11.402
 29    16.841 53223.83626681 21.44 229.749683  67.117823 11.402
 29    16.618 53223.83626746 29.65 229.746213  67.114753 11.402
 29    16.599 53223.83626810 30.16 229.742743  67.111693 11.402
 29    17.220 53223.83626875 27.25 229.739273  67.108623 11.402
 29    16.822 53223.83626939 25.07 229.735803  67.105553 11.402
 29    16.216 53223.83627004 30.75 229.732333  67.102493 11.402
 30    16.205 53258.83623567 14.52 229.772701  67.150279 17.271
 30    15.250 53258.83623632 25.06 229.769221  67.147219 17.271
 30    16.015 53258.83623696 32.47 229.765741  67.144149 17.271
 30    14.744 53258.83623761 41.53 229.762261  67.141089 17.271
 30    15.227 53258.83623825 39.18 229.758781  67.138019 17.271
 30    15.477 53258.83623889 35.68 229.755311  67.134959 17.271
 30    16.448 53258.83623954 40.04 229.751831  67.131889 17.271
 30    14.888 53258.83624018 41.49 229.748361  67.128819 17.271
 30    14.490 53258.83624083 34.07 229.744881  67.125759 17.271
 30    16.493 53258.83624147 36.19 229.741411  67.122689 17.271
 30    15.610 53258.83624212 42.93 229.737931  67.119629 17.271
 30    15.615 53258.83624276 41.07 229.734461  67.116559 17.271
 30    14.983 53258.83624341 43.45 229.730991  67.113499 17.271
 31    14.917 53293.83626057 27.49 229.781636  67.141020  7.708
 31    11.231 53293.83626121 23.42 229.778156  67.137960  7.708
 31    68.941 53293.83626186 15.86 229.774676  67.134890  7.708
 31    65.257 53293.83626250 16.04 229.771196  67.131830  7.708
 31    65.080 53293.83626315 15.79 229.767716  67.128760  7.708
 31    21.719 53293.83626379 16.28 229.764246  67.125700  7.708
 31    14.622 53293.83626443 18.49 229.760766  67.122630  7.708
 31    14.786 53293.83626508 18.44 229.757286  67.119570  7.708
 31    15.187 53293.83626572 18.31 229.753816  67.116500  7.708
 31    15.188 53293.83626637 18.32 229.750336  67.113440  7.708
 31    14.290 53293.83626701 17.24 229.746866  67.110370  7.708
 31    14.370 53293.83626766 15.63 229.743396  67.107310  7.708
 31    13.803 53293.83626830 17.07 229.739916  67.104240  7.708
 31    13.373 53293.83626895 17.22 229.736446  67.101170  7.708
 31    12.946 53293.83626959 15.98 229.732976  67.098110  7.708
 31    11.892 53293.83627024 17.43 229.729506  67.095040  7.708
 31    12.420 53293.83627088 16.83 229.726036  67.091980  7.708
 32    14.748 53328.83623604 25.82 229.769062  67.132077 11.152
 32    14.604 53328.83623668 25.87 229.765582  67.129007 11.152
 32    15.154 53328.83623733 25.63 229.762102  67.125947 11.152
 32    15.428 53328.83623797 26.19 229.758632  67.122877 11.152
 32    16.454 53328.83623862 25.22 229.755152  67.119817 11.152
 32    16.846 53328.83623926 24.19 229.751682  67.116747 11.152
 32    16.726 53328.83623991 22.41 229.748212  67.113687 11.152
 32    16.765 53328.83624055 23.71 229.744732  67.110617 11.152
 32    16.742 53328.83624119 23.60 229.741262  67.107547 11.152
 32    16.393 53328.83624184 25.22 229.737792  67.104487 11.152
 32    16.061 53328.83624248 27.13 229.734322  67.101417 11.152
 32    15.608 53328.83624313 23.60 229.730852  67.098357 11.152
 33    13.905 53363.83618510 16.50 229.780315  67.148153  8.075
 33    14.600 53363.83618574 16.93 229.776835  67.145093  8.075
 33    14.517 53363.83618639 17.60 229.773355  67.142023  8.075
 33    15.098 53363.83618703 16.59 229.769875  67.138963  8.075
 33    15.733 53363.83618768 15.97 229.766395  67.135893  8.075
 33    15.718 53363.83618832 16.21 229.762915  67.132833  8.075
 33    15.534 53363.83618897 16.48 229.759445  67.129763  8.075
 33    15.722 53363.83618961 16.68 229.755965  67.126693  8.075
 33    15.646 53363.83619026 17.02 229.752495  67.123633  8.075
 33    15.854 53363.83619090 17.10 229.749025  67.120563  8.075
 33    15.658 53363.83619154 17.70 229.745545  67.117503  8.075
 33    15.759 53363.83619219 16.54 229.742075  67.114433  8.075
 33    15.184 53363.83619283 17.88 229.738605  67.111363  8.075
 33    15.925 53363.83619348 17.47 229.735135  67.108303  8.075
 33    15.390 53363.83619412 18.51 229.731665  67.105233  8.075
 34    94.000 53398.83621104 17.43 229.776648  67.133259  6.789
 34    12.357 53398.83621168 16.79 229.773168  67.130199  6.789
 34    12.558 53398.83621232 16.84 229.769688  67.127129  6.789
 34    13.596 53398.83621297 15.43 229.766208  67.124069  6.789
 34    14.143 53398.83621361 15.25 229.762738  67.120999  6.789
 34    14.260 53398.83621426 15.04 229.759258  67.117939  6.789
 34    15.161 53398.83621490 14.91 229.755788  67.114869  6.789
 34    15.350 53398.83621555 15.46 229.752308  67.111809  6.789
 34    15.520 53398.83621619 15.43 229.748838  67.108739  6.789
 34    14.693 53398.83621684 15.68 229.745368  67.105679  6.789
 34    14.440 53398.83621748 16.29 229.741898  67.102609  6.789
 34    14.282 53398.83621813 16.39 229.738428  67.099539  6.789
 34    14.503 53398.83621877 16.48 229.734958  67.096479  6.789
 34    14.603 53398.83621942 15.75 229.731488  67.093409  6.789
 34    14.582 53398.83622006 15.64 229.728018  67.090349  6.789
 35    13.800 53433.83619909 14.23 229.778960  67.147530  8.124
 35    13.382 53433.83619974 14.51 229.775480  67.144470  8.124
 35    14.358 53433.83620038 13.82 229.772000  67.141410  8.124
 35    13.957 53433.83620103 14.41 229.768520  67.138340  8.124
 35    14.265 53433.83620167 14.92 229.765050  67.135270  8.124
 35    14.327 53433.83620232 14.50 229.761570  67.132210  8.124
 35    14.418 53433.83620296 14.39 229.758100  67.129140  8.124
 35    14.589 53433.83620361 14.66 229.754620  67.126080  8.124
 35    14.230 53433.83620425 14.94 229.751150  67.123010  8.124
 35    14.612 53433.83620490 15.84 229.747670  67.119950  8.124
 35    14.351 53433.83620554 15.99 229.744200  67.116880  8.124
 35    14.317 53433.83620618 16.24 229.740730  67.113820  8.124
 35    14.185 53433.83620683 15.48 229.737260  67.110750  8.124
 35    12.855 53433.83620747 16.49 229.733790  67.107680  8.124
 35    14.472 53433.83620812 15.55 229.730320  67.104620  8.124
 36    14.058 53468.83624256 13.34 229.779633  67.132961  7.903
 36    14.805 53468.83624321 14.07 229.776153  67.129891  7.903
 36    14.529 53468.83624385 14.23 229.772683  67.126831  7.903
 36    13.670 53468.83624450 14.71 229.769203  67.123761  7.903
 36    14.167 53468.83624514 15.11 229.765723  67.120701  7.903
 36    14.118 53468.83624579 14.83 229.762253  67.117631  7.903
 36    14.490 53468.83624643 15.25 229.758773  67.114571  7.903
 36    14.245 53468.83624707 15.80 229.755303  67.111501  7.903
 36    14.343 53468.83624772 16.41 229.751823  67.108441  7.903
 36    14.439 53468.83624836 16.00 229.748353  67.105371  7.903
 36    13.371 53468.83624901 16.86 229.744883  67.102301  7.903
 36    14.010 53468.83624965 16.74 229.741413  67.099241  7.903
 36    13.473 53468.83625030 16.34 229.737943  67.096171  7.903
 36    13.254 53468.83625094 17.12 229.734473  67.093111  7.903
 36    13.070 53468.83625159 16.85 229.731008  67.090044  5.763
 36    12.789 53468.83625223 16.72 229.727538  67.086974  5.763
 37    21.521 53503.83628587 39.74 229.777908  67.145199 20.356
 37    16.811 53503.83628652 33.16 229.774428  67.142139 20.356
 37    22.800 53503.83628716 22.65 229.770948  67.139079 20.356
 37    22.974 53503.83628781 20.62 229.767468  67.136009 20.356
 37    23.050 53503.83628845 20.41 229.763988  67.132949 20.356
 37    22.936 53503.83628910 21.07 229.760508  67.129879 20.356
 37    22.998 53503.83628974 21.25 229.757038  67.126809 20.356
 37    22.942 53503.83629038 23.14 229.753558  67.123749 20.356
 37    21.920 53503.83629103 25.66 229.750088  67.120679 20.356
 37    21.272 53503.83629167 29.92 229.746608  67.117619 20.356
 37    28.743 53503.83629232 25.67 229.743138  67.114549 20.356
 37    20.746 53503.83629296 27.35 229.739668  67.111489 20.356
 37    20.966 53503.83629361 32.11 229.736198  67.108419 20.356
 37    22.947 53503.83629425 31.17 229.732728  67.105349 20.356
 37    21.000 53503.83629490 26.16 229.729258  67.102289 20.356
 38    71.623 53538.83628319  7.66 229.778324  67.142963  4.749
 38    71.025 53538.83628384  7.38 229.774844  67.139893  4.749
 38    70.309 53538.83628448  7.41 229.771364  67.136833  4.749
 38    69.872 53538.83628513  7.92 229.767884  67.133763  4.749
 38    69.009 53538.83628577  6.89 229.764404  67.130703  4.749
 38    68.290 53538.83628642  7.32 229.760934  67.127633  4.749
 38    67.478 53538.83628706  7.73 229.757454  67.124573  4.749
 38    67.241 53538.83628771  7.86 229.753984  67.121503  4.749
 38    66.032 53538.83628835  8.05 229.750504  67.118443  4.749
 38    69.359 53538.83628900  8.98 229.747034  67.115373  4.749
 38    71.759 53538.83628964  8.11 229.743564  67.112313  4.749
 38    72.144 53538.83629028  8.69 229.740094  67.109243  4.749
 38    73.439 53538.83629093  9.12 229.736624  67.106173  4.749
 38    76.939 53538.83629157  9.04 229.733154  67.103113  4.749
 38    77.995 53538.83629222  9.07 229.729684  67.100043  4.749
 39    68.925 53573.83628114  8.48 229.777945  67.148847  6.142
 39    68.290 53573.83628178  8.21 229.774465  67.145787  6.142
 39    65.513 53573.83628243  9.76 229.770985  67.142717  6.142
 39    66.689 53573.83628307  9.25 229.767505  67.139657  6.142
 39    66.423 53573.83628372  9.47 229.764035  67.136587  6.142
 39    65.110 53573.83628436  9.00 229.760555  67.133527  6.142
 39    62.993 53573.83628501  9.86 229.757075  67.130457  6.142
 39    18.281 53573.83628565 12.20 229.753605  67.127387  6.142
 39    17.896 53573.83628630 14.24 229.750125  67.124327  6.142
 39    16.508 53573.83628694 14.59 229.746655  67.121257  6.142
 39    16.722 53573.83628759 14.60 229.743175  67.118197  6.142
 39    16.218 53573.83628823 11.73 229.739705  67.115127  6.142
 39    16.002 53573.83628887 10.24 229.736235  67.112067  6.142
 39    16.200 53573.83628952  9.57 229.732765  67.108997  6.142
 39    72.676 53573.83629016  9.74 229.729295  67.105927  6.142
 40    66.213 53608.83623105  9.01 229.771328  67.149210  5.967
 40    64.634 53608.83623169  9.90 229.767848  67.146150  5.967
 40    64.965 53608.83623233  9.57 229.764368  67.143080  5.967
 40    62.266 53608.83623298  9.69 229.760888  67.140020  5.967
 40    58.462 53608.83623362 10.07 229.757418  67.136950  5.967
 40    62.142 53608.83623427 10.33 229.753938  67.133890  5.967
 40    62.285 53608.83623491 10.50 229.750468  67.130820  5.967
 40    17.259 53608.83623556 12.80 229.746988  67.127750  5.967
 40    16.631 53608.83623620 15.25 229.743518  67.124690  5.967
 40    16.809 53608.83623685 14.29 229.740048  67.121620  5.967
 40    15.844 53608.83623749 14.57 229.736568  67.118560  5.967
 40    15.542 53608.83623814 13.78 229.733098  67.115490  5.967
 40    14.428 53608.83623878 13.29 229.729628  67.112430  5.967
 41    67.346 53643.83623589 11.48 229.781516  67.131996  6.661
 41    70.503 53643.83623654 11.13 229.778036  67.128936  6.661
 41    65.045 53643.83623718 10.56 229.774556  67.125866  6.661
 41    17.678 53643.83623783 11.82 229.771076  67.122806  6.661
 41    19.006 53643.83623847 12.35 229.767606  67.119736  6.661
 41    17.838 53643.83623911 13.89 229.764126  67.116676  6.661
 41    16.034 53643.83623976 13.48 229.760656  67.113606  6.661
 41    16.560 53643.83624040 11.63 229.757176  67.110546  6.661
 41    15.255 53643.83624105 12.88 229.753706  67.107476  6.661
 41    14.828 53643.83624169 12.32 229.750236  67.104416  6.661
 41    14.728 53643.83624234 12.92 229.746766  67.101346  6.661
 41    15.076 53643.83624298 12.26 229.743296  67.098276  6.661
 41    15.105 53643.83624363 12.38 229.739816  67.095216  6.661
 41    14.429 53643.83624427 12.35 229.736356  67.092146  6.661
 41    14.334 53643.83624492 12.93 229.732886  67.089086  6.661
 41    13.975 53643.83624556 12.56 229.729415  67.086019  4.718
 42    16.572 53678.83625206  7.19 229.774786  67.144070 17.123
 42    16.959 53678.83625270 15.77 229.771306  67.141000 17.123
 42    15.780 53678.83625335 25.27 229.767826  67.137940 17.123
 42    14.816 53678.83625399 34.12 229.764346  67.134870 17.123
 42    15.479 53678.83625463 33.70 229.760866  67.131810 17.123
 42    15.361 53678.83625528 38.85 229.757396  67.128740 17.123
 42    16.678 53678.83625592 38.10 229.753916  67.125680 17.123
 42    14.589 53678.83625657 34.30 229.750446  67.122610 17.123
 42    16.238 53678.83625721 28.94 229.746966  67.119550 17.123
 42    15.973 53678.83625786 29.72 229.743496  67.116480 17.123
 42    16.920 53678.83625850 33.30 229.740026  67.113420 17.123
 42    17.027 53678.83625915 35.81 229.736556  67.110350 17.123
 42    16.428 53678.83625979 41.44 229.733086  67.107280 17.123
 42    16.397 53678.83626044 38.52 229.729606  67.104220 17.123
 43    15.407 53713.83617990 22.45 229.777308  67.146730 11.136
 43    15.229 53713.83618055 22.57 229.773828  67.143660 11.136
 43    15.780 53713.83618119 19.29 229.770348  67.140600 11.136
 43    16.418 53713.83618184 19.44 229.766868  67.137530 11.136
 43    16.806 53713.83618248 18.97 229.763398  67.134460 11.136
 43    15.459 53713.83618313 19.73 229.759918  67.131400 11.136
 43    15.882 53713.83618377 18.90 229.756438  67.128330 11.136
 43    16.799 53713.83618442 19.39 229.752968  67.125270 11.136
 43    15.634 53713.83618506 20.22 229.749498  67.122200 11.136
 43    15.300 53713.83618571 20.35 229.746018  67.119140 11.136
 43    15.332 53713.83618635 20.65 229.742548  67.116070 11.136
 43    15.646 53713.83618700 20.44 229.739078  67.113010 11.136
 43    15.785 53713.83618764 20.24 229.735608  67.109940 11.136
 43    14.989 53713.83618829 20.96 229.732138  67.106870 11.136
 45    15.324 53783.83612587 17.44 229.780302  67.141393  9.695
 45    15.228 53783.83612652 17.35 229.776822  67.138323  9.695
 45    16.625 53783.83612716 17.11 229.773352  67.135263  9.695
 45    16.269 53783.83612780 17.23 229.769872  67.132193  9.695
 45    16.551 53783.83612845 16.66 229.766392  67.129133  9.695
 45    15.045 53783.83612909 17.18 229.762922  67.126063  9.695
 45    16.288 53783.83612974 17.99 229.759442  67.123003  9.695
 45    16.211 53783.83613038 18.98 229.755972  67.119933  9.695
 45    16.135 53783.83613103 18.03 229.752492  67.116873  9.695
 45    15.105 53783.83613167 18.61 229.749022  67.113803  9.695
 45    15.113 53783.83613232 17.61 229.745552  67.110733  9.695
 45    15.483 53783.83613296 18.29 229.742082  67.107673  9.695
 45    15.618 53783.83613361 18.51 229.738612  67.104603  9.695
 45    14.174 53783.83613425 18.69 229.735142  67.101543  9.695
 45    14.896 53783.83613490 17.81 229.731672  67.098473  9.695
 46    14.001 53818.83608633 15.20 229.773805  67.150965  2.971
 46    14.285 53818.83608698 15.60 229.770325  67.147895  2.971
 46    14.907 53818.83608762 15.30 229.766845  67.144827  8.007
 46    14.189 53818.83608827 15.70 229.763375  67.141767  8.007
 46    15.417 53818.83608891 14.68 229.759895  67.138697  8.007
 46    15.394 53818.83608955 15.13 229.756415  67.135637  8.007
 46    14.692 53818.83609020 15.06 229.752945  67.132567  8.007
 46    14.766 53818.83609084 15.53 229.749465  67.129507  8.007
 46    14.355 53818.83609149 15.24 229.745995  67.126437  8.007
 46    14.766 53818.83609213 15.27 229.742525  67.123377  8.007
 46    15.014 53818.83609278 15.13 229.739055  67.120307  8.007
 46    14.233 53818.83609342 15.22 229.735585  67.117237  8.007
 46    14.244 53818.83609407 15.36 229.732105  67.114177  8.007
 46    13.757 53818.83609471 15.81 229.728645  67.111107  8.007
 47    70.014 53853.83616709  5.08 229.780667  67.138272  7.532
 47    69.162 53853.83616774  4.89 229.777187  67.135202  7.532
 47    67.563 53853.83616838  5.26 229.773707  67.132142  7.532
 47    65.956 53853.83616903  6.50 229.770227  67.129072  7.532
 47    64.913 53853.83616967  6.78 229.766757  67.126012  7.532
 47    65.820 53853.83617032  6.08 229.763277  67.122942  7.532
 47    65.703 53853.83617096  5.69 229.759797  67.119882  7.532
 47    62.924 53853.83617161  5.45 229.756327  67.116812  7.532
 47    13.206 53853.83617225  7.54 229.752847  67.113752  7.532
 47    13.471 53853.83617289  7.61 229.749377  67.110682  7.532
 47    13.546 53853.83617354  7.64 229.745907  67.107622  7.532
 47    13.756 53853.83617418  9.08 229.742427  67.104552  7.532
 47    13.771 53853.83617483  8.65 229.738957  67.101482  7.532
 47    12.977 53853.83617547  9.45 229.735487  67.098422  7.532
 47    12.909 53853.83617612  9.97 229.732017  67.095352  7.532
 47    12.933 53853.83617676 10.73 229.728557  67.092292  7.532
 48    74.259 53888.83617591 10.96 229.781310  67.134245  4.517
 48    73.902 53888.83617655 10.15 229.777830  67.131185  4.517
 48    73.277 53888.83617720 10.90 229.774350  67.128115  4.517
 48    73.687 53888.83617784 10.79 229.770870  67.125055  4.517
 48    71.572 53888.83617848 10.65 229.767400  67.121985  4.517
 48    72.003 53888.83617913 10.87 229.763920  67.118925  4.517
 48    71.612 53888.83617977 11.37 229.760450  67.115855  4.517
 48    72.939 53888.83618042 11.07 229.756980  67.112795  4.517
 48    73.194 53888.83618106 11.62 229.753500  67.109725  4.517
 48    75.046 53888.83618171 11.40 229.750030  67.106655  4.517
 48    74.488 53888.83618235 11.92 229.746560  67.103595  4.517
 48    75.761 53888.83618300 12.71 229.743090  67.100525  4.517
 48    76.994 53888.83618364 13.32 229.739620  67.097465  4.517
 48    78.766 53888.83618429 11.88 229.736150  67.094395  4.517
 48    79.040 53888.83618493 12.46 229.732690  67.091335  4.517
 48    80.544 53888.83618558 12.72 229.729220  67.088263  4.493
 49    69.645 53923.83624135  6.65 229.779398  67.147570  2.960
 49    69.833 53923.83624200  8.64 229.775914  67.144502  5.923
 49    70.543 53923.83624264  6.01 229.772434  67.141432  5.923
 49    69.735 53923.83624329  4.93 229.768954  67.138372  5.923
 49    69.969 53923.83624393  3.72 229.765474  67.135302  5.923
 49    70.447 53923.83624458  2.95 229.762004  67.132242  5.923
 49    68.797 53923.83624522  3.15 229.758524  67.129172  5.923
 49    16.141 53923.83624715 16.20 229.748094  67.119982  5.923
 49    15.535 53923.83624780 16.56 229.744624  67.116912  5.923
 49    16.391 53923.83624844 15.64 229.741144  67.113852  5.923
 49    16.987 53923.83624909 15.51 229.737674  67.110782  5.923
 49    17.217 53923.83624973 24.17 229.734204  67.107712  5.923
 49    16.525 53923.83625038 30.24 229.730734  67.104652  5.923
 50    67.442 53958.83623247  8.40 229.776427  67.150664  2.348
 50    66.515 53958.83623311 10.61 229.772947  67.147594  2.348
 50    65.180 53958.83623376 11.17 229.769460  67.144533  5.045
 50    64.295 53958.83623440 10.80 229.765980  67.141473  5.045
 50    64.835 53958.83623505 10.23 229.762500  67.138403  5.045
 50    15.681 53958.83623569 10.85 229.759030  67.135333  5.045
 50    58.459 53958.83623633 10.28 229.755550  67.132273  5.045
 50    60.830 53958.83623698 10.55 229.752070  67.129203  5.045
 50    16.936 53958.83623762 12.85 229.748600  67.126143  5.045
 50    16.075 53958.83623827 15.63 229.745120  67.123073  5.045
 50    16.357 53958.83623891 14.17 229.741650  67.120013  5.045
 50    17.067 53958.83623956 17.02 229.738180  67.116943  5.045
 50    15.256 53958.83624020 13.96 229.734710  67.113883  5.045
 52    69.590 54028.83622573 18.49 229.780089  67.129965 18.583
 52    14.713 54028.83622702 43.06 229.773129  67.123835 18.583
 52    14.725 54028.83622766 43.84 229.769659  67.120765 18.583
 52    16.032 54028.83622831 40.87 229.766179  67.117705 18.583
 52    16.524 54028.83622895 41.57 229.762709  67.114635 18.583
 52    16.470 54028.83622960 40.62 229.759229  67.111575 18.583
 52    17.495 54028.83623024 37.96 229.755759  67.108505 18.583
 52    17.490 54028.83623089 37.38 229.752289  67.105445 18.583
 52    16.209 54028.83623153 42.38 229.748819  67.102375 18.583
 52    17.389 54028.83623218 38.69 229.745349  67.099315 18.583
 52    17.389 54028.83623282 40.63 229.741879  67.096245 18.583
 52    17.222 54028.83623347 41.76 229.738409  67.093175 18.583
 52    15.754 54028.83623411 43.09 229.734939  67.090115 18.583
 52    16.898 54028.83623476 41.76 229.731469  67.087045 18.583
 52    17.245 54028.83623540 39.21 229.727999  67.083985 18.583
 53    13.307 54063.83621799 26.77 229.777803  67.139330 10.408
 53    13.345 54063.83621863 26.24 229.774323  67.136270 10.408
 53    14.096 54063.83621928 23.74 229.770843  67.133200 10.408
 53    14.941 54063.83621992 23.71 229.767373  67.130130 10.408
 53    15.477 54063.83622056 23.51 229.763893  67.127070 10.408
 53    15.531 54063.83622121 23.97 229.760413  67.124000 10.408
 53    15.800 54063.83622185 23.74 229.756943  67.120940 10.408
 53    14.959 54063.83622250 23.85 229.753473  67.117870 10.408
 53    14.862 54063.83622314 24.38 229.749993  67.114810 10.408
 53    14.553 54063.83622379 24.40 229.746523  67.111740 10.408
 53    14.462 54063.83622443 24.10 229.743053  67.108680 10.408
 53    14.676 54063.83622508 23.40 229.739583  67.105610 10.408
 53    14.470 54063.83622572 23.36 229.736113  67.102540 10.408
 53    14.526 54063.83622637 22.95 229.732643  67.099480 10.408
 53    13.398 54063.83622701 23.34 229.729173  67.096410 10.408
 54    66.739 54098.83618421 16.05 229.772098  67.145803 10.189
 54    14.365 54098.83618550 26.34 229.765138  67.139673 10.189
 54    13.281 54098.83618614 26.99 229.761658  67.136613 10.189
 54    14.883 54098.83618679 23.51 229.758188  67.133543 10.189
 54    15.306 54098.83618743 23.11 229.754708  67.130483 10.189
 54    16.413 54098.83618807 21.58 229.751238  67.127413 10.189
 54    16.313 54098.83618872 23.22 229.747758  67.124343 10.189
 54    16.318 54098.83618936 21.90 229.744288  67.121283 10.189
 54    16.083 54098.83619001 22.42 229.740818  67.118213 10.189
 54    16.594 54098.83619065 24.06 229.737338  67.115153 10.189
 54    16.323 54098.83619130 23.73 229.733868  67.112083 10.189
 54    15.826 54098.83619194 23.53 229.730398  67.109013 10.189
 55    13.034 54133.83614377 21.91 229.777351  67.128009  9.661
 55    13.497 54133.83614442 21.86 229.773881  67.124949  9.661
 55    13.597 54133.83614506 21.33 229.770401  67.121879  9.661
 55    14.805 54133.83614571 20.96 229.766921  67.118819  9.661
 55    15.631 54133.83614635 20.41 229.763451  67.115749  9.661
 55    15.594 54133.83614700 20.30 229.759971  67.112689  9.661
 55    15.279 54133.83614764 20.65 229.756501  67.109619  9.661
 55    15.631 54133.83614829 20.96 229.753031  67.106559  9.661
 55    15.078 54133.83614893 21.19 229.749551  67.103489  9.661
 55    14.694 54133.83614958 21.20 229.746081  67.100429  9.661
 55    14.499 54133.83615022 20.64 229.742611  67.097359  9.661
 55    14.456 54133.83615087 21.17 229.739141  67.094289  9.661
 55    14.941 54133.83615151 19.99 229.735671  67.091229  9.661
 55    14.484 54133.83615216 20.96 229.732211  67.088159  9.661
 55    14.030 54133.83615280 20.31 229.728741  67.085099  9.661
 57    14.389 54203.83614678 18.29 229.781689  67.133379  5.226
 57    15.108 54203.83614742 18.21 229.778209  67.130319  5.226
 57    14.217 54203.83614807 18.59 229.774729  67.127249  5.226
 57    15.363 54203.83614871 18.10 229.771249  67.124189  5.226
 57    14.869 54203.83614936 19.25 229.767776  67.121116 11.199
 57    14.501 54203.83615000 20.10 229.764296  67.118056 11.199
 57    14.671 54203.83615064 19.13 229.760826  67.114986 11.199
 57    14.871 54203.83615129 19.87 229.757346  67.111926 11.199
 57    14.812 54203.83615193 19.71 229.753876  67.108856 11.199
 57    14.994 54203.83615258 19.58 229.750406  67.105796 11.199
 57    14.554 54203.83615322 19.60 229.746926  67.102726 11.199
 57    13.842 54203.83615387 20.05 229.743456  67.099666 11.199
 57    13.976 54203.83615451 20.13 229.739986  67.096596 11.199
 57    13.607 54203.83615516 20.35 229.736516  67.093526 11.199
 57    13.578 54203.83615580 19.21 229.733056  67.090466 11.199
 57    12.598 54203.83615645 19.72 229.729586  67.087396 11.199
 58    19.145 54238.83618000 25.48 229.781938  67.141001 17.296
 58    19.169 54238.83618065 27.06 229.778458  67.137931 17.296
 58    19.727 54238.83618129 27.61 229.774978  67.134871 17.296
 58    19.262 54238.83618194 29.64 229.771498  67.131801 17.296
 58    19.149 54238.83618258 29.15 229.768028  67.128741 17.296
 58    19.331 54238.83618323 29.73 229.764548  67.125671 17.296
 58    18.381 54238.83618387 31.27 229.761074  67.122613 17.946
 58    18.316 54238.83618452 31.10 229.757594  67.119543 17.946
 58    18.451 54238.83618516 30.69 229.754124  67.116473 17.946
 58    18.575 54238.83618581 33.49 229.750654  67.113413 17.946
 58    18.480 54238.83618645 36.18 229.747174  67.110343 17.946
 58    18.465 54238.83618710 34.39 229.743704  67.107283 17.946
 58    18.451 54238.83618774 32.48 229.740234  67.104213 17.946
 58    18.592 54238.83618839 31.54 229.736764  67.101153 17.946
 58    18.622 54238.83618903 30.80 229.733294  67.098083 17.946
 58    18.579 54238.83618967 28.46 229.729824  67.095013 17.946
 58    18.720 54238.83619032 28.84 229.726364  67.091953 17.946
 59    71.489 54273.83619785  7.70 229.778487  67.140506  4.621
 59    69.710 54273.83619850  8.55 229.775007  67.137436  4.621
 59    68.856 54273.83619914  8.39 229.771527  67.134376  4.621
 59    68.851 54273.83619978  8.32 229.768057  67.131306  4.621
 59    67.961 54273.83620043  8.85 229.764577  67.128246  4.621
 59    65.580 54273.83620107  8.74 229.761107  67.125176  4.621
 59    65.667 54273.83620172  8.17 229.757624  67.122117  4.603
 59    65.206 54273.83620236  8.79 229.754154  67.119047  4.603
 59    64.728 54273.83620301  8.88 229.750684  67.115977  4.603
 59    61.994 54273.83620365  8.78 229.747204  67.112917  4.603
 59    61.283 54273.83620430  8.25 229.743734  67.109847  4.603
 59    17.457 54273.83620494  9.16 229.740264  67.106787  4.603
 59    71.392 54273.83620559  7.97 229.736794  67.103717  4.603
 59    54.954 54273.83620623  8.38 229.733324  67.100657  4.603
 59    76.506 54273.83620688  8.57 229.729854  67.097587  4.603
 60    19.436 54308.83619986 44.95 229.780152  67.139481 16.397
 60    19.438 54308.83620051 46.66 229.776672  67.136411 16.397
 60    19.036 54308.83620115 43.46 229.773192  67.133351 16.397
 60    18.915 54308.83620180 45.73 229.769722  67.130281 16.397
 60    19.169 54308.83620244 45.88 229.766242  67.127221 16.397
 60    18.486 54308.83620309 44.78 229.762762  67.124151 16.397
 60    17.478 54308.83620373 43.50 229.759287  67.121093 27.076
 60    17.939 54308.83620438 43.76 229.755817  67.118023 27.076
 60    18.768 54308.83620502 44.83 229.752347  67.114953 27.076
 60    17.700 54308.83620567 45.71 229.748867  67.111893 27.076
 60    17.424 54308.83620631 46.99 229.745397  67.108823 27.076
 60    17.358 54308.83620695 47.50 229.741927  67.105763 27.076
 60    17.307 54308.83620760 47.83 229.738457  67.102693 27.076
 60    18.113 54308.83620824 44.69 229.734987  67.099633 27.076
 60    17.683 54308.83620889 43.69 229.731517  67.096563 27.076
 60    17.565 54308.83620953 42.34 229.728047  67.093493 27.076
 61    67.004 54343.83617617  7.26 229.776297  67.147711  3.962
 61    68.396 54343.83617681  6.34 229.772817  67.144641  3.962
 61    68.311 54343.83617746  4.87 229.769337  67.141581  3.962
 61    69.202 54343.83617810  3.33 229.765857  67.138511  3.962
 61    67.933 54343.83617875  2.90 229.762377  67.135451  3.962
 61    67.717 54343.83617939  3.78 229.758907  67.132381  3.962
 61    15.503 54343.83618133 24.31 229.748481  67.123188  6.952
 61    15.798 54343.83618197 27.53 229.745011  67.120118  6.952
 61    14.995 54343.83618262 37.17 229.741541  67.117048  6.952
 61    10.765 54343.83618326 35.64 229.738061  67.113988  6.952
 61    16.101 54343.83618391 25.84 229.734591  67.110918  6.952
 63    68.862 54413.83612485 15.48 229.778030  67.143496  4.745
 63    19.857 54413.83612549 19.56 229.774550  67.140426  4.745
 63    18.989 54413.83612614 21.33 229.771070  67.137366  4.745
 63    65.563 54413.83612678 15.84 229.767600  67.134296  4.745
 63    63.348 54413.83612743 15.29 229.764120  67.131236  4.745
 63    20.294 54413.83612807 16.38 229.760640  67.128166  4.745
 63    20.274 54413.83612871 16.59 229.757162  67.125098  9.254
 63    20.905 54413.83612936 18.20 229.753692  67.122038  9.254
 63    20.018 54413.83613000 19.91 229.750222  67.118968  9.254
 63    19.647 54413.83613065 18.52 229.746742  67.115908  9.254
 63    18.852 54413.83613129 18.05 229.743272  67.112838  9.254
 63    18.759 54413.83613194 18.49 229.739802  67.109778  9.254
 63    17.741 54413.83613258 18.77 229.736332  67.106708  9.254
 63    17.744 54413.83613323 18.90 229.732862  67.103638  9.254
 63    17.829 54413.83613387 19.51 229.729392  67.100578  9.254
 64    70.231 54448.83610320 12.72 229.782469  67.133472  3.107
 64    69.727 54448.83610384 11.70 229.778989  67.130402  3.107
 64    69.212 54448.83610449 13.30 229.775509  67.127342  3.107
 64    66.795 54448.83610513 13.69 229.772029  67.124271  5.743
 64    64.756 54448.83610578 15.09 229.768559  67.121211  5.743
 64    17.540 54448.83610642 16.50 229.765079  67.118141  5.743
 64    15.267 54448.83610707 16.49 229.761609  67.115081  5.743
 64    16.659 54448.83610771 17.67 229.758129  67.112011  5.743
 64    14.815 54448.83610836 17.77 229.754659  67.108951  5.743
 64    14.029 54448.83610900 19.44 229.751189  67.105881  5.743
 64    13.711 54448.83610965 18.76 229.747719  67.102811  5.743
 65    17.542 54483.83611909 16.74 229.781746  67.140850  8.729
 65    16.506 54483.83611973 18.20 229.778266  67.137790  8.729
 65    16.986 54483.83612038 16.19 229.774786  67.134720  8.729
 65    66.581 54483.83612102 12.88 229.771306  67.131660  8.729
 65    66.509 54483.83612167 13.20 229.767836  67.128590  8.729
 65    63.155 54483.83612231 13.61 229.764356  67.125530  8.729
 65    19.782 54483.83612296 14.23 229.760876  67.122460  8.729
 65    17.285 54483.83612360 14.54 229.757406  67.119400  8.729
 65    16.394 54483.83612424 16.55 229.753936  67.116330  8.729
 65    17.139 54483.83612489 15.77 229.750456  67.113270  8.729
 65    15.219 54483.83612553 17.44 229.746986  67.110200  8.729
 65    15.335 54483.83612618 17.30 229.743516  67.107140  8.729
 65    15.135 54483.83612682 17.83 229.740046  67.104070  8.729
 65    14.612 54483.83612747 18.12 229.736576  67.101000  8.729
 65    14.265 54483.83612811 18.81 229.733106  67.097940  8.729
 65    14.169 54483.83612876 19.09 229.729636  67.094870  8.729
 65    13.519 54483.83612940 19.18 229.726176  67.091810  8.729
 66    69.929 54518.83611672  8.62 229.782446  67.134540  4.326
 66    69.435 54518.83611737  8.26 229.778966  67.131480  4.326
 66    69.434 54518.83611801  8.28 229.775486  67.128410  4.326
 66    67.510 54518.83611866  8.30 229.772006  67.125350  4.326
 66    67.016 54518.83611930  8.38 229.768536  67.122280  4.326
 66    66.122 54518.83611995  8.00 229.765056  67.119220  4.326
 66    63.809 54518.83612059  9.03 229.761576  67.116150  4.326
 66    62.639 54518.83612124  9.89 229.758106  67.113090  4.326
 66    59.860 54518.83612188 10.20 229.754636  67.110020  4.326
 66    17.348 54518.83612252 11.94 229.751166  67.106950  4.326
 66    15.195 54518.83612317 12.14 229.747686  67.103890  4.326
 66    15.171 54518.83612381 13.22 229.744216  67.100820  4.326
 66    15.186 54518.83612446 12.76 229.740746  67.097760  4.326
 66    13.729 54518.83612510 13.92 229.737282  67.094695  4.246
 66    14.317 54518.83612575 13.10 229.733812  67.091625  4.246
 66    13.886 54518.83612639 13.66 229.730342  67.088565  4.246
 67    66.414 54553.83613000  8.85 229.776325  67.146849  4.741
 67    67.444 54553.83613064  8.72 229.772845  67.143779  4.741
 67    66.235 54553.83613129  9.37 229.769365  67.140709  4.741
 67    67.443 54553.83613193  8.11 229.765895  67.137649  4.741
 67    67.253 54553.83613258  7.88 229.762415  67.134579  4.741
 67    65.721 54553.83613322  8.18 229.758935  67.131519  4.741
 67    64.699 54553.83613387  8.10 229.755465  67.128449  4.741
 67    63.451 54553.83613451  8.22 229.751985  67.125389  4.741
 67    62.921 54553.83613516  8.30 229.748515  67.122319  4.741
 67    61.942 54553.83613580  8.81 229.745045  67.119259  4.741
 67    61.031 54553.83613644  8.75 229.741565  67.116189  4.741
 67    59.097 54553.83613709  9.59 229.738095  67.113119  4.741
 67    15.162 54553.83613773 10.30 229.734625  67.110059  4.741
 67    14.347 54553.83613838 10.47 229.731155  67.106989  4.741
 68    68.977 54588.83611487  0.16 229.763925  67.123269  8.137
 68    69.325 54588.83611616  1.19 229.756975  67.117139  8.137
 68    60.332 54588.83611681  3.29 229.753505  67.114069  8.137
 68    15.501 54588.83611745  5.75 229.750025  67.111009  8.137
 68    14.917 54588.83611810 10.21 229.746555  67.107939  8.137
 68    14.640 54588.83611874 13.82 229.743085  67.104869  8.137
 68    15.841 54588.83611939 11.70 229.739615  67.101809  8.137
 68    14.064 54588.83612003 12.28 229.736145  67.098739  8.137
 68    13.783 54588.83612067  3.80 229.732675  67.095679  8.137
 69    72.741 54623.83612845 11.40 229.779750  67.143420  4.783
 69    71.985 54623.83612910 11.96 229.776270  67.140350  4.783
 69    71.580 54623.83612974 11.62 229.772790  67.137290  4.783
 69    70.321 54623.83613039 11.76 229.769310  67.134220  4.783
 69    69.571 54623.83613103 12.21 229.765830  67.131160  4.783
 69    68.425 54623.83613168 12.44 229.762360  67.128090  4.783
 69    69.348 54623.83613232 13.14 229.758880  67.125030  4.783
 69    67.552 54623.83613297 12.95 229.755410  67.121960  4.783
 69    71.874 54623.83613361 12.55 229.751930  67.118900  4.783
 69    70.818 54623.83613425 13.42 229.748460  67.115830  4.783
 69    72.412 54623.83613490 12.23 229.744990  67.112770  4.783
 69    72.935 54623.83613554 13.60 229.741520  67.109700  4.783
 69    74.273 54623.83613619 13.33 229.738050  67.106630  4.783
 69    76.074 54623.83613683 13.01 229.734580  67.103570  4.783
 69    77.990 54623.83613748 12.36 229.731110  67.100500  4.783
 70    70.117 54658.83613775  8.01 229.778180  67.141148  3.542
 70    69.447 54658.83613839  8.27 229.774700  67.138088  3.542
 70    69.389 54658.83613904  7.40 229.771220  67.135018  3.542
 70    67.302 54658.83613968  7.96 229.767740  67.131958  3.542
 70    66.079 54658.83614033  8.45 229.764260  67.128888  3.542
 70    66.801 54658.83614097  7.68 229.760790  67.125828  3.542
 70    66.362 54658.83614162  7.90 229.757310  67.122758  3.542
 70    63.241 54658.83614226  8.13 229.753840  67.119698  3.542
 70    64.477 54658.83614291  8.77 229.750360  67.116628  3.542
 70    61.344 54658.83614355  8.87 229.746889  67.113567  4.560
 70    71.009 54658.83614419  7.77 229.743419  67.110497  4.560
 70    71.000 54658.83614484  8.24 229.739949  67.107437  4.560
 70    75.465 54658.83614548  8.51 229.736479  67.104367  4.560
 70    76.803 54658.83614613  8.42 229.733009  67.101297  4.560
 70    77.556 54658.83614677  8.30 229.729539  67.098237  4.560
 71    69.377 54693.83611759  9.05 229.779625  67.146034 12.281
 71    66.354 54693.83611823  9.65 229.776145  67.142974 12.281
 71    65.566 54693.83611888 10.47 229.772665  67.139904 12.281
 71    65.182 54693.83611952 11.02 229.769185  67.136834 12.281
 71    15.633 54693.83612017 15.43 229.765705  67.133774 12.281
 71    61.784 54693.83612081 11.45 229.762235  67.130704 12.281
 71    16.894 54693.83612146 11.91 229.758755  67.127644 12.281
 71    16.170 54693.83612210 16.06 229.755285  67.124574 12.281
 71    16.993 54693.83612275 19.13 229.751805  67.121514 12.281
 71    16.179 54693.83612339 28.09 229.748335  67.118444 12.281
 71    16.506 54693.83612404 27.35 229.744865  67.115384 12.281
 71    13.624 54693.83612468 29.49 229.741385  67.112314 12.281
 71    15.063 54693.83612533 20.18 229.737915  67.109244 12.281
 71    13.918 54693.83612597 18.07 229.734445  67.106184 12.281
 71    14.011 54693.83612662 14.35 229.730975  67.103114 12.281
 72    16.838 54728.83609269 19.96 229.781738  67.135151 10.150
 72    16.901 54728.83609334 14.71 229.778258  67.132081 10.150
 72    15.805 54728.83609398 15.48 229.774778  67.129021 10.150
 72    16.863 54728.83609463 15.28 229.771308  67.125951 10.150
 72    16.323 54728.83609527 13.90 229.767828  67.122891 10.150
 72    16.701 54728.83609592 14.84 229.764358  67.119821 10.150
 72    16.368 54728.83609656 16.42 229.760878  67.116761 10.150
 72    16.863 54728.83609720 18.86 229.757408  67.113691 10.150
 72    16.709 54728.83609785 21.62 229.753928  67.110621 10.150
 72    16.189 54728.83609849 25.09 229.750458  67.107561 10.150
 72    16.976 54728.83609914 23.33 229.746988  67.104491 10.150
 72    14.720 54728.83609978 18.74 229.743518  67.101431 10.150
 72    15.081 54728.83610043 14.73 229.740048  67.098361 10.150
 72    15.175 54728.83610107 12.29 229.736578  67.095301 10.150
 72    14.349 54728.83610172 12.94 229.733108  67.092233  8.673
 72    13.049 54728.83610236 13.54 229.729638  67.089163  8.673
 73    16.253 54763.83609647 33.11 229.778935  67.141368 15.753
 73    17.148 54763.83609711 33.83 229.775455  67.138308 15.753
 73    16.290 54763.83609776 30.42 229.771975  67.135238 15.753
 73    16.049 54763.83609840 31.78 229.768495  67.132178 15.753
 73    15.994 54763.83609905 32.44 229.765025  67.129108 15.753
 73    15.997 54763.83609969 32.00 229.761545  67.126048 15.753
 73    16.694 54763.83610034 31.65 229.758075  67.122978 15.753
 73    14.644 54763.83610098 34.93 229.754595  67.119918 15.753
 73    16.040 54763.83610163 30.77 229.751125  67.116848 15.753
 73    16.575 54763.83610227 28.15 229.747645  67.113788 15.753
 73    15.578 54763.83610292 26.75 229.744175  67.110718 15.753
 73    15.182 54763.83610356 28.42 229.740705  67.107648 15.753
 73    14.587 54763.83610421 34.33 229.737235  67.104588 15.753
 73    17.392 54763.83610485 29.58 229.733765  67.101518 15.753
 73    14.502 54763.83610550 30.55 229.730295  67.098458 15.753
 74    15.977 54798.83608685 18.26 229.780872  67.131748  7.608
 74    17.141 54798.83608750 17.30 229.777392  67.128678  7.608
 74    16.518 54798.83608814 17.73 229.773912  67.125618  7.608
 74    17.435 54798.83608879 16.95 229.770432  67.122548  7.608
 74    17.851 54798.83608943 16.87 229.766962  67.119488  7.608
 74    17.685 54798.83609008 19.11 229.763482  67.116418  7.608
 74    18.461 54798.83609072 18.97 229.760012  67.113358  7.608
 74    18.164 54798.83609137 20.07 229.756532  67.110288  7.608
 74    17.848 54798.83609201 22.53 229.753062  67.107228  7.608
 74    16.252 54798.83609266 22.55 229.749592  67.104158  7.608
 74    16.387 54798.83609330 21.16 229.746122  67.101098  7.608
 74    15.854 54798.83609395 19.52 229.742652  67.098028  7.608
 74    15.813 54798.83609459 19.72 229.739177  67.094965  8.381
 74    15.173 54798.83609523 19.78 229.735707  67.091895  8.381
 74    14.992 54798.83609588 19.34 229.732237  67.088835  8.381
 74    14.485 54798.83609652 20.03 229.728777  67.085765  8.381
 76    68.646 54868.83608364 10.76 229.780093  67.130384  4.587
 76    66.853 54868.83608429 11.04 229.776613  67.127314  4.587
 76    66.427 54868.83608493 10.46 229.773133  67.124254  4.587
 76    66.114 54868.83608558 10.04 229.769653  67.121184  4.587
 76    66.046 54868.83608622  9.91 229.766183  67.118124  4.587
 76    65.215 54868.83608687  9.88 229.762703  67.115054  4.587
 76    63.652 54868.83608751 10.07 229.759233  67.111994  4.587
 76    61.234 54868.83608816 10.31 229.755763  67.108924  4.587
 76    61.356 54868.83608880 10.42 229.752283  67.105864  4.587
 76    59.438 54868.83608945 11.50 229.748813  67.102794  4.587
 76    15.725 54868.83609009 12.15 229.745343  67.099734  4.587
 76    14.450 54868.83609074 12.54 229.741873  67.096664  4.587
 76    14.032 54868.83609138 12.11 229.738407  67.093601  4.630
 76    13.939 54868.83609202 11.84 229.734937  67.090531  4.630
 76    13.127 54868.83609267 12.50 229.731467  67.087461  4.630
 76    13.801 54868.83609331 11.89 229.728007  67.084401  4.630
 77    66.219 54903.83609633  3.34 229.769693  67.143527  3.241
 77    65.054 54903.83609697  7.75 229.766213  67.140467  3.241
 77    64.865 54903.83609762  9.24 229.762733  67.137397  3.241
 77    63.735 54903.83609826 10.15 229.759253  67.134337  3.241
 77    63.098 54903.83609891  9.56 229.755783  67.131267  3.241
 77    63.966 54903.83609955  8.24 229.752303  67.128207  3.241
 77    64.984 54903.83610020  8.29 229.748833  67.125137  3.241
 77    62.978 54903.83610084  8.04 229.745353  67.122077  3.241
 77    63.798 54903.83610149  7.53 229.741883  67.119007  3.241
 77    65.018 54903.83610213  7.56 229.738413  67.115947  3.241
 77    66.338 54903.83610277  7.80 229.734943  67.112877  3.241
 77    62.939 54903.83610342  8.23 229.731473  67.109807  3.241
 78    68.918 54938.83607357  8.07 229.779649  67.135020  3.478
 78    68.424 54938.83607422  7.59 229.776169  67.131960  3.478
 78    66.967 54938.83607486  6.96 229.772689  67.128890  3.478
 78    65.853 54938.83607550  7.40 229.769219  67.125830  3.478
 78    65.476 54938.83607615  7.72 229.765739  67.122760  3.478
 78    65.514 54938.83607679  7.95 229.762259  67.119700  3.478
 78    64.418 54938.83607744  7.50 229.758789  67.116630  3.478
 78    63.494 54938.83607808  7.21 229.755319  67.113570  3.478
 78    59.588 54938.83607873  8.73 229.751839  67.110500  3.478
 78    60.994 54938.83607937  8.11 229.748371  67.107437  4.512
 78    58.897 54938.83608002  8.07 229.744891  67.104367  4.512
 78    15.458 54938.83608066  9.47 229.741421  67.101307  4.512
 78    15.628 54938.83608131  8.66 229.737961  67.098237  4.512
 78    14.814 54938.83608195  8.92 229.734491  67.095167  4.512
 78    13.261 54938.83608260  9.66 229.731021  67.092107  4.512
 78    12.793 54938.83608324  9.76 229.727551  67.089037  4.512
 79    25.445 54973.83610397 25.89 229.780128  67.139256 11.977
 79    25.803 54973.83610462 35.03 229.776648  67.136196 11.977
 79    25.985 54973.83610526 28.59 229.773168  67.133126 11.977
 79    24.104 54973.83610591 25.25 229.769688  67.130066 11.977
 79    24.796 54973.83610655 22.54 229.766218  67.126996 11.977
 79    25.072 54973.83610720 22.78 229.762738  67.123936 11.977
 79    25.742 54973.83610784 24.02 229.759268  67.120866 11.977
 79    25.029 54973.83610848 27.82 229.755788  67.117806 11.977
 79    24.697 54973.83610913 31.81 229.752318  67.114736 11.977
 79    24.565 54973.83610977 29.77 229.748838  67.111666 11.977
 79    24.634 54973.83611042 24.82 229.745368  67.108606 11.977
 79    23.208 54973.83611106 22.66 229.741898  67.105536 11.977
 79    23.442 54973.83611171 22.21 229.738428  67.102476 11.977
 79    24.703 54973.83611235 24.00 229.734958  67.099406 11.977
 79    26.697 54973.83611300 27.56 229.731488  67.096346 11.977
 79    22.329 54973.83611364 28.69 229.728017  67.093276  9.805
 80    20.884 55008.83611776 39.11 229.777837  67.143719 15.333
 80    20.584 55008.83611841 37.87 229.774357  67.140649 15.333
 80    21.545 55008.83611905 31.40 229.770877  67.137589 15.333
 80    19.785 55008.83611970 38.19 229.767397  67.134519 15.333
 80    21.022 55008.83612034 33.98 229.763917  67.131459 15.333
 80    18.596 55008.83612099 35.25 229.760447  67.128389 15.333
 80    18.835 55008.83612163 28.83 229.756967  67.125329 15.333
 80    21.172 55008.83612228 22.81 229.753497  67.122259 15.333
 80    20.392 55008.83612292 27.49 229.750017  67.119199 15.333
 80    20.902 55008.83612356 31.47 229.746547  67.116129 15.333
 80    21.671 55008.83612421 31.01 229.743077  67.113059 15.333
 80    19.379 55008.83612485 32.74 229.739607  67.109999 15.333
 80    17.755 55008.83612550 32.68 229.736137  67.106929 15.333
 80    17.709 55008.83612614 27.90 229.732667  67.103869 15.333
 80    17.704 55008.83612679 22.07 229.729197  67.100799 15.333
 81    16.880 55043.83610819 40.32 229.779133  67.139198 19.965
 81    18.724 55043.83610884 41.45 229.775653  67.136138 19.965
 81    17.427 55043.83610948 44.26 229.772173  67.133068 19.965
 81    18.229 55043.83611012 42.18 229.768703  67.130008 19.965
 81    18.222 55043.83611077 41.16 229.765223  67.126938 19.965
 81    18.230 55043.83611141 41.89 229.761743  67.123878 19.965
 81    18.604 55043.83611206 43.23 229.758273  67.120808 19.965
 81    17.355 55043.83611270 45.14 229.754793  67.117748 19.965
 81    17.466 55043.83611335 43.45 229.751323  67.114678 19.965
 81    17.858 55043.83611399 43.75 229.747853  67.111608 19.965
 81    17.712 55043.83611464 40.86 229.744383  67.108548 19.965
 81    16.745 55043.83611528 44.82 229.740903  67.105478 19.965
 81    16.310 55043.83611593 45.20 229.737433  67.102418 19.965
 81    18.201 55043.83611657 43.83 229.733963  67.099348 19.965
 81    15.846 55043.83611722 42.87 229.730503  67.096288 19.965
 81    16.664 55043.83611786 36.82 229.727028  67.093217 11.628
 82    70.743 55078.83608381  8.57 229.778430  67.148252  6.855
 82    70.234 55078.83608445  8.29 229.774950  67.145192  6.855
 82    70.908 55078.83608510  8.18 229.771470  67.142122  6.855
 82    68.747 55078.83608574  8.77 229.767990  67.139052  6.855
 82    68.809 55078.83608639  8.42 229.764520  67.135992  6.855
 82    67.828 55078.83608703  8.88 229.761040  67.132922  6.855
 82    64.451 55078.83608768 10.02 229.757560  67.129862  6.855
 82    64.045 55078.83608832 11.44 229.754090  67.126792  6.855
 82    17.299 55078.83608896 12.68 229.750610  67.123732  6.855
 82    17.297 55078.83608961 16.26 229.747140  67.120662  6.855
 82    16.366 55078.83609025 21.66 229.743670  67.117602  6.855
 82    17.399 55078.83609090 15.13 229.740200  67.114532  6.855
 82    15.347 55078.83609154 14.28 229.736720  67.111462  6.855
 82    70.153 55078.83609219 10.96 229.733250  67.108402  6.855
 82    75.463 55078.83609283  8.50 229.729780  67.105332  6.855
 83    71.338 55113.83604109 14.94 229.781029  67.136610  6.290
 83    70.477 55113.83604174 15.30 229.777549  67.133550  6.290
 83    70.523 55113.83604238 14.60 229.774069  67.130480  6.290
 83    69.159 55113.83604303 14.71 229.770589  67.127420  6.290
 83    68.034 55113.83604367 14.18 229.767119  67.124350  6.290
 83    68.209 55113.83604432 13.94 229.763639  67.121290  6.290
 83    66.805 55113.83604496 13.73 229.760169  67.118220  6.290
 83    65.624 55113.83604561 14.21 229.756689  67.115160  6.290
 83    57.648 55113.83604625 19.36 229.753219  67.112090  6.290
 83    59.887 55113.83604690 19.50 229.749749  67.109030  6.290
 83    16.597 55113.83604754 19.83 229.746279  67.105960  6.290
 83    62.519 55113.83604819 14.46 229.742799  67.102900  6.290
 83    62.764 55113.83604883 13.28 229.739329  67.099830  6.290
 83    74.931 55113.83604947 11.81 229.735859  67.096760  6.290
 83    76.871 55113.83605012 12.39 229.732399  67.093700  6.290
 83    79.045 55113.83605076 11.86 229.728926  67.090633  5.278
 84    69.446 55148.83604009 16.64 229.781183  67.144703 10.977
 84    16.164 55148.83604138 22.35 229.774223  67.138573 10.977
 84    16.732 55148.83604202 23.79 229.770743  67.135503 10.977
 84    17.795 55148.83604267 24.92 229.767273  67.132443 10.977
 84    17.735 55148.83604331 23.82 229.763793  67.129373 10.977
 84    18.076 55148.83604396 22.60 229.760313  67.126313 10.977
 84    18.934 55148.83604460 21.84 229.756843  67.123243 10.977
 84    17.922 55148.83604525 26.95 229.753363  67.120183 10.977
 84    19.147 55148.83604589 23.82 229.749893  67.117113 10.977
 84    15.945 55148.83604654 26.75 229.746423  67.114053 10.977
 84    18.011 55148.83604718 27.81 229.742943  67.110983 10.977
 84    16.990 55148.83604783 25.01 229.739473  67.107913 10.977
 84    16.602 55148.83604847 23.46 229.736003  67.104853 10.977
 84    16.463 55148.83604912 20.90 229.732533  67.101783 10.977
 84    17.449 55148.83604976 21.46 229.729063  67.098723 10.977
 85    70.562 55183.83602386 14.78 229.782387  67.133607  6.396
 85    68.578 55183.83602451 15.82 229.778907  67.130547  6.396
 85    67.796 55183.83602515 15.62 229.775427  67.127477  6.396
 85    66.294 55183.83602580 15.89 229.771947  67.124417  6.396
 85    65.479 55183.83602644 16.28 229.768467  67.121347  6.396
 85    66.675 55183.83602708 14.98 229.764997  67.118287  6.396
 85    62.639 55183.83602773 16.88 229.761517  67.115217  6.396
 85    63.512 55183.83602837 15.50 229.758047  67.112157  6.396
 85    62.679 55183.83602902 14.96 229.754577  67.109087  6.396
 85    59.548 55183.83602966 16.87 229.751097  67.106027  6.396
 85    57.541 55183.83603031 17.15 229.747627  67.102957  6.396
 85    16.215 55183.83603095 18.35 229.744157  67.099897  6.396
 85    14.918 55183.83603160 19.42 229.740687  67.096827  6.396
 85    16.085 55183.83603224 17.59 229.737220  67.093762  6.058
 85    15.171 55183.83603289 18.14 229.733750  67.090692  6.058
 85    14.345 55183.83603353 17.56 229.730280  67.087632  6.058
 86    67.982 55218.83603744 13.55 229.780370  67.146867  5.123
 86    66.664 55218.83603808 15.40 229.776890  67.143807  5.123
 86    66.797 55218.83603873 14.19 229.773410  67.140737  5.123
 86    67.382 55218.83603937 13.76 229.769930  67.137677  5.123
 86    67.210 55218.83604001 13.46 229.766450  67.134607  5.123
 86    66.619 55218.83604066 14.17 229.762970  67.131547  5.123
 86    65.864 55218.83604130 13.27 229.759500  67.128477  5.123
 86    63.038 55218.83604195 13.73 229.756020  67.125417  5.123
 86    62.839 55218.83604259 13.55 229.752550  67.122347  5.123
 86    61.296 55218.83604324 14.25 229.749070  67.119287  5.123
 86    62.471 55218.83604388 13.83 229.745600  67.116217  5.123
 86    62.794 55218.83604453 13.53 229.742130  67.113147  5.123
 86    64.232 55218.83604517 13.34 229.738660  67.110087  5.123
 86    65.780 55218.83604582 13.34 229.735190  67.107017  5.123
 86    65.414 55218.83604646 13.58 229.731720  67.103957  5.123
 87    70.092 55253.83602027 10.90 229.780231  67.132770  4.586
 87    69.162 55253.83602092 11.51 229.776751  67.129700  4.586
 87    69.080 55253.83602156 11.85 229.773271  67.126640  4.586
 87    67.433 55253.83602220 11.53 229.769801  67.123570  4.586
 87    65.768 55253.83602285 11.88 229.766321  67.120510  4.586
 87    66.132 55253.83602349 11.17 229.762841  67.117440  4.586
 87    64.938 55253.83602414 11.40 229.759371  67.114380  4.586
 87    63.332 55253.83602478 12.03 229.755901  67.111310  4.586
 87    62.349 55253.83602543 11.97 229.752421  67.108250  4.586
 87    60.298 55253.83602607 12.67 229.748951  67.105180  4.586
 87    60.532 55253.83602672 12.73 229.745481  67.102120  4.586
 87    60.105 55253.83602736 13.15 229.742011  67.099050  4.586
 87    13.886 55253.83602801 15.05 229.738543  67.095987  5.226
 87    57.711 55253.83602865 13.93 229.735073  67.092917  5.226
 87    13.419 55253.83602930 14.48 229.731603  67.089857  5.226
 87    59.570 55253.83602994 14.12 229.728133  67.086787  5.226
 88    65.726 55288.83602685 10.94 229.776751  67.149609  5.112
 88    65.272 55288.83602750 10.90 229.773271  67.146549  5.112
 88    64.259 55288.83602814 11.41 229.769791  67.143479  5.112
 88    65.889 55288.83602878 11.53 229.766311  67.140419  5.112
 88    62.428 55288.83602943 11.15 229.762841  67.137349  5.112
 88    16.709 55288.83603007 11.88 229.759361  67.134279  5.112
 88    63.069 55288.83603072 11.19 229.755881  67.131219  5.112
 88    63.990 55288.83603136 10.33 229.752411  67.128149  5.112
 88    62.506 55288.83603201 10.96 229.748931  67.125089  5.112
 88    62.877 55288.83603265 10.80 229.745461  67.122019  5.112
 88    62.881 55288.83603330 10.62 229.741991  67.118959  5.112
 88    64.372 55288.83603394 10.38 229.738511  67.115889  5.112
 88    64.762 55288.83603459 10.01 229.735041  67.112819  5.112
 88    65.231 55288.83603523 10.66 229.731571  67.109759  5.112
 89    21.246 55323.83600581 18.60 229.778195  67.141716 13.449
 89    21.451 55323.83600645 18.41 229.774715  67.138646 13.449
 89    21.147 55323.83600710 19.98 229.771235  67.135586 13.449
 89    21.614 55323.83600774 18.52 229.767755  67.132516 13.449
 89    20.177 55323.83600839 18.86 229.764275  67.129456 13.449
 89    20.285 55323.83600903 16.70 229.760805  67.126386 13.449
 89    20.340 55323.83600968 17.06 229.757325  67.123326 13.449
 89    19.311 55323.83601032 18.39 229.753855  67.120256 13.449
 89    18.617 55323.83601097 18.56 229.750375  67.117196 13.449
 89    18.214 55323.83601161 19.86 229.746905  67.114126 13.449
 89    18.533 55323.83601226 18.83 229.743435  67.111056 13.449
 89    18.508 55323.83601290 20.51 229.739965  67.107996 13.449
 89    18.524 55323.83601354 20.74 229.736495  67.104926 13.449
 89    18.767 55323.83601419 22.73 229.733025  67.101866 13.449
 89    18.860 55323.83601483 21.90 229.729555  67.098796 13.449
 90    15.785 55358.83600402 43.26 229.778701  67.143515 18.840
 90    18.142 55358.83600467 41.64 229.775221  67.140445 18.840
 90    18.416 55358.83600531 41.59 229.771741  67.137385 18.840
 90    18.267 55358.83600596 39.42 229.768261  67.134315 18.840
 90    19.958 55358.83600660 36.72 229.764781  67.131255 18.840
 90    18.966 55358.83600725 39.35 229.761311  67.128185 18.840
 90    19.085 55358.83600789 42.66 229.757831  67.125125 18.840
 90    17.531 55358.83600854 43.99 229.754361  67.122055 18.840
 90    18.214 55358.83600918 41.57 229.750881  67.118995 18.840
 90    18.186 55358.83600982 43.31 229.747411  67.115925 18.840
 90    17.888 55358.83601047 43.51 229.743941  67.112855 18.840
 90    17.429 55358.83601111 45.33 229.740471  67.109795 18.840
 90    17.219 55358.83601176 44.34 229.737001  67.106725 18.840
 90    16.460 55358.83601240 45.09 229.733531  67.103665 18.840
 90    18.724 55358.83601305 41.51 229.730061  67.100595 18.840
 92    70.289 55428.83602010  9.66 229.781794  67.141185  7.226
 92    68.524 55428.83602074 10.88 229.778314  67.138115  7.226
 92    16.622 55428.83602139 14.38 229.774834  67.135055  7.226
 92    13.931 55428.83602203 20.88 229.771354  67.131985  7.226
 92    14.703 55428.83602268 16.46 229.767874  67.128925  7.226
 92    15.941 55428.83602332 14.51 229.764404  67.125855  7.226
 92    15.801 55428.83602397 13.90 229.760924  67.122795  7.226
 92    16.593 55428.83602461 17.33 229.757454  67.119725  7.226
 92    16.216 55428.83602526 18.71 229.753974  67.116665  7.226
 93    17.680 55463.83598213 38.63 229.777833  67.148960 20.089
 93    15.604 55463.83598277 41.72 229.774353  67.145900 20.089
 93    17.828 55463.83598342 40.49 229.770873  67.142830 20.089
 93    16.572 55463.83598406 39.38 229.767393  67.139760 20.089
 93    11.692 55463.83598471 38.59 229.763913  67.136700 20.089
 93    17.517 55463.83598535 37.33 229.760443  67.133630 20.089
 93    15.797 55463.83598600 36.97 229.756963  67.130570 20.089
 93    17.951 55463.83598664 32.74 229.753493  67.127500 20.089
 93    17.557 55463.83598729 35.63 229.750013  67.124440 20.089
 93    16.783 55463.83598793 37.49 229.746543  67.121370 20.089
 93    17.359 55463.83598858 38.17 229.743073  67.118300 20.089
 93    16.041 55463.83598922 44.59 229.739603  67.115240 20.089
 93    15.939 55463.83598987 43.26 229.736133  67.112170 20.089
 93    15.617 55463.83599051 40.63 229.732663  67.109110 20.089
 93    15.022 55463.83599116 39.76 229.729193  67.106040 20.089
