# NaN NaN NaN ;Mean Elev.(m), Avg Gradient(m/km), RMS Gradient(m/km) - SRTM1     
#  135.330  -2.259   5.567 ;Mean Elev.(m), Avg Gradient(m/km), RMS Gradient(m/km) - ASTER GDEM
#  153.025  -0.925   1.738 ;Mean Elev.(m), Avg Gradient(m/km), RMS Gradient(m/km) - GMTED2010 
  8   154.066 52484.78550941 36.23 242.978633  61.143229 24.918
  8   153.837 52484.78551005 38.32 242.976293  61.140069 24.918
  8   153.791 52484.78551070 38.68 242.973963  61.136909 24.918
  8   153.605 52484.78551134 39.21 242.971623  61.133759 24.918
  8   153.354 52484.78551199 19.07 242.969293  61.130599 24.918
  8   152.816 52484.78551263 16.63 242.966953  61.127439 24.918
  8   152.711 52484.78551328 15.15 242.964613  61.124279 24.918
  8   153.031 52484.78551392 13.54 242.962283  61.121119 24.918
  8   152.992 52484.78551457 13.40 242.959953  61.117969 24.918
  8   153.086 52484.78551521 12.97 242.957613  61.114809 24.918
  8   153.164 52484.78551586 13.08 242.955284  61.111651 12.679
  8   153.211 52484.78551650 12.98 242.952944  61.108491 12.679
  8   153.106 52484.78551714 13.41 242.950614  61.105331 12.679
  8   153.233 52484.78551779 12.19 242.948284  61.102171 12.679
  8   153.256 52484.78551843 12.76 242.945954  61.099011 12.679
  8   153.184 52484.78551908 13.02 242.943624  61.095851 12.679
  8   153.191 52484.78551972 12.60 242.941284  61.092691 12.679
  8   153.153 52484.78552037 12.26 242.938954  61.089541 12.679
  8   153.186 52484.78552101 12.10 242.936624  61.086381 12.679
  8   153.028 52484.78552166 14.04 242.934294  61.083221 12.679
  8   152.889 52484.78552230 14.46 242.931974  61.080061 12.679
  8   152.924 52484.78552295 14.91 242.929644  61.076901 12.679
  8   152.774 52484.78552359 16.60 242.927314  61.073741 12.679
  8   152.457 52484.78552424 21.40 242.924984  61.070581 12.679
  8   153.109 52484.78552488 22.45 242.922654  61.067421 12.679
  8   153.472 52484.78552553 27.96 242.920334  61.064271 12.679
  8   153.707 52484.78552617 33.24 242.918004  61.061111 12.679
  9   153.853 52519.78547275 44.74 242.975408  61.142122 30.513
  9   153.863 52519.78547340 46.49 242.973078  61.138972 30.513
  9   153.740 52519.78547404 43.40 242.970738  61.135812 30.513
  9   153.476 52519.78547469 35.23 242.968405  61.132658  7.744
  9   153.058 52519.78547533 25.25 242.966065  61.129498  7.744
  9   152.602 52519.78547598 15.31 242.963735  61.126338  7.744
  9   152.187 52519.78547662 15.46 242.961395  61.123178  7.744
  9   152.953 52519.78547727 14.58 242.959065  61.120018  7.744
  9   152.870 52519.78547791 14.94 242.956735  61.116858  7.744
  9   152.986 52519.78547856 14.39 242.954395  61.113698  7.744
  9   153.072 52519.78547920 13.58 242.952065  61.110548  7.744
  9   153.116 52519.78547985 13.64 242.949735  61.107388  7.744
  9   153.021 52519.78548049 14.45 242.947405  61.104228  7.744
  9   153.145 52519.78548113 13.92 242.945065  61.101068  7.744
  9   153.051 52519.78548178 14.26 242.942735  61.097908  7.744
  9   153.198 52519.78548242 13.63 242.940405  61.094748  7.744
  9   153.155 52519.78548307 13.11 242.938075  61.091598  7.744
  9   153.308 52519.78548371 12.65 242.935745  61.088438  7.744
  9   153.181 52519.78548436 12.67 242.933415  61.085278  7.744
  9   153.132 52519.78548500 13.38 242.931085  61.082118  7.744
  9   153.193 52519.78548565 13.94 242.928765  61.078958  7.744
  9   152.838 52519.78548629 16.28 242.926435  61.075798  7.744
  9   152.354 52519.78548694 18.42 242.924105  61.072638  7.744
  9   152.792 52519.78548758 20.51 242.921780  61.069480 20.203
  9   153.291 52519.78548823 23.59 242.919450  61.066320 20.203
  9   153.727 52519.78548887 25.85 242.917130  61.063160 20.203
