# NaN NaN NaN ;Mean Elev.(m), Avg Gradient(m/km), RMS Gradient(m/km) - SRTM1     
#   45.933  -2.970  15.103 ;Mean Elev.(m), Avg Gradient(m/km), RMS Gradient(m/km) - ASTER GDEM
#   61.000  -3.631  13.275 ;Mean Elev.(m), Avg Gradient(m/km), RMS Gradient(m/km) - GMTED2010 
  7    54.051 52446.21259720 49.12 235.097778  64.649136 20.814
  7    53.962 52446.21259784 47.08 235.094868  64.652256 20.814
  7    53.794 52446.21259848 37.96 235.091968  64.655366 20.814
  8    53.093 52481.21258857 47.25 235.106454  64.651860 18.973
  8    53.063 52481.21258922 44.36 235.103554  64.654970 18.973
  8    52.863 52481.21258986 40.94 235.100644  64.658090 18.973
  9    51.863 52516.21254116 46.00 235.117347  64.658298 12.680
  9    51.937 52516.21254180 52.24 235.114447  64.661418 12.680
  9    51.924 52516.21254245 53.84 235.111540  64.664524 31.127
  9    52.003 52516.21254309 50.89 235.108630  64.667634 31.127
 10    51.047 52551.21258706 42.85 235.096572  64.645544 29.537
 10    51.175 52551.21258770 36.95 235.093662  64.648654 29.537
 10    50.776 52551.21258835 33.00 235.090762  64.651774 29.537
 10    50.469 52551.21258899 29.56 235.087852  64.654884 29.537
 11    50.452 52586.21256180 41.35 235.111631  64.659143 10.530
 11    50.540 52586.21256244 48.34 235.108721  64.662255 21.466
 11    50.579 52586.21256309 47.25 235.105811  64.665365 21.466
 12   125.574 52621.21253967 15.15 235.111710  64.657898  6.063
 12   125.087 52621.21254031 16.41 235.108810  64.661008  6.063
 12   124.451 52621.21254096 15.44 235.105900  64.664128  6.063
 15   123.844 52726.21256897  9.68 235.106937  64.653125  3.252
 15   122.842 52726.21256961 10.22 235.104027  64.656245  3.252
 15   122.381 52726.21257026 10.01 235.101127  64.659355  3.252
 16   124.980 52761.21258581 14.87 235.105494  64.655496 16.129
 16   126.577 52761.21258646 12.44 235.102594  64.658616 16.129
 16   126.559 52761.21258710 11.67 235.099684  64.661726 16.129
 17    54.521 52796.21254423 52.37 235.101397  64.652779 15.980
 17    54.489 52796.21254487 43.18 235.098490  64.655889 25.511
 17    54.420 52796.21254551 38.07 235.095580  64.659009 25.511
 18    53.792 52831.21261120 52.22 235.101825  64.652991 14.511
 18    53.777 52831.21261185 43.88 235.098916  64.656100 24.684
 18    53.911 52831.21261249 44.98 235.096006  64.659220 24.684
 19    51.520 52866.21265495 29.16 235.109897  64.655082 16.766
 19    51.584 52866.21265560 30.98 235.106997  64.658192 16.766
 19    51.598 52866.21265624 41.49 235.104087  64.661302 16.766
 20    50.979 52901.21268325 50.06 235.107221  64.656981 14.779
 20    50.923 52901.21268390 53.79 235.104311  64.660091 14.779
 21    50.452 52936.21262463 49.26 235.112918  64.659857 12.974
 21    50.546 52936.21262527 50.92 235.110018  64.662977 12.974
 21    50.461 52936.21262592 48.51 235.107112  64.666084 18.809
 22    50.964 52971.21264730 13.84 235.102454  64.650283 10.661
 22    58.405 52971.21264795 12.19 235.099555  64.653395 12.857
 22    59.517 52971.21264859 11.70 235.096645  64.656505 12.857
 23   123.455 53006.21266146  9.90 235.102643  64.652669  3.766
 23   123.077 53006.21266211  9.30 235.099733  64.655779  3.766
 23   122.047 53006.21266275  9.66 235.096833  64.658892  3.586
 24   123.205 53041.21261264  9.52 235.095490  64.646645  2.848
 24   122.175 53041.21261328  8.77 235.092590  64.649755  2.848
 24   121.714 53041.21261393  7.88 235.089680  64.652875  2.848
 25    59.152 53076.21264625  7.49 235.106799  64.653684  2.685
 25    82.730 53076.21264690  7.32 235.103899  64.656794  2.685
 26   123.541 53111.21261540  5.56 235.094264  64.645831  2.238
 26   122.473 53111.21261605  5.50 235.091354  64.648941  2.238
 26   121.559 53111.21261669  4.60 235.088444  64.652051  2.238
 26   121.213 53111.21261734  4.32 235.085534  64.655161  2.238
 27    59.508 53146.21265874 37.86 235.103138  64.649764 21.372
 27    59.499 53146.21265938 40.20 235.100238  64.652874 21.372
 27    58.957 53146.21266003 41.49 235.097328  64.655984 21.372
 27    59.064 53146.21266067 40.19 235.094418  64.659094 21.372
 28    53.004 53181.21266707 49.78 235.108696  64.655634 24.715
 28    52.997 53181.21266771 50.24 235.105786  64.658744 24.715
 28    52.982 53181.21266836 52.69 235.102876  64.661854 24.715
 29    54.254 53216.21268960 16.38 235.105268  64.653624 18.686
 29    54.428 53216.21269024 13.07 235.102358  64.656734 18.686
 29   118.478 53216.21269089 12.76 235.099448  64.659844 18.686
 30    50.375 53251.21266874 45.78 235.111308  64.657639 19.727
 30    50.424 53251.21266939 54.19 235.108408  64.660759 19.727
 30    50.386 53251.21267003 50.10 235.105498  64.663869 19.727
 31    50.175 53286.21266059 51.13 235.093928  64.647895 32.018
 31    50.206 53286.21266124 51.53 235.091018  64.651005 32.018
 31    50.110 53286.21266188 48.90 235.088108  64.654115 32.018
 32   124.390 53321.21263800 13.69 235.110217  64.656826  3.245
 32   120.992 53321.21263865 14.13 235.107307  64.659946  3.245
 32   123.199 53321.21263929 13.80 235.104407  64.663056  3.245
 34   122.545 53391.21261908  7.74 235.096773  64.649730  2.553
 34   121.994 53391.21261972  7.07 235.093863  64.652840  2.553
 34   121.623 53391.21262036  7.24 235.090953  64.655950  2.553
 36   124.622 53461.21262632  6.60 235.102614  64.650833  2.500
 36   124.545 53461.21262697  7.38 235.099704  64.653943  2.500
 36   122.861 53461.21262761  7.83 235.096794  64.657053  2.500
 37    58.306 53496.21270589 54.42 235.098390  64.650665 22.831
 37    58.329 53496.21270653 54.37 235.095490  64.653775 22.831
 37    58.328 53496.21270718 50.59 235.092580  64.656885 22.831
 38    54.901 53531.21268476 35.76 235.110216  64.658238 18.558
 38    54.570 53531.21268540 29.24 235.107306  64.661348 18.558
 38    54.455 53531.21268604 24.58 235.104396  64.664458 18.558
 39    53.025 53566.21270954 48.94 235.105614  64.653532 35.075
 39    52.997 53566.21271019 51.12 235.102704  64.656642 35.075
 39    52.961 53566.21271083 52.98 235.099804  64.659762 35.075
 40    52.061 53601.21265403 47.17 235.112575  64.659739 22.051
 40    51.755 53601.21265468 50.46 235.109675  64.662849 22.051
 40    51.837 53601.21265532 49.06 235.106765  64.665959 22.051
 41    52.082 53636.21264971 49.26 235.096850  64.648717 28.210
 41    52.124 53636.21265035 50.76 235.093940  64.651837 28.210
 41    52.078 53636.21265100 45.89 235.091030  64.654947 28.210
 42   123.826 53671.21267106 13.81 235.101051  64.651429 15.313
 42   122.422 53671.21267170 13.00 235.098151  64.654539 15.313
 42   122.049 53671.21267235 12.71 235.095241  64.657649 15.313
 43   125.714 53706.21260421 10.74 235.117132  64.658945  4.668
 43   125.550 53706.21260485 11.34 235.114232  64.662055  4.668
 43   124.238 53706.21260549 11.01 235.111322  64.665165  4.668
 43   123.493 53706.21260614 10.27 235.108412  64.668275  4.668
 44   126.365 53741.21251745 13.70 235.124866  64.661017  5.177
 44   125.723 53741.21251810 13.44 235.121956  64.664127  5.177
 44   124.857 53741.21251874 13.05 235.119056  64.667237  5.177
 44   124.196 53741.21251939 12.91 235.116146  64.670347  5.177
 44   124.110 53741.21252003 12.66 235.113240  64.673464  3.485
 44   124.060 53741.21252067 12.23 235.110330  64.676574  3.485
 45   124.423 53776.21253956 10.23 235.107812  64.654433  4.327
 45   124.066 53776.21254020 10.41 235.104912  64.657543  4.327
 45   123.714 53776.21254085 11.17 235.102002  64.660653  4.327
 46   126.150 53811.21252013  9.24 235.118911  64.660678  4.154
 46   125.279 53811.21252078  9.37 235.116001  64.663788  4.154
 46   124.656 53811.21252142 10.35 235.113091  64.666898  4.154
 46   124.046 53811.21252207 10.42 235.110191  64.670008  4.154
 47   124.011 53846.21256659  6.27 235.100193  64.648039  3.837
 47   123.242 53846.21256724  5.11 235.097283  64.651149  3.837
 47   122.639 53846.21256788  4.77 235.094383  64.654259  3.837
 47   122.246 53846.21256853  5.55 235.091473  64.657369  3.837
 48    54.559 53881.21259182 54.20 235.105130  64.654781 20.341
 48    54.499 53881.21259247 54.81 235.102230  64.657891 20.341
 48    54.425 53881.21259311 49.93 235.099320  64.661001 20.341
 49   122.290 53916.21265091 13.23 235.100406  64.652126 17.166
 49   121.642 53916.21265156 10.93 235.097496  64.655236 17.166
 49   119.972 53916.21265220 10.85 235.094596  64.658346 17.166
 50    51.775 53951.21265778 47.04 235.102039  64.651930 28.393
 50    51.665 53951.21265842 48.29 235.099139  64.655050 28.393
 50    51.899 53951.21265907 47.37 235.096229  64.658160 28.393
 52    52.787 54021.21263385 34.22 235.101914  64.649822 27.207
 52    50.515 54021.21263449 49.88 235.099004  64.652932 27.207
 52    50.452 54021.21263514 56.51 235.096094  64.656042 27.207
 53   124.030 54056.21262642 15.18 235.109617  64.656942  5.312
 53   120.867 54056.21262707 16.42 235.106707  64.660052  5.312
 53   122.791 54056.21262771 16.73 235.103807  64.663162  5.312
 54   124.735 54091.21261178  9.26 235.113945  64.657628  3.797
 54   124.896 54091.21261243  9.29 235.111035  64.660738  3.797
 54   124.162 54091.21261307  9.80 235.108125  64.663848  3.797
 55   123.222 54126.21254152  7.08 235.098855  64.648880  3.738
 55   122.378 54126.21254217  6.01 235.095945  64.651990  3.738
 55   122.385 54126.21254281  6.10 235.093035  64.655100  3.738
 56   125.227 54161.21257914  6.15 235.107756  64.653484  3.464
 56   125.361 54161.21257978  6.76 235.104845  64.656599  2.560
 56   123.744 54161.21258042  6.93 235.101935  64.659709  2.560
 57   123.447 54196.21254370  4.94 235.099865  64.650751  3.151
 57   122.322 54196.21254435  5.30 235.096953  64.653860  2.504
 57   122.272 54196.21254499  4.44 235.094043  64.656980  2.504
 58    53.813 54231.21259212 50.45 235.105303  64.652829 14.922
 58    53.842 54231.21259276 49.49 235.102402  64.655943 20.138
 58    53.899 54231.21259341 50.03 235.099492  64.659053 20.138
 59    54.923 54266.21260969 25.86 235.106425  64.654137  6.417
 59    54.649 54266.21261034 20.69 235.103521  64.657243 16.873
 59    54.256 54266.21261098 22.34 235.100611  64.660353 16.873
 60    53.707 54301.21261429 35.30 235.108754  64.653819  9.786
 60    53.586 54301.21261494 33.70 235.105847  64.656934 14.345
 60    53.586 54301.21261558 31.48 235.102937  64.660044 14.345
 61    55.660 54336.21260277 23.40 235.110166  64.657205 11.277
 61    48.389 54336.21260342 22.91 235.107256  64.660315 11.277
 61    47.632 54336.21260406 22.15 235.104346  64.663425 11.277
 62    51.847 54371.21254610 43.53 235.102696  64.650815 26.875
 62    51.757 54371.21254675 34.51 235.099786  64.653925 26.875
 62    51.842 54371.21254739 33.30 235.096876  64.657035 26.875
 63    51.272 54406.21254733 45.88 235.107147  64.656391 29.096
 63    51.283 54406.21254798 50.11 235.104237  64.659501 29.096
 63    51.275 54406.21254862 44.67 235.101327  64.662621 29.096
 64   123.509 54441.21250382 10.11 235.098672  64.646636  2.657
 64   122.639 54441.21250446  9.15 235.095762  64.649756  2.657
 64   121.499 54441.21250511  8.61 235.092852  64.652866  2.657
 64   120.975 54441.21250575  7.68 235.089942  64.655976  2.657
 65   123.906 54476.21253457  9.83 235.107258  64.653533  3.340
 65   124.116 54476.21253521 10.10 235.104348  64.656653  3.340
 65   122.853 54476.21253586 10.47 235.101438  64.659763  3.340
 66   123.090 54511.21252016 10.32 235.099524  64.649167  3.886
 66   122.456 54511.21252080  9.39 235.096611  64.652277  2.559
 66   122.100 54511.21252145  8.55 235.093701  64.655387  2.559
 67   124.685 54546.21254917  8.18 235.109015  64.655587  3.408
 67   123.736 54546.21254982  9.26 235.106110  64.658701  3.413
 67   124.224 54546.21255046  8.79 235.103200  64.661811  3.413
 68   125.081 54581.21251672  6.81 235.105632  64.654302  2.435
 68   124.749 54581.21251737  7.04 235.102722  64.657412  2.435
 68   124.073 54581.21251801  7.24 235.099812  64.660522  2.435
 69    54.885 54616.21253800 42.17 235.108354  64.653968 10.167
 69    54.638 54616.21253865 37.60 235.105444  64.657078 10.167
 69    54.847 54616.21253929 37.01 235.102533  64.660193 16.305
 70    54.345 54651.21255092 37.10 235.104354  64.653434 11.647
 70    54.150 54651.21255157 31.68 235.101454  64.656544 11.647
 70    54.354 54651.21255221 34.47 235.098542  64.659656 18.071
 71    56.124 54686.21254388 24.23 235.110269  64.656894 11.238
 71    51.715 54686.21254453 19.78 235.107359  64.660004 11.238
 71    51.565 54686.21254517 40.23 235.104459  64.663114 11.238
 72    53.249 54721.21249559 29.19 235.099314  64.649175 10.643
 72    51.290 54721.21249623 24.14 235.096398  64.652286 14.672
 72    50.858 54721.21249688 28.46 235.093498  64.655396 14.672
 73    50.368 54756.21251797 23.46 235.107357  64.653710  9.867
 73    50.648 54756.21251861 35.61 235.104447  64.656820  9.867
 73    50.764 54756.21251926 44.60 235.101541  64.659933 10.006
 74   122.994 54791.21248869 10.61 235.098146  64.647929  4.937
 74   122.130 54791.21248934  8.99 235.095237  64.651037  2.708
 74   121.376 54791.21248998  8.97 235.092327  64.654157  2.708
 75   123.938 54826.21251459  9.00 235.105495  64.651686  4.960
 75   123.001 54826.21251523  9.01 235.102595  64.654796  4.960
 75   120.626 54826.21251588  9.48 235.099683  64.657908  3.024
 76   122.751 54861.21248254 10.07 235.100819  64.649402  2.532
 76   122.723 54861.21248318  4.93 235.097919  64.652522  2.532
 76   122.251 54861.21248383  5.26 235.095009  64.655632  2.532
 77   124.220 54896.21251587  5.58 235.107509  64.655701  3.777
 77   123.888 54896.21251651  6.39 235.104596  64.658814  2.696
 77   121.938 54896.21251716  7.30 235.101696  64.661924  2.696
 78   123.335 54931.21248027  4.17 235.099271  64.651090  3.746
 78   122.535 54931.21248092  3.56 235.096360  64.654201  2.662
 78   121.915 54931.21248156  3.92 235.093450  64.657311  2.662
 79    63.807 54966.21251619 46.61 235.107248  64.652732 12.098
 79    63.923 54966.21251683 54.90 235.104338  64.655842 12.098
 79    63.981 54966.21251748 50.94 235.101430  64.658957 29.017
 80    55.243 55001.21253610 51.55 235.105143  64.652432 17.995
 80    55.184 55001.21253674 54.75 235.102233  64.655542 17.995
 80    55.150 55001.21253739 51.03 235.099328  64.658656 29.524
 81    52.981 55036.21252217 46.69 235.107190  64.653732 20.800
 81    52.923 55036.21252281 48.97 235.104280  64.656852 20.800
 81    52.875 55036.21252346 55.31 235.101370  64.659962 20.800
 82    52.812 55071.21251123 43.13 235.111519  64.657301 12.511
 82    52.680 55071.21251188 42.29 235.108609  64.660421 12.511
 82    52.716 55071.21251252 49.22 235.105706  64.663528 26.826
 83    51.675 55106.21245357 36.53 235.098871  64.649482 12.321
 83    51.451 55106.21245422 28.49 235.095961  64.652592 12.321
 83    51.487 55106.21245486 21.61 235.093057  64.655701 13.774
 84    50.588 55141.21246074 45.39 235.106436  64.656283 26.623
 84    50.645 55141.21246139 52.35 235.103526  64.659403 26.623
 84    50.687 55141.21246203 44.38 235.100616  64.662513 26.623
 85    50.927 55176.21242252 31.42 235.098073  64.649534 19.453
 85    51.170 55176.21242317 39.76 235.095163  64.652654 19.453
 85    51.227 55176.21242381 48.38 235.092253  64.655764 19.453
 86   123.455 55211.21245485 10.61 235.106364  64.653181  4.441
 86   122.726 55211.21245549 11.47 235.103454  64.656291  4.441
 86   123.050 55211.21245614 11.34 235.100544  64.659404  3.054
 87    55.661 55246.21242733 11.30 235.100013  64.652366 18.638
 87    59.728 55246.21242798 10.04 235.097101  64.655475  3.644
 87    60.623 55246.21242862  9.41 235.094191  64.658595  3.644
 88    75.859 55281.21244914  8.01 235.108284  64.656230  9.784
 88    79.060 55281.21244978  7.97 235.105370  64.659344  3.698
 88    82.933 55281.21245043  7.92 235.102470  64.662454  3.698
 89    54.897 55316.21241582 42.42 235.106242  64.652634 14.237
 89    54.856 55316.21241646 48.29 235.103335  64.655750 28.090
 89    54.950 55316.21241711 53.30 235.100425  64.658860 28.090
 90    52.330 55351.21242111 46.30 235.108298  64.656957 10.390
 90    52.351 55351.21242175 45.03 235.105389  64.660072 14.960
 90    52.357 55351.21242240 47.55 235.102479  64.663182 14.960
 91    53.331 55386.21241472 42.10 235.099469  64.649470 13.679
 91    53.197 55386.21241537 47.28 235.096561  64.652581 27.648
 91    53.364 55386.21241601 46.52 235.093651  64.655691 27.648
 92    51.884 55421.21243878 38.72 235.108133  64.653482 16.268
 92    52.047 55421.21243943 54.75 235.105223  64.656592 16.268
 92    51.938 55421.21244007 53.84 235.102314  64.659706 27.388
 93    51.563 55456.21241454 41.32 235.113101  64.657018 16.361
 93    51.456 55456.21241518 49.64 235.110201  64.660128 16.361
 93    51.450 55456.21241583 54.28 235.107291  64.663238 16.361
