# NaN NaN NaN ;Mean Elev.(m), Avg Gradient(m/km), RMS Gradient(m/km) - SRTM1     
#    8.242  -1.819   8.990 ;Mean Elev.(m), Avg Gradient(m/km), RMS Gradient(m/km) - ASTER GDEM
#   11.522  -2.459   8.531 ;Mean Elev.(m), Avg Gradient(m/km), RMS Gradient(m/km) - GMTED2010 
  7    13.767 52452.22112668 37.57 229.487147  67.298104 13.849
  7    13.822 52452.22112732 39.40 229.483617  67.301164 13.849
  7    13.830 52452.22112797 36.93 229.480097  67.304224 13.849
  7    13.586 52452.22112861 30.88 229.476577  67.307284 13.849
  7    13.340 52452.22112926 28.77 229.473047  67.310344 13.849
  7    13.353 52452.22112990 29.05 229.469527  67.313404 13.849
  7    13.550 52452.22113055 29.06 229.465997  67.316474 13.849
  7    13.717 52452.22113119 31.38 229.462477  67.319534 13.849
  7    13.738 52452.22113184 34.34 229.458947  67.322594 13.849
  7    13.457 52452.22113248 32.28 229.455417  67.325654 13.849
  7    13.669 52452.22113313 37.05 229.451887  67.328714 13.849
  7    13.767 52452.22113377 43.81 229.448357  67.331774 13.849
  8    13.111 52487.22110721 22.67 229.503131  67.295612 10.597
  8    13.506 52487.22110785 24.39 229.499611  67.298672 10.597
  8     8.937 52487.22110849 27.66 229.496091  67.301732 10.597
  8    10.029 52487.22110914 29.22 229.492571  67.304792 10.597
  8    10.812 52487.22110978 30.28 229.489041  67.307862 10.597
  8    11.475 52487.22111043 30.76 229.485521  67.310922 10.597
  8    12.337 52487.22111107 29.77 229.482001  67.313982 10.597
  8    12.803 52487.22111172 29.84 229.478471  67.317042 10.597
  8    13.233 52487.22111236 32.11 229.474941  67.320102 10.597
  8    13.591 52487.22111301 32.71 229.471421  67.323162 10.597
  8    13.786 52487.22111365 35.26 229.467891  67.326232 10.597
  8    13.915 52487.22111430 38.57 229.464363  67.329286 17.848
  8    13.888 52487.22111494 40.52 229.460833  67.332346 17.848
  9    75.797 52522.22107739  5.09 229.508381  67.294588  3.659
  9    74.454 52522.22107804  6.44 229.504861  67.297648  3.659
  9    73.172 52522.22107868  6.38 229.501341  67.300708  3.659
  9    71.378 52522.22107933  6.12 229.497821  67.303768  3.659
  9    70.768 52522.22107997  6.01 229.494301  67.306828  3.659
  9    69.103 52522.22108062  5.24 229.490771  67.309898  3.659
  9    67.941 52522.22108126  4.88 229.487251  67.312958  3.659
  9    66.717 52522.22108190  4.87 229.483731  67.316018  3.659
  9    64.303 52522.22108255  5.35 229.480201  67.319078  3.659
  9    63.723 52522.22108319  5.48 229.476681  67.322138  3.659
  9    65.260 52522.22108384  5.30 229.473151  67.325198  3.659
  9    67.853 52522.22108448  4.74 229.469621  67.328258  3.659
  9    69.921 52522.22108513  4.13 229.466090  67.331322 25.822
 11    11.597 52592.22112454 39.15 229.491523  67.298110 17.605
 11    11.603 52592.22112519 39.21 229.488003  67.301180 17.605
 11    11.437 52592.22112583 35.73 229.484483  67.304240 17.605
 11    11.398 52592.22112648 37.20 229.480953  67.307300 17.605
 11    11.406 52592.22112712 37.34 229.477433  67.310360 17.605
 11    11.346 52592.22112777 39.61 229.473903  67.313420 17.605
 11    11.357 52592.22112841 39.93 229.470383  67.316480 17.605
 11    11.289 52592.22112906 35.18 229.466853  67.319540 17.605
 11    11.479 52592.22112970 39.19 229.463326  67.322604 12.993
 11    11.408 52592.22113035 38.60 229.459796  67.325664 12.993
 11    11.452 52592.22113099 40.16 229.456276  67.328724 12.993
 11    11.453 52592.22113164 41.64 229.452746  67.331794 12.993
 12    11.640 52627.22104212 22.73 229.485399  67.299796  4.394
 12    11.582 52627.22104276 23.44 229.481879  67.302856  4.394
 12    11.536 52627.22104341 24.25 229.478349  67.305916  4.394
 12    11.478 52627.22104405 25.99 229.474819  67.308976  4.394
 12    11.475 52627.22104470 26.38 229.471299  67.312036  4.394
 12    11.502 52627.22104534 27.55 229.467772  67.315104 10.894
 12    11.469 52627.22104599 33.09 229.464242  67.318164 10.894
 12    11.488 52627.22104663 40.67 229.460712  67.321224 10.894
 12    11.510 52627.22104728 35.87 229.457182  67.324284 10.894
 12    11.508 52627.22104792 33.65 229.453652  67.327344 10.894
 12    11.466 52627.22104857 28.01 229.450112  67.330404 10.894
 12    11.174 52627.22104921 25.85 229.446582  67.333464 10.894
 13    65.927 52662.22108747 18.89 229.495678  67.297007  5.134
 13    65.974 52662.22108812 18.46 229.492158  67.300067  5.134
 13    65.959 52662.22108876 17.68 229.488638  67.303137  5.134
 13    65.528 52662.22108941 17.40 229.485108  67.306197  5.134
 13    65.306 52662.22109005 16.96 229.481588  67.309257  5.134
 13    65.176 52662.22109070 14.40 229.478058  67.312317  5.134
 13    64.761 52662.22109134 14.33 229.474538  67.315377  5.134
 13    64.170 52662.22109198 13.28 229.471008  67.318437  5.134
 13    63.441 52662.22109263 14.10 229.467478  67.321497  5.134
 13    63.002 52662.22109327 15.19 229.463957  67.324559  5.926
 13    66.271 52662.22109392 15.78 229.460427  67.327619  5.926
 13    69.288 52662.22109456 12.93 229.456897  67.330679  5.926
 14    67.023 52697.22106608 19.36 229.475215  67.302005  4.990
 14    66.698 52697.22106672 18.92 229.471695  67.305065  4.990
 14    66.684 52697.22106737 16.19 229.468165  67.308125  4.990
 14    66.485 52697.22106801 13.88 229.464645  67.311185  4.990
 14    66.330 52697.22106865 12.97 229.461115  67.314255  4.990
 14    65.447 52697.22106930 13.26 229.457585  67.317315  4.990
 14    64.447 52697.22106994 15.16 229.454055  67.320375  4.990
 14    64.827 52697.22107059 15.14 229.450525  67.323435  4.990
 14    68.394 52697.22107123 13.84 229.446995  67.326495  4.990
 14    71.121 52697.22107188 12.39 229.443460  67.329558  5.480
 14    73.080 52697.22107252 12.74 229.439930  67.332618  5.480
 15    81.687 52732.22108661  6.26 229.510436  67.292758  3.247
 15    65.264 52732.22108726 10.17 229.506916  67.295818  3.247
 15    66.100 52732.22108790 12.01 229.503396  67.298878  3.247
 15    66.274 52732.22108855 12.96 229.499876  67.301938  3.247
 15    65.130 52732.22108919 13.11 229.496346  67.305008  3.247
 15    64.793 52732.22108984 12.61 229.492826  67.308068  3.247
 15    64.587 52732.22109048 11.97 229.489306  67.311128  3.247
 15    63.592 52732.22109112 12.24 229.485776  67.314188  3.247
 15    64.323 52732.22109177  8.45 229.482256  67.317248  3.247
 15    63.042 52732.22109241  8.82 229.478726  67.320308  3.247
 15    63.327 52732.22109306  9.14 229.475196  67.323368  3.247
 15    64.602 52732.22109370  9.74 229.471668  67.326430  2.990
 15    67.147 52732.22109435  8.81 229.468138  67.329490  2.990
 16    82.132 52767.22109592  5.37 229.510261  67.294220  2.781
 16    80.632 52767.22109657  6.50 229.506741  67.297290  2.781
 16    79.248 52767.22109721  7.15 229.503221  67.300350  2.781
 16    74.871 52767.22109786  8.73 229.499701  67.303410  2.781
 16    74.084 52767.22109850  7.70 229.496181  67.306470  2.781
 16    73.645 52767.22109915  6.98 229.492661  67.309530  2.781
 16    70.727 52767.22109979  6.26 229.489141  67.312590  2.781
 16    64.214 52767.22110043  7.25 229.485611  67.315660  2.781
 16    63.693 52767.22110108  7.75 229.482091  67.318720  2.781
 16    63.782 52767.22110172  8.19 229.478561  67.321780  2.781
 16    65.171 52767.22110237  8.20 229.475041  67.324840  2.781
 16    67.288 52767.22110301  8.19 229.471511  67.327900  2.781
 16    69.302 52767.22110366  9.19 229.467981  67.330960  2.781
 17    74.699 52802.22110772 11.22 229.472236  67.303156  5.711
 17    72.685 52802.22110837 10.86 229.468716  67.306216  5.711
 17    70.434 52802.22110901 10.61 229.465186  67.309276  5.711
 17    68.323 52802.22110966 10.25 229.461658  67.312336 14.987
 17    69.972 52802.22111030  8.09 229.458128  67.315396 14.987
 17    68.069 52802.22111095  7.45 229.454598  67.318466 14.987
 17    68.626 52802.22111159  6.69 229.451068  67.321526 14.987
 17    69.448 52802.22111223  6.07 229.447538  67.324586 14.987
 17    71.575 52802.22111288  5.76 229.444008  67.327646 14.987
 17    58.662 52802.22111352 12.55 229.440478  67.330706 14.987
 18    67.229 52837.22117183 11.15 229.485393  67.298805  5.736
 18    74.010 52837.22117247  9.84 229.481863  67.301865  5.736
 18    71.673 52837.22117312  9.89 229.478343  67.304925  5.736
 18    69.984 52837.22117376  8.18 229.474813  67.307985  5.736
 18    68.006 52837.22117441  7.42 229.471293  67.311045  5.736
 18    69.829 52837.22117505  5.64 229.467763  67.314105  5.736
 18    66.444 52837.22117569  6.27 229.464228  67.317166  9.070
 18    65.512 52837.22117634  6.75 229.460708  67.320226  9.070
 18    66.192 52837.22117698  7.00 229.457178  67.323296  9.070
 18    67.727 52837.22117763  6.00 229.453648  67.326356  9.070
 18    71.214 52837.22117827  5.39 229.450118  67.329416  9.070
 18    73.280 52837.22117892  5.34 229.446578  67.332476  9.070
 19    12.053 52872.22121187 18.48 229.491773  67.298302 11.723
 19    12.798 52872.22121251 19.32 229.488253  67.301362 11.723
 19    12.512 52872.22121316 21.09 229.484723  67.304422 11.723
 19    12.886 52872.22121380 22.01 229.481203  67.307482 11.723
 19    12.862 52872.22121445 20.91 229.477673  67.310542 11.723
 19    12.326 52872.22121509 23.16 229.474153  67.313602 11.723
 19    11.263 52872.22121574 25.55 229.470623  67.316662 11.723
 19    11.433 52872.22121638 24.41 229.467091  67.319725 11.754
 19    11.132 52872.22121703 25.65 229.463561  67.322785 11.754
 19    11.172 52872.22121767 28.96 229.460041  67.325855 11.754
 19    11.106 52872.22121832 25.93 229.456511  67.328915 11.754
 19    11.241 52872.22121896 36.70 229.452971  67.331975 11.754
 20    10.914 52907.22120085 21.60 229.505775  67.294997 13.353
 20    10.778 52907.22120150 25.86 229.502255  67.298067 13.353
 20    10.672 52907.22120214 23.86 229.498735  67.301127 13.353
 20    10.657 52907.22120279 21.49 229.495215  67.304187 13.353
 20    10.508 52907.22120343 23.93 229.491695  67.307247 13.353
 20    10.598 52907.22120407 25.75 229.488175  67.310307 13.353
 20    12.353 52907.22120472 20.41 229.484645  67.313367 13.353
 20    11.707 52907.22120536 20.44 229.481115  67.316427 13.353
 20    11.446 52907.22120601 21.54 229.477595  67.319497 13.353
 20    10.649 52907.22120665 23.10 229.474065  67.322557 13.353
 20    10.383 52907.22120730 24.02 229.470535  67.325617 13.353
 20    10.816 52907.22120794 18.06 229.467015  67.328677 13.353
 20    21.216 52907.22120859 18.73 229.463485  67.331737 13.353
 21     9.779 52942.22113097 47.63 229.480932  67.299970 31.090
 21     9.807 52942.22113161 50.36 229.477412  67.303030 31.090
 21     9.904 52942.22113226 49.05 229.473882  67.306090 31.090
 21     9.858 52942.22113290 46.65 229.470362  67.309150 31.090
 21     9.845 52942.22113355 46.37 229.466832  67.312210 31.090
 21     9.820 52942.22113419 41.85 229.463302  67.315280 31.090
 21     9.731 52942.22113484 44.29 229.459772  67.318340 31.090
 21     9.645 52942.22113548 37.55 229.456242  67.321400 31.090
 21     9.805 52942.22113613 47.42 229.452712  67.324460 31.090
 21     9.803 52942.22113677 44.07 229.449182  67.327520 31.090
 21     9.842 52942.22113741 44.16 229.445652  67.330580 31.090
 23    82.426 53012.22118544  7.63 229.496985  67.296744  3.251
 23    71.738 53012.22118609  8.69 229.493465  67.299804  3.251
 23    78.653 53012.22118673  9.12 229.489945  67.302864  3.251
 23    66.298 53012.22118738  9.35 229.486425  67.305924  3.251
 23    66.264 53012.22118802  8.93 229.482895  67.308984  3.251
 23    65.790 53012.22118866  7.51 229.479375  67.312054  3.251
 23    65.553 53012.22118931  7.58 229.475845  67.315114  3.251
 23    65.065 53012.22118995  7.64 229.472325  67.318174  3.251
 23    64.237 53012.22119060  8.35 229.468795  67.321234  3.251
 23    65.054 53012.22119124  8.65 229.465265  67.324294  3.251
 23    68.147 53012.22119189  8.97 229.461745  67.327354  3.251
 23    69.559 53012.22119253  8.19 229.458215  67.330414  3.251
 24    80.454 53047.22115389  9.62 229.477801  67.301485  3.546
 24    67.820 53047.22115453 10.53 229.474281  67.304545  3.546
 24    76.741 53047.22115518 10.61 229.470751  67.307615  3.546
 24    67.017 53047.22115582  9.52 229.467231  67.310675  3.546
 24    66.686 53047.22115647  9.28 229.463701  67.313735  3.546
 24    70.499 53047.22115711  7.55 229.460171  67.316795  3.546
 24    65.526 53047.22115776  8.63 229.456641  67.319855  3.546
 24    65.049 53047.22115840 10.05 229.453111  67.322915  3.546
 24    66.958 53047.22115905  9.97 229.449584  67.325982  3.386
 24    70.851 53047.22115969  8.13 229.446054  67.329042  3.386
 24    72.542 53047.22116034  7.66 229.442524  67.332102  3.386
 25    81.116 53082.22118749  8.08 229.492989  67.297517  3.151
 25    79.499 53082.22118813  9.14 229.489469  67.300577  3.151
 25    69.263 53082.22118878  9.25 229.485949  67.303647  3.151
 25    66.572 53082.22118942 10.08 229.482419  67.306707  3.151
 25    66.438 53082.22119007  8.67 229.478899  67.309767  3.151
 25    66.038 53082.22119071  8.33 229.475379  67.312827  3.151
 25    65.720 53082.22119136  7.59 229.471849  67.315887  3.151
 25    65.083 53082.22119200  7.61 229.468329  67.318947  3.151
 25    64.512 53082.22119264  8.01 229.464799  67.322017  3.151
 25    64.490 53082.22119329  8.48 229.461275  67.325071  3.424
 25    67.849 53082.22119393  8.51 229.457745  67.328131  3.424
 25    70.115 53082.22119458  7.50 229.454215  67.331191  3.424
 26    80.175 53117.22115930  8.91 229.474273  67.302079  3.833
 26    70.664 53117.22115995  8.71 229.470753  67.305149  3.833
 26    67.880 53117.22116059  8.52 229.467223  67.308209  3.833
 26    66.930 53117.22116124  9.00 229.463693  67.311269  3.833
 26    69.311 53117.22116188  7.72 229.460173  67.314329  3.833
 26    68.595 53117.22116253  6.71 229.456643  67.317389  3.833
 26    67.450 53117.22116317  6.25 229.453113  67.320449  3.833
 26    65.706 53117.22116382  7.19 229.449581  67.323506  2.870
 26    67.867 53117.22116446  6.94 229.446051  67.326576  2.870
 26    70.725 53117.22116511  6.21 229.442521  67.329636  2.870
 26    74.398 53117.22116575  5.36 229.438991  67.332696  2.870
 27    82.987 53152.22120755 13.50 229.484799  67.298780  2.828
 27    83.482 53152.22120819 11.18 229.481269  67.301850  2.828
 27    81.703 53152.22120884 11.70 229.477749  67.304910  2.828
 27    80.345 53152.22120948 11.28 229.474229  67.307970  2.828
 27    78.455 53152.22121013 10.58 229.470699  67.311030  2.828
 27    70.536 53152.22121077 12.28 229.467179  67.314090  2.828
 27    67.591 53152.22121142 13.06 229.463649  67.317150  2.828
 27    67.426 53152.22121206 13.88 229.460119  67.320210  2.828
 27    68.618 53152.22121271 15.68 229.456591  67.323272 12.570
 27    71.714 53152.22121335 13.42 229.453061  67.326332 12.570
 27    72.656 53152.22121400 14.48 229.449531  67.329402 12.570
 27    74.654 53152.22121464 14.74 229.446001  67.332462 12.570
 28    76.467 53187.22119319 13.62 229.503218  67.294128  8.347
 28    74.925 53187.22119383 12.20 229.499698  67.297188  8.347
 28    73.784 53187.22119448  9.22 229.496178  67.300258  8.347
 28    77.383 53187.22119512  7.72 229.492648  67.303318  8.347
 28    74.756 53187.22119576  7.81 229.489128  67.306378  8.347
 28    68.066 53187.22119641  6.01 229.485598  67.309438  8.347
 28    65.863 53187.22119705  7.93 229.482078  67.312498  8.347
 28    66.035 53187.22119770  5.70 229.478548  67.315558  8.347
 28    64.879 53187.22119834  5.86 229.475028  67.318628  8.347
 28    64.233 53187.22119899  6.10 229.471498  67.321681 12.236
 28    65.450 53187.22119963  6.34 229.467968  67.324741 12.236
 28    67.062 53187.22120028  6.86 229.464438  67.327811 12.236
 28    70.065 53187.22120092  5.56 229.460908  67.330871 12.236
 29    11.190 53222.22121614 49.25 229.503596  67.296037 35.280
 29    11.118 53222.22121678 51.11 229.500076  67.299097 35.280
 29    11.182 53222.22121743 47.96 229.496556  67.302157 35.280
 29    11.181 53222.22121807 36.36 229.493036  67.305217 35.280
 29    11.141 53222.22121872 44.73 229.489506  67.308277 35.280
 29    11.101 53222.22121936 38.15 229.485986  67.311347 35.280
 29    11.076 53222.22122001 43.05 229.482466  67.314407 35.280
 29    11.080 53222.22122065 51.07 229.478936  67.317467 35.280
 29    11.076 53222.22122130 50.98 229.475406  67.320527 35.280
 29    11.055 53222.22122194 49.06 229.471886  67.323587 35.280
 29    11.027 53222.22122259 53.15 229.468356  67.326647 35.280
 29    10.998 53222.22122323 53.43 229.464826  67.329707 35.280
 30    10.093 53257.22119177 54.12 229.507539  67.294377 31.462
 30     9.903 53257.22119241 52.88 229.504019  67.297437 31.462
 30     9.996 53257.22119306 52.53 229.500499  67.300497 31.462
 30     9.815 53257.22119370 41.54 229.496979  67.303557 31.462
 30    10.846 53257.22119434 36.26 229.493459  67.306617 31.462
 30    10.770 53257.22119499 41.36 229.489939  67.309677 31.462
 30     9.738 53257.22119563 49.09 229.486409  67.312747 31.462
 30     9.879 53257.22119628 49.77 229.482889  67.315807 31.462
 30     9.755 53257.22119692 51.42 229.479359  67.318867 31.462
 30     9.876 53257.22119757 45.35 229.475839  67.321927 31.462
 30     9.766 53257.22119821 51.90 229.472309  67.324987 31.462
 30     9.735 53257.22119886 51.97 229.468789  67.328047 31.462
 30     9.823 53257.22119950 46.67 229.465259  67.331107 31.462
 31     9.778 53292.22121220 49.48 229.465652  67.305358 35.733
 31     9.726 53292.22121284 51.48 229.462132  67.308418 35.733
 31     9.647 53292.22121349 43.06 229.458602  67.311478 35.733
 31     9.582 53292.22121413 45.24 229.455072  67.314538 35.733
 31     9.597 53292.22121478 48.04 229.451552  67.317598 35.733
 31     9.378 53292.22121542 40.68 229.448022  67.320658 35.733
 31     9.610 53292.22121607 43.32 229.444492  67.323718 35.733
 31     9.540 53292.22121671 48.41 229.440962  67.326778 35.733
 31     9.531 53292.22121736 50.98 229.437432  67.329838 35.733
 31     9.496 53292.22121800 51.55 229.433892  67.332908 35.733
 32    11.515 53327.22118331 27.75 229.503700  67.294510  9.894
 32    11.449 53327.22118396 29.96 229.500180  67.297570  9.894
 32    11.385 53327.22118460 27.69 229.496660  67.300630  9.894
 32    11.286 53327.22118524 25.27 229.493140  67.303690  9.894
 32    11.104 53327.22118589 25.55 229.489610  67.306750  9.894
 32    11.112 53327.22118653 25.62 229.486090  67.309820  9.894
 32    11.195 53327.22118718 25.77 229.482560  67.312880  9.894
 32    11.482 53327.22118782 25.47 229.479040  67.315940  9.894
 32    11.444 53327.22118847 25.32 229.475510  67.319000  9.894
 32    11.348 53327.22118911 23.60 229.471990  67.322060  9.894
 32    11.184 53327.22118976 23.03 229.468460  67.325120  9.894
 32    11.247 53327.22119040 21.32 229.464930  67.328180  9.894
 32    11.240 53327.22119105 20.21 229.461400  67.331240  9.894
 35    80.845 53432.22115090  8.17 229.513691  67.292656  3.182
 35    79.491 53432.22115154  8.31 229.510171  67.295726  3.182
 35    76.761 53432.22115219  9.81 229.506651  67.298786  3.182
 35    68.277 53432.22115283  9.41 229.503131  67.301846  3.182
 35    65.964 53432.22115348 10.36 229.499611  67.304906  3.182
 35    64.822 53432.22115412  9.55 229.496091  67.307966  3.182
 35    64.150 53432.22115477  9.69 229.492571  67.311036  3.182
 35    63.589 53432.22115541  9.27 229.489041  67.314096  3.182
 35    63.049 53432.22115605  9.35 229.485521  67.317156  3.182
 35    63.015 53432.22115670  9.14 229.481991  67.320216  3.182
 35    62.400 53432.22115734  9.06 229.478471  67.323276  3.182
 35    64.936 53432.22115799  9.59 229.474941  67.326336  3.182
 35    67.365 53432.22115863  8.86 229.471411  67.329396  3.182
 36    72.865 53467.22118827 10.81 229.478021  67.300473  3.830
 36    68.073 53467.22118892 11.70 229.474491  67.303543  3.830
 36    67.356 53467.22118956 12.27 229.470961  67.306603  3.830
 36    66.763 53467.22119021 12.44 229.467441  67.309663  3.830
 36    66.388 53467.22119085  9.74 229.463911  67.312723  3.830
 36    67.668 53467.22119150  8.19 229.460391  67.315783  3.830
 36    65.723 53467.22119214  8.49 229.456861  67.318843  3.830
 36    64.349 53467.22119279  9.66 229.453331  67.321903  3.830
 36    65.578 53467.22119343  8.53 229.449801  67.324963  3.830
 36    69.161 53467.22119407  7.92 229.446261  67.328023  3.830
 36    72.461 53467.22119472  7.10 229.442731  67.331083  3.830
 37    83.085 53502.22124025 11.55 229.490020  67.297023  5.207
 37    84.475 53502.22124090  7.06 229.486490  67.300083  5.207
 37    83.294 53502.22124154  7.12 229.482970  67.303143  5.207
 37    81.483 53502.22124219  6.57 229.479450  67.306203  5.207
 37    79.830 53502.22124283  6.36 229.475920  67.309273  5.207
 37    77.790 53502.22124348  6.70 229.472400  67.312333  5.207
 37    75.776 53502.22124412  7.02 229.468870  67.315393  5.207
 37    73.147 53502.22124477  7.50 229.465350  67.318453  5.207
 37    70.999 53502.22124541  8.06 229.461820  67.321513  5.207
 37    68.090 53502.22124606 13.29 229.458290  67.324573  5.207
 37    71.976 53502.22124670  9.05 229.454760  67.327633  5.207
 37    70.894 53502.22124735 14.50 229.451230  67.330703  5.207
 38     9.361 53537.22123214 17.85 229.500956  67.294843 12.251
 38     8.945 53537.22123278 19.40 229.497436  67.297903 12.251
 38    14.274 53537.22123343 18.23 229.493916  67.300963 12.251
 38    14.301 53537.22123407 17.32 229.490396  67.304023 12.251
 38    14.177 53537.22123472 18.07 229.486876  67.307083 12.251
 38    14.266 53537.22123536 17.83 229.483346  67.310153 12.251
 38    14.504 53537.22123601 18.38 229.479826  67.313213 12.251
 38    14.722 53537.22123665 19.37 229.476296  67.316273 12.251
 38    14.684 53537.22123730 20.62 229.472776  67.319333 12.251
 38    14.625 53537.22123794 20.41 229.469246  67.322393 12.251
 38    14.862 53537.22123859 24.71 229.465716  67.325453 12.251
 38    14.882 53537.22123923 36.22 229.462186  67.328523 12.251
 38    14.885 53537.22123988 46.67 229.458656  67.331583 12.251
 39    73.586 53572.22123689  8.45 229.495643  67.296609  3.730
 39    72.617 53572.22123754  7.81 229.492123  67.299669  3.730
 39    70.014 53572.22123818  8.73 229.488593  67.302729  3.730
 39    68.325 53572.22123883  8.18 229.485073  67.305789  3.730
 39    68.132 53572.22123947  7.28 229.481553  67.308849  3.730
 39    66.450 53572.22124011  5.84 229.478023  67.311919  3.730
 39    66.009 53572.22124076  6.08 229.474503  67.314979  3.730
 39    65.447 53572.22124140  5.58 229.470973  67.318039  3.730
 39    64.292 53572.22124205  6.94 229.467453  67.321099  3.730
 39    64.412 53572.22124269  6.33 229.463923  67.324159  3.730
 39    67.510 53572.22124334  6.35 229.460393  67.327219  3.730
 39    69.353 53572.22124398  6.72 229.456863  67.330279  3.730
 40    11.704 53607.22118431 50.98 229.517037  67.292240 12.816
 40    11.730 53607.22118495 46.33 229.513520  67.295303 23.209
 40    11.621 53607.22118560 34.05 229.510000  67.298363 23.209
 40    11.622 53607.22118624 30.42 229.506480  67.301433 23.209
 40    11.787 53607.22118689 33.73 229.502960  67.304493 23.209
 40    11.811 53607.22118753 34.17 229.499440  67.307553 23.209
 40    11.610 53607.22118818 43.63 229.495920  67.310613 23.209
 40    11.610 53607.22118882 42.04 229.492400  67.313673 23.209
 40    11.524 53607.22118947 37.78 229.488870  67.316743 23.209
 40    11.463 53607.22119011 40.00 229.485350  67.319803 23.209
 40    11.410 53607.22119075 43.79 229.481820  67.322863 23.209
 40    11.553 53607.22119140 48.69 229.478300  67.325923 23.209
 40    11.568 53607.22119204 46.95 229.474770  67.328983 23.209
 41    73.968 53642.22118824  9.49 229.472672  67.303341  5.296
 41    71.696 53642.22118888  8.88 229.469152  67.306411  5.296
 41    69.917 53642.22118953  7.71 229.465622  67.309471  5.296
 41    70.021 53642.22119017  6.12 229.462092  67.312531  5.296
 41    68.995 53642.22119082  5.19 229.458562  67.315591  5.296
 41    66.850 53642.22119146  5.64 229.455032  67.318651  5.296
 41    66.296 53642.22119211  5.08 229.451512  67.321711  5.296
 41    68.130 53642.22119275  4.94 229.447972  67.324771  5.296
 41    70.539 53642.22119340  4.38 229.444442  67.327831  5.296
 41    72.765 53642.22119404  3.53 229.440912  67.330891  5.296
 42    10.827 53677.22120538 48.42 229.491612  67.296434 27.249
 42    10.855 53677.22120602 52.79 229.488092  67.299494 27.249
 42    10.845 53677.22120666 51.13 229.484572  67.302554 27.249
 42    10.652 53677.22120731 44.62 229.481042  67.305614 27.249
 42    10.561 53677.22120795 38.31 229.477522  67.308684 27.249
 42    10.550 53677.22120860 37.61 229.474002  67.311744 27.249
 42    10.639 53677.22120924 51.02 229.470472  67.314804 27.249
 42    10.648 53677.22120989 43.73 229.466942  67.317864 27.249
 42    10.655 53677.22121053 40.76 229.463422  67.320924 27.249
 42    10.631 53677.22121118 35.68 229.459892  67.323984 27.249
 42    10.580 53677.22121182 30.42 229.456362  67.327044 27.249
 42    10.536 53677.22121247 25.24 229.452832  67.330104 27.249
 42    10.277 53677.22121311 21.79 229.449302  67.333164 27.249
 43    11.508 53712.22113315 19.24 229.516653  67.293185  6.284
 43    11.450 53712.22113379 19.43 229.513133  67.296255  6.284
 43    11.317 53712.22113444 20.12 229.509613  67.299315  6.284
 43    11.237 53712.22113508 20.62 229.506093  67.302375  6.284
 43    11.186 53712.22113573 21.87 229.502573  67.305435  6.284
 43    11.211 53712.22113637 21.94 229.499053  67.308495  6.284
 43    11.245 53712.22113702 21.24 229.495533  67.311565  6.284
 43    11.303 53712.22113766 20.11 229.492003  67.314625  6.284
 43    11.245 53712.22113831 20.27 229.488483  67.317685  6.284
 43    11.197 53712.22113895 20.59 229.484953  67.320745  6.284
 43    11.144 53712.22113960 18.94 229.481433  67.323805  6.284
 43    11.090 53712.22114024 18.27 229.477903  67.326865  6.284
 43    10.960 53712.22114089 17.30 229.474373  67.329925  6.284
 44    10.833 53747.22104791 17.37 229.475005  67.301653  5.960
 44    10.932 53747.22104855 18.26 229.471485  67.304723  5.960
 44    10.818 53747.22104920 19.31 229.467955  67.307783  5.960
 44    10.914 53747.22104984 19.79 229.464425  67.310843  5.960
 44    10.951 53747.22105049 19.89 229.460895  67.313903  5.960
 44    10.874 53747.22105113 19.90 229.457375  67.316963  5.960
 44    10.730 53747.22105177 19.39 229.453835  67.320023  5.960
 44    10.804 53747.22105242 19.04 229.450315  67.323083  5.960
 44    10.782 53747.22105306 17.17 229.446775  67.326143  5.960
 44    10.742 53747.22105371 15.84 229.443245  67.329203  5.960
 44    10.660 53747.22105435 15.39 229.439715  67.332263  5.960
 45    81.515 53782.22107685  5.25 229.504412  67.294653  3.188
 45    80.082 53782.22107749  6.73 229.500892  67.297713  3.188
 45    77.902 53782.22107814  7.55 229.497372  67.300773  3.188
 45    69.528 53782.22107878  7.88 229.493852  67.303833  3.188
 45    66.238 53782.22107943  8.45 229.490322  67.306893  3.188
 45    65.500 53782.22108007  8.33 229.486802  67.309953  3.188
 45    65.193 53782.22108072  6.59 229.483272  67.313023  3.188
 45    65.007 53782.22108136  7.04 229.479752  67.316083  3.188
 45    64.177 53782.22108201  7.82 229.476222  67.319143  3.188
 45    63.539 53782.22108265  7.63 229.472692  67.322203  3.188
 45    64.033 53782.22108329  8.01 229.469172  67.325263  3.188
 45    67.466 53782.22108394  7.56 229.465642  67.328323  3.188
 45    70.087 53782.22108458  6.33 229.462112  67.331383  3.188
 46    80.832 53817.22104004  5.53 229.532868  67.285239  2.949
 46    80.285 53817.22104069  5.37 229.529348  67.288309  2.949
 46    79.539 53817.22104133  5.52 229.525838  67.291369  2.949
 46    78.417 53817.22104198  5.94 229.522318  67.294429  2.949
 46    77.112 53817.22104262  6.43 229.518798  67.297489  2.949
 46    75.799 53817.22104327  6.64 229.515284  67.300552  3.007
 46    74.357 53817.22104391  7.37 229.511764  67.303622  3.007
 46    72.043 53817.22104456  7.19 229.508244  67.306682  3.007
 46    63.255 53817.22104520  7.42 229.504724  67.309742  3.007
 46    62.758 53817.22104584  7.18 229.501204  67.312802  3.007
 46    62.396 53817.22104649  7.26 229.497674  67.315862  3.007
 46    61.821 53817.22104713  7.11 229.494154  67.318932  3.007
 46    61.502 53817.22104778  8.32 229.490624  67.321992  3.007
 46    63.197 53817.22104842  7.53 229.487104  67.325052  3.007
 46    64.999 53817.22104907  7.39 229.483574  67.328112  3.007
 48    75.423 53887.22112113 12.88 229.503393  67.296021  7.383
 48    75.218 53887.22112178 12.16 229.499873  67.299081  7.383
 48    74.946 53887.22112242 11.71 229.496353  67.302141  7.383
 48    75.128 53887.22112306 11.42 229.492833  67.305201  7.383
 48    75.124 53887.22112371 11.74 229.489303  67.308271  7.383
 48    75.202 53887.22112435 11.71 229.485783  67.311331  7.383
 48    75.101 53887.22112500 10.98 229.482253  67.314391  7.383
 48    75.249 53887.22112564  8.90 229.478723  67.317451  7.383
 48    75.223 53887.22112629  9.10 229.475203  67.320511  7.383
 48    74.705 53887.22112693 15.27 229.471673  67.323571  7.383
 48    36.746 53887.22112822 20.93 229.464613  67.329691  7.383
 49    76.199 53922.22119413 10.02 229.480271  67.300266  5.025
 49    74.288 53922.22119478  8.48 229.476751  67.303326  5.025
 49    72.598 53922.22119542  9.04 229.473231  67.306386  5.025
 49    70.548 53922.22119607  7.81 229.469701  67.309456  5.025
 49    72.026 53922.22119671  6.03 229.466181  67.312516  5.025
 49    69.575 53922.22119736  5.88 229.462651  67.315576  5.025
 49    66.875 53922.22119800  6.97 229.459131  67.318636  5.025
 49    66.039 53922.22119864  7.72 229.455601  67.321696  5.025
 49    67.795 53922.22119929  7.04 229.452071  67.324756  5.025
 49    71.249 53922.22119993  6.75 229.448541  67.327816  5.025
 49    72.452 53922.22120058  5.88 229.445011  67.330876  5.025
 50    75.403 53957.22118816  9.59 229.491200  67.297660  5.834
 50    74.078 53957.22118881  8.32 229.487680  67.300720  5.834
 50    72.075 53957.22118945  9.10 229.484150  67.303780  5.834
 50    70.554 53957.22119010  8.69 229.480630  67.306840  5.834
 50    68.422 53957.22119074  7.86 229.477110  67.309910  5.834
 50    66.343 53957.22119138  8.44 229.473580  67.312970  5.834
 50    65.550 53957.22119203  8.23 229.470060  67.316030  5.834
 50    64.640 53957.22119267  8.97 229.466530  67.319090  5.834
 50    60.314 53957.22119332  7.83 229.463010  67.322150  5.834
 50    59.453 53957.22119396  7.98 229.459480  67.325210  5.834
 50    64.475 53957.22119461  6.68 229.455950  67.328270  5.834
 50    32.316 53957.22119525 14.29 229.452420  67.331330  5.834
 51    10.995 53992.22111322 48.91 229.468946  67.303890 24.057
 51    11.007 53992.22111386 54.23 229.465416  67.306950 24.057
 51    11.111 53992.22111451 49.76 229.461886  67.310010 24.057
 51    10.970 53992.22111515 30.28 229.458356  67.313070 24.057
 51    10.559 53992.22111580 28.22 229.454836  67.316130 24.057
 51    10.700 53992.22111644 27.82 229.451306  67.319200 24.057
 51    10.796 53992.22111709 33.43 229.447766  67.322260 24.057
 51    10.906 53992.22111773 40.22 229.444236  67.325320 24.057
 51    10.927 53992.22111838 52.01 229.440706  67.328380 24.057
 51    10.892 53992.22111902 52.91 229.437176  67.331440 24.057
 52    10.087 54027.22117560 44.54 229.481315  67.299747 27.047
 52    10.384 54027.22117624 46.86 229.477795  67.302807 27.047
 52    10.023 54027.22117689 45.07 229.474265  67.305867 27.047
 52     9.991 54027.22117753 37.42 229.470745  67.308937 27.047
 52     9.762 54027.22117818 30.12 229.467215  67.311997 27.047
 52     9.794 54027.22117882 24.47 229.463685  67.315057 27.047
 52     9.827 54027.22117946 27.56 229.460165  67.318117 27.047
 52     9.606 54027.22118011 25.49 229.456635  67.321177 27.047
 52     9.938 54027.22118075 32.30 229.453105  67.324237 27.047
 52     9.834 54027.22118140 39.81 229.449565  67.327297 27.047
 52     9.839 54027.22118204 46.75 229.446035  67.330357 27.047
 52    10.029 54027.22118269 49.95 229.442505  67.333417 27.047
 53    79.867 54062.22116750 16.01 229.504997  67.294870  4.378
 53    72.250 54062.22116814 16.83 229.501477  67.297930  4.378
 53    65.903 54062.22116878 17.87 229.497957  67.300990  4.378
 53    65.761 54062.22116943 17.77 229.494437  67.304050  4.378
 53    65.125 54062.22117007 18.63 229.490907  67.307110  4.378
 53    64.777 54062.22117072 17.10 229.487387  67.310170  4.378
 53    64.702 54062.22117136 15.06 229.483857  67.313240  4.378
 53    64.183 54062.22117201 14.56 229.480337  67.316300  4.378
 53    63.703 54062.22117265 14.36 229.476807  67.319360  4.378
 53    63.208 54062.22117330 14.87 229.473277  67.322420  4.378
 53    63.316 54062.22117394 15.86 229.469757  67.325480  4.378
 53    66.915 54062.22117459 15.30 229.466227  67.328540  4.378
 53    69.040 54062.22117523 14.31 229.462697  67.331600  4.378
 55    44.198 54132.22109173 13.16 229.476516  67.301598  3.101
 55    47.027 54132.22109238 13.01 229.472986  67.304658  3.101
 55    48.418 54132.22109302 13.57 229.469466  67.307728  3.101
 55    69.539 54132.22109496 12.05 229.458886  67.316908  3.101
 55    65.555 54132.22109560 12.54 229.455356  67.319968  3.101
 55    65.691 54132.22109624 12.65 229.451826  67.323028  3.101
 55    67.798 54132.22109689 13.00 229.448286  67.326088  3.101
 55    69.680 54132.22109753 12.60 229.444756  67.329148  3.101
 55    72.167 54132.22109818 11.96 229.441226  67.332208  3.101
 56    80.850 54167.22111133 11.19 229.505511  67.294438  4.034
 56    78.618 54167.22111198 12.79 229.501991  67.297498  4.034
 56    70.328 54167.22111262 14.13 229.498471  67.300558  4.034
 56    66.221 54167.22111327 14.26 229.494951  67.303618  4.034
 56    66.026 54167.22111391 13.15 229.491431  67.306688  4.034
 56    65.189 54167.22111456 11.38 229.487911  67.309748  4.034
 56    64.464 54167.22111520 11.43 229.484385  67.312809  3.555
 56    63.825 54167.22111585 11.91 229.480855  67.315869  3.555
 56    61.561 54167.22111649 12.48 229.477335  67.318929  3.555
 56    62.547 54167.22111714 12.31 229.473805  67.321989  3.555
 56    62.685 54167.22111778 12.66 229.470285  67.325049  3.555
 56    65.463 54167.22111842 12.22 229.466755  67.328119  3.555
 56    67.796 54167.22111907 12.36 229.463225  67.331179  3.555
 57    73.266 54202.22109485 13.29 229.479841  67.300714  4.321
 57    70.676 54202.22109550 12.92 229.476311  67.303774  4.321
 57    67.410 54202.22109614 12.37 229.472791  67.306834  4.321
 57    67.086 54202.22109679 12.08 229.469265  67.309897  3.785
 57    66.960 54202.22109743  9.95 229.465735  67.312957  3.785
 57    66.322 54202.22109808  9.74 229.462205  67.316027  3.785
 57    65.019 54202.22109872 10.19 229.458675  67.319087  3.785
 57    64.730 54202.22109937 11.14 229.455155  67.322147  3.785
 57    66.662 54202.22110001 10.34 229.451625  67.325207  3.785
 57    69.492 54202.22110065  9.90 229.448085  67.328267  3.785
 57    71.197 54202.22110130  9.83 229.444555  67.331327  3.785
 58    17.089 54237.22112966 39.74 229.493285  67.297237 20.292
 58    17.247 54237.22113030 45.47 229.489765  67.300297 20.292
 58    17.271 54237.22113095 38.80 229.486245  67.303357 20.292
 58    17.085 54237.22113159 38.57 229.482715  67.306427 20.292
 58    17.081 54237.22113224 38.06 229.479195  67.309487 20.292
 58    17.090 54237.22113288 46.20 229.475665  67.312544 21.097
 58    17.106 54237.22113353 33.12 229.472145  67.315604 21.097
 58    16.981 54237.22113417 28.55 229.468615  67.318664 21.097
 58    17.108 54237.22113482 33.31 229.465085  67.321724 21.097
 58    17.042 54237.22113546 29.54 229.461555  67.324784 21.097
 58    17.002 54237.22113610 31.89 229.458025  67.327854 21.097
 58    16.995 54237.22113675 32.08 229.454495  67.330914 21.097
 59    76.957 54272.22114850 15.23 229.500847  67.294831  8.690
 59    75.562 54272.22114914 13.20 229.497327  67.297891  8.690
 59    74.708 54272.22114979 11.66 229.493807  67.300951  8.690
 59    73.950 54272.22115043 10.75 229.490277  67.304011  8.690
 59    71.819 54272.22115108 11.31 229.486757  67.307081  8.690
 59    71.030 54272.22115172  9.32 229.483227  67.310141  8.690
 59    68.669 54272.22115236  8.59 229.479708  67.313201  9.836
 59    67.070 54272.22115301  6.91 229.476178  67.316261  9.836
 59    65.120 54272.22115365  6.86 229.472658  67.319321  9.836
 59    64.205 54272.22115430  6.51 229.469128  67.322381  9.836
 59    64.225 54272.22115494  5.88 229.465598  67.325441  9.836
 59    66.981 54272.22115559  5.08 229.462068  67.328511  9.836
 59    65.068 54272.22115623  9.05 229.458538  67.331571  9.836
 60    13.810 54307.22115119 21.81 229.494971  67.296770  4.153
 60    13.774 54307.22115183 22.47 229.491441  67.299830  4.153
 60    13.929 54307.22115248 23.12 229.487921  67.302890  4.153
 60    13.769 54307.22115312 25.10 229.484401  67.305960  4.153
 60    13.929 54307.22115376 23.63 229.480871  67.309020  4.153
 60    13.869 54307.22115441 23.72 229.477350  67.312078 14.669
 60    13.809 54307.22115505 23.33 229.473820  67.315138 14.669
 60    14.004 54307.22115570 23.78 229.470300  67.318198 14.669
 60    14.178 54307.22115634 31.08 229.466770  67.321258 14.669
 60    14.130 54307.22115699 37.22 229.463240  67.324318 14.669
 60    14.145 54307.22115763 35.88 229.459710  67.327388 14.669
 60    14.143 54307.22115828 40.57 229.456180  67.330448 14.669
 61    11.948 54342.22112999 48.79 229.512653  67.292282 16.532
 61    11.861 54342.22113064 45.95 229.509133  67.295342 16.532
 61    11.597 54342.22113128 29.04 229.505613  67.298402 16.532
 61    11.664 54342.22113193 22.82 229.502093  67.301462 16.532
 61    12.066 54342.22113257 24.42 229.498573  67.304522 16.532
 61    12.659 54342.22113322 25.69 229.495053  67.307592 16.532
 61    12.546 54342.22113386 28.47 229.491533  67.310652 16.532
 61    11.851 54342.22113450 25.79 229.488007  67.313714  6.322
 61    11.756 54342.22113515 20.51 229.484477  67.316774  6.322
 61    11.770 54342.22113579 21.09 229.480957  67.319834  6.322
 61    11.857 54342.22113644 21.98 229.477427  67.322894  6.322
 61    11.813 54342.22113708 24.67 229.473897  67.325954  6.322
 61    11.803 54342.22113773 27.12 229.470377  67.329024  6.322
 62    60.942 54377.22108680 24.55 229.487043  67.298826  7.915
 62    67.009 54377.22108745 17.70 229.483523  67.301896  7.915
 62    66.495 54377.22108809 17.35 229.479995  67.304954 10.356
 62    66.436 54377.22108874 14.79 229.476465  67.308014 10.356
 62    66.392 54377.22108938 12.28 229.472945  67.311074 10.356
 62    66.088 54377.22109003 11.91 229.469415  67.314134 10.356
 62    65.815 54377.22109067  8.72 229.465895  67.317194 10.356
 62    65.488 54377.22109132  7.58 229.462365  67.320264 10.356
 62    65.176 54377.22109196  8.75 229.458835  67.323324 10.356
 62    68.452 54377.22109260  8.61 229.455305  67.326384 10.356
 62    71.934 54377.22109325  7.47 229.451775  67.329444 10.356
 62    73.206 54377.22109389  7.89 229.448245  67.332504 10.356
 63    13.902 54412.22107825 25.57 229.498544  67.296662  7.336
 63    14.084 54412.22107889 28.88 229.495024  67.299732  7.336
 63    14.114 54412.22107954 32.56 229.491504  67.302792  7.336
 63    14.078 54412.22108018 33.95 229.487980  67.305854 12.886
 63    14.159 54412.22108083 36.55 229.484450  67.308914 12.886
 63    14.231 54412.22108147 36.72 229.480930  67.311974 12.886
 63    14.003 54412.22108212 28.43 229.477400  67.315034 12.886
 63    13.916 54412.22108276 25.69 229.473880  67.318094 12.886
 63    14.136 54412.22108341 24.31 229.470350  67.321164 12.886
 63    14.165 54412.22108405 25.06 229.466820  67.324224 12.886
 63    14.130 54412.22108470 22.86 229.463300  67.327284 12.886
 63    13.993 54412.22108534 21.87 229.459760  67.330344 12.886
 64    10.923 54447.22105255 22.60 229.478547  67.300757  5.084
 64    10.630 54447.22105320 23.86 229.475018  67.303812  6.779
 64    10.465 54447.22105578 18.96 229.460918  67.316062  6.779
 64    10.392 54447.22105642 19.84 229.457388  67.319122  6.779
 64    10.135 54447.22105707 17.10 229.453858  67.322182  6.779
 64    10.339 54447.22105771 14.25 229.450328  67.325242  6.779
 64    10.154 54447.22105836 13.67 229.446798  67.328302  6.779
 64    10.349 54447.22105900 11.86 229.443268  67.331362  6.779
 66    70.971 54517.22106642 12.93 229.481030  67.300713  4.390
 66    67.141 54517.22106707 14.06 229.477510  67.303773  4.390
 66    66.708 54517.22106771 13.98 229.473980  67.306833  4.390
 66    65.963 54517.22106836 14.40 229.470460  67.309893  4.390
 66    65.832 54517.22106900 12.33 229.466930  67.312953  4.390
 66    66.195 54517.22106965  9.95 229.463399  67.316012  3.594
 66    65.278 54517.22107029 10.04 229.459869  67.319072  3.594
 66    63.847 54517.22107093 10.70 229.456349  67.322142  3.594
 66    63.795 54517.22107158 10.74 229.452819  67.325202  3.594
 66    67.198 54517.22107222  9.83 229.449279  67.328262  3.594
 66    70.020 54517.22107287  9.06 229.445749  67.331322  3.594
 67    80.315 54552.22108291  9.50 229.506625  67.295367  3.936
 67    65.251 54552.22108355 13.22 229.503105  67.298427  3.936
 67    69.284 54552.22108420 11.18 229.499585  67.301497  3.936
 67    65.677 54552.22108484 12.23 229.496065  67.304557  3.936
 67    64.776 54552.22108549 12.57 229.492545  67.307617  3.936
 67    64.687 54552.22108613 10.76 229.489015  67.310677  3.936
 67    63.858 54552.22108678 10.56 229.485495  67.313737  3.936
 67    63.887 54552.22108742 10.01 229.481975  67.316807  3.936
 67    63.419 54552.22108807 10.01 229.478445  67.319867  3.936
 67    62.509 54552.22108871  9.78 229.474915  67.322924  3.697
 67    63.000 54552.22108935 10.62 229.471395  67.325984  3.697
 67    66.605 54552.22109000  9.57 229.467865  67.329044  3.697
 67    69.164 54552.22109064  8.79 229.464335  67.332104  3.697
 69    14.753 54622.22107917 44.06 229.498656  67.295313  9.360
 69    14.766 54622.22107981 44.10 229.495136  67.298383  9.360
 69    14.467 54622.22108046 29.72 229.491616  67.301443  9.360
 69    14.526 54622.22108110 29.17 229.488096  67.304503  9.360
 69    14.300 54622.22108175 29.91 229.484566  67.307563  9.360
 69    14.039 54622.22108239 29.93 229.481046  67.310623  9.360
 69    13.912 54622.22108304 30.87 229.477516  67.313683  9.360
 69    14.254 54622.22108368 30.23 229.473996  67.316753  9.360
 69    14.448 54622.22108433 33.63 229.470469  67.319809  9.201
 69    14.503 54622.22108497 39.66 229.466939  67.322869  9.201
 69    14.581 54622.22108562 35.06 229.463409  67.325929  9.201
 69    14.593 54622.22108626 37.39 229.459879  67.328989  9.201
 69    14.601 54622.22108690 42.11 229.456349  67.332049  9.201
 70    76.885 54657.22108884 12.62 229.496286  67.295680  7.639
 70    75.241 54657.22108948 12.97 229.492766  67.298750  7.639
 70    73.348 54657.22109013 13.99 229.489246  67.301810  7.639
 70    71.675 54657.22109077 14.21 229.485726  67.304870  7.639
 70    69.921 54657.22109142 12.23 229.482196  67.307930  7.639
 70    67.605 54657.22109206 13.09 229.478676  67.310990  7.639
 70    65.114 54657.22109270 11.60 229.475146  67.314050  7.639
 70    63.611 54657.22109335  9.04 229.471626  67.317120  7.639
 70    61.106 54657.22109399  8.70 229.468097  67.320175 15.550
 70    63.155 54657.22109464  6.49 229.464567  67.323235 15.550
 70    65.017 54657.22109528  5.07 229.461037  67.326295 15.550
 70    69.580 54657.22109593  3.56 229.457507  67.329355 15.550
 70    68.941 54657.22109657  8.73 229.453977  67.332425 15.550
 71    12.931 54692.22107182 20.62 229.503432  67.295127 11.414
 71    13.259 54692.22107247 19.49 229.499912  67.298187 11.414
 71    13.299 54692.22107311 19.77 229.496392  67.301247 11.414
 71    13.129 54692.22107376 23.73 229.492872  67.304317 11.414
 71    12.766 54692.22107440 30.69 229.489342  67.307377 11.414
 71    12.878 54692.22107505 28.25 229.485822  67.310437 11.414
 71    12.900 54692.22107569 23.34 229.482302  67.313497 11.414
 71    12.436 54692.22107634 23.00 229.478772  67.316557 11.414
 71    11.782 54692.22107698 25.96 229.475252  67.319617 11.414
 71    11.263 54692.22107763 33.52 229.471722  67.322687 11.414
 71    10.977 54692.22107827 33.55 229.468195  67.325743  9.095
 71    11.129 54692.22107892 27.55 229.464665  67.328803  9.095
 71    11.185 54692.22107956 33.93 229.461135  67.331863  9.095
 72    10.547 54727.22104216 23.79 229.485509  67.298346 15.532
 72    10.613 54727.22104280 29.12 229.481979  67.301406 15.532
 72    10.578 54727.22104344 36.42 229.478459  67.304466 15.532
 72    10.584 54727.22104409 37.91 229.474929  67.307536 15.532
 72    10.588 54727.22104473 42.53 229.471409  67.310596 15.532
 72    10.498 54727.22104538 32.53 229.467879  67.313656 15.532
 72    10.335 54727.22104602 28.52 229.464349  67.316716 15.532
 72    10.572 54727.22104667 30.54 229.460829  67.319776 15.532
 72    10.675 54727.22104731 42.83 229.457299  67.322836 15.532
 72    10.684 54727.22104796 40.21 229.453767  67.325895 10.987
 72    10.609 54727.22104860 36.05 229.450237  67.328955 10.987
 72    10.566 54727.22104925 35.14 229.446697  67.332025 10.987
 73    10.128 54762.22104918 48.86 229.497400  67.295906 24.307
 73    10.052 54762.22104983 44.86 229.493880  67.298966 24.307
 73    10.053 54762.22105047 34.51 229.490360  67.302036 24.307
 73     9.973 54762.22105111 36.84 229.486830  67.305096 24.307
 73     9.948 54762.22105176 35.53 229.483310  67.308156 24.307
 73     9.997 54762.22105240 34.75 229.479790  67.311216 24.307
 73     9.943 54762.22105305 37.51 229.476260  67.314276 24.307
 73     9.932 54762.22105369 37.83 229.472740  67.317336 24.307
 73    10.072 54762.22105434 39.25 229.469210  67.320396 24.307
 73    10.071 54762.22105498 40.35 229.465685  67.323458 12.739
 73    10.138 54762.22105563 44.18 229.462155  67.326518 12.739
 73    10.080 54762.22105627 41.99 229.458625  67.329588 12.739
 73    10.044 54762.22105692 37.15 229.455095  67.332648 12.739
 74    10.893 54797.22103757 18.96 229.467381  67.308234  4.035
 74    10.941 54797.22103821 21.72 229.463851  67.311294  4.035
 74    11.078 54797.22103886 26.21 229.460320  67.314353  6.897
 74    10.965 54797.22103950 22.03 229.456800  67.317423  6.897
 74    10.855 54797.22104014 18.06 229.453270  67.320483  6.897
 74    10.784 54797.22104079 17.12 229.449740  67.323543  6.897
 74    10.859 54797.22104143 17.57 229.446210  67.326603  6.897
 74    11.049 54797.22104208 17.63 229.442670  67.329663  6.897
 74    10.924 54797.22104272 17.48 229.439140  67.332723  6.897
 75    80.854 54832.22103906 13.70 229.496762  67.296992  3.768
 75    67.168 54832.22103971 14.74 229.493242  67.300052  3.768
 75    66.044 54832.22104035 16.41 229.489718  67.303114  4.363
 75    65.956 54832.22104100 15.05 229.486198  67.306174  4.363
 75    65.594 54832.22104164 14.51 229.482668  67.309234  4.363
 75    65.024 54832.22104229 14.57 229.479148  67.312294  4.363
 75    64.635 54832.22104293 13.76 229.475628  67.315354  4.363
 75    64.197 54832.22104358 12.57 229.472098  67.318414  4.363
 75    63.537 54832.22104422 12.44 229.468568  67.321484  4.363
 75    63.262 54832.22104487 13.03 229.465038  67.324544  4.363
 75    65.891 54832.22104551 12.77 229.461518  67.327604  4.363
 75    70.167 54832.22104616 11.44 229.457988  67.330664  4.363
 76    67.482 54867.22103190 15.01 229.478008  67.302208  4.236
 76    66.765 54867.22103254 16.33 229.474478  67.305268  4.236
 76    66.627 54867.22103319 14.40 229.470958  67.308328  4.236
 76    66.311 54867.22103383 13.41 229.467428  67.311388  4.236
 76    66.291 54867.22103448 12.28 229.463901  67.314449  3.451
 76    66.256 54867.22103512 11.30 229.460371  67.317509  3.451
 76    64.853 54867.22103577 12.28 229.456841  67.320579  3.451
 76    64.526 54867.22103641 12.32 229.453311  67.323639  3.451
 76    66.192 54867.22103706 12.34 229.449781  67.326699  3.451
 76    69.426 54867.22103770 10.58 229.446251  67.329759  3.451
 76    72.670 54867.22103835  9.82 229.442721  67.332819  3.451
 77    81.115 54902.22104853  9.56 229.504404  67.294965  3.565
 77    79.922 54902.22104917 10.10 229.500884  67.298025  3.565
 77    66.145 54902.22104982 12.14 229.497364  67.301095  3.565
 77    65.661 54902.22105046 12.20 229.493844  67.304155  3.565
 77    65.957 54902.22105111 10.81 229.490324  67.307215  3.565
 77    65.050 54902.22105175 11.36 229.486794  67.310275  3.565
 77    63.927 54902.22105240 12.12 229.483274  67.313335  3.565
 77    63.739 54902.22105304 11.57 229.479754  67.316395  3.565
 77    62.927 54902.22105368 10.08 229.476224  67.319465  3.565
 77    62.133 54902.22105433 11.64 229.472696  67.322521  3.570
 77    63.262 54902.22105497 10.82 229.469166  67.325581  3.570
 77    66.965 54902.22105562 10.29 229.465646  67.328641  3.570
 77    69.652 54902.22105626  9.28 229.462116  67.331701  3.570
 78    81.976 54937.22102064  9.06 229.490152  67.296629  3.635
 78    79.372 54937.22102129 10.58 229.486632  67.299689  3.635
 78    67.611 54937.22102193 11.02 229.483102  67.302749  3.635
 78    67.082 54937.22102258 10.77 229.479582  67.305809  3.635
 78    66.250 54937.22102322 11.73 229.476062  67.308869  3.635
 78    65.458 54937.22102387 10.79 229.472532  67.311929  3.635
 78    65.531 54937.22102451  8.79 229.469009  67.314993  3.594
 78    65.543 54937.22102516  8.72 229.465479  67.318053  3.594
 78    64.166 54937.22102580  9.41 229.461949  67.321123  3.594
 78    64.303 54937.22102645  8.74 229.458419  67.324183  3.594
 78    66.792 54937.22102709  8.45 229.454889  67.327243  3.594
 78    70.105 54937.22102774  7.06 229.451359  67.330303  3.594
 78    72.310 54937.22102838  6.41 229.447829  67.333363  3.594
 79    85.064 54972.22105323 15.24 229.494290  67.295839  3.039
 79    83.575 54972.22105387 14.83 229.490770  67.298899  3.039
 79    82.330 54972.22105451 14.38 229.487250  67.301959  3.039
 79    81.159 54972.22105516 14.55 229.483720  67.305019  3.039
 79    79.489 54972.22105580 14.45 229.480200  67.308079  3.039
 79    77.256 54972.22105645 13.68 229.476670  67.311139  3.039
 79    76.134 54972.22105709 12.94 229.473150  67.314209  3.039
 79    70.622 54972.22105774 12.76 229.469624  67.317265  9.907
 79    69.799 54972.22105838 13.32 229.466094  67.320325  9.907
 79    69.682 54972.22105903 13.78 229.462564  67.323385  9.907
 79    69.819 54972.22105967 14.19 229.459034  67.326445  9.907
 79    72.572 54972.22106032 13.76 229.455504  67.329515  9.907
 79    71.946 54972.22106096 18.78 229.451974  67.332575  9.907
 80    74.423 55007.22107021 10.07 229.499235  67.294703  3.449
 80    74.575 55007.22107085  7.74 229.495715  67.297763  3.449
 80    72.492 55007.22107150  7.02 229.492195  67.300833  3.449
 80    71.563 55007.22107214  6.23 229.488675  67.303893  3.449
 80    69.649 55007.22107278  5.99 229.485145  67.306953  3.449
 80    69.139 55007.22107343  5.46 229.481625  67.310013  3.449
 80    68.353 55007.22107407  5.02 229.478095  67.313073  3.449
 80    67.721 55007.22107472  4.18 229.474575  67.316133  3.449
 80    66.296 55007.22107536  4.22 229.471045  67.319203  3.449
 80    66.205 55007.22107601  4.49 229.467520  67.322258 13.989
 80    67.918 55007.22107665  3.69 229.463990  67.325318 13.989
 80    70.589 55007.22107730  3.55 229.460460  67.328378 13.989
 80    72.119 55007.22107794  4.22 229.456930  67.331438 13.989
 81    12.962 55042.22105933 46.87 229.496920  67.296339 24.247
 81    12.646 55042.22105998 44.76 229.493400  67.299409 24.247
 81    12.608 55042.22106062 45.45 229.489880  67.302469 24.247
 81    12.474 55042.22106127 48.53 229.486350  67.305529 24.247
 81    12.541 55042.22106191 47.70 229.482830  67.308589 24.247
 81    12.582 55042.22106255 46.23 229.479300  67.311649 24.247
 81    12.594 55042.22106320 53.07 229.475780  67.314709 24.247
 81    12.608 55042.22106384 51.49 229.472250  67.317779 24.247
 81    12.555 55042.22106449 48.95 229.468724  67.320834 16.364
 81    12.617 55042.22106513 51.52 229.465194  67.323894 16.364
 81    12.562 55042.22106578 52.15 229.461664  67.326954 16.364
 81    12.569 55042.22106642 50.78 229.458134  67.330014 16.364
 82    12.487 55077.22103864 54.89 229.505679  67.295640 28.612
 82    12.475 55077.22103929 52.49 229.502159  67.298700 28.612
 82    12.400 55077.22103993 50.79 229.498639  67.301760 28.612
 82    12.511 55077.22104058 47.33 229.495119  67.304830 28.612
 82    12.602 55077.22104122 35.26 229.491599  67.307890 28.612
 82    12.448 55077.22104186 41.53 229.488069  67.310950 28.612
 82    12.418 55077.22104251 47.57 229.484549  67.314010 28.612
 82    12.376 55077.22104315 48.84 229.481019  67.317070 28.612
 82    12.324 55077.22104380 53.56 229.477499  67.320130 28.612
 82    12.423 55077.22104444 48.13 229.473969  67.323200 28.612
 82    12.357 55077.22104509 47.17 229.470438  67.326257 14.242
 82    12.287 55077.22104573 50.46 229.466908  67.329317 14.242
 82    12.411 55077.22104638 45.81 229.463388  67.332377 14.242
 83    67.634 55112.22099248 19.91 229.487081  67.298977  7.070
 83    67.310 55112.22099313 20.48 229.483551  67.302037  7.070
 83    66.901 55112.22099377 21.25 229.480031  67.305097  7.070
 83    66.728 55112.22099442 16.50 229.476501  67.308157  7.070
 83    66.671 55112.22099506 14.98 229.472981  67.311217  7.070
 83    66.281 55112.22099571 14.51 229.469451  67.314277  7.070
 83    65.826 55112.22099635 13.51 229.465931  67.317337  7.070
 83    65.245 55112.22099700 14.47 229.462399  67.320398 10.127
 83    66.376 55112.22099764 15.24 229.458869  67.323468 10.127
 83    68.832 55112.22099829 14.62 229.455339  67.326528 10.127
 83    71.067 55112.22099893 13.46 229.451809  67.329588 10.127
 83    72.924 55112.22099958 15.81 229.448279  67.332648 10.127
 84    12.054 55147.22099341 21.84 229.495417  67.297298 14.655
 84    11.840 55147.22099405 23.57 229.491897  67.300358 14.655
 84    11.850 55147.22099470 22.65 229.488377  67.303418 14.655
 84    11.845 55147.22099534 23.95 229.484857  67.306478 14.655
 84    12.000 55147.22099599 25.59 229.481327  67.309538 14.655
 84    12.001 55147.22099663 30.70 229.477807  67.312608 14.655
 84    11.868 55147.22099728 30.80 229.474277  67.315668 14.655
 84    12.059 55147.22099792 40.00 229.470757  67.318728 14.655
 84    11.839 55147.22099857 35.34 229.467227  67.321788 14.655
 84    11.889 55147.22099921 30.85 229.463697  67.324848 14.655
 84    11.877 55147.22099985 30.84 229.460167  67.327908 14.655
 84    12.034 55147.22100050 29.71 229.456637  67.330968 14.655
 85    44.638 55182.22097305 13.97 229.476929  67.301601  3.202
 85    47.663 55182.22097369 14.79 229.473409  67.304661  3.202
 85    70.559 55182.22097627 14.53 229.459299  67.316901  3.202
 85    66.864 55182.22097691 14.81 229.455769  67.319961  3.202
 85    66.391 55182.22097756 15.40 229.452239  67.323021  3.202
 85    68.830 55182.22097820 15.20 229.448709  67.326091  3.202
 85    70.566 55182.22097885 14.35 229.445179  67.329151  3.202
 85    72.920 55182.22097949 14.22 229.441649  67.332211  3.202
 86    80.818 55217.22098882 14.28 229.500822  67.295777  4.030
 86    73.346 55217.22098946 13.88 229.497302  67.298837  4.030
 86    65.900 55217.22099011 16.70 229.493782  67.301897  4.030
 86    66.217 55217.22099075 14.90 229.490262  67.304957  4.030
 86    65.639 55217.22099140 14.15 229.486742  67.308017  4.030
 86    65.010 55217.22099204 13.68 229.483212  67.311087  4.030
 86    64.855 55217.22099269 13.29 229.479692  67.314147  4.030
 86    64.446 55217.22099333 13.15 229.476169  67.317204  4.322
 86    63.439 55217.22099398 14.58 229.472639  67.320264  4.322
 86    63.056 55217.22099462 14.22 229.469109  67.323324  4.322
 86    64.172 55217.22099526 15.19 229.465579  67.326384  4.322
 86    68.396 55217.22099591 13.42 229.462059  67.329454  4.322
 86    70.405 55217.22099655 13.60 229.458529  67.332514  4.322
 87    69.009 55252.22096880 16.39 229.484211  67.300036  4.559
 87    66.895 55252.22096945 15.93 229.480681  67.303096  4.559
 87    66.518 55252.22097009 15.83 229.477161  67.306156  4.559
 87    66.810 55252.22097074 14.97 229.473631  67.309216  4.559
 87    65.720 55252.22097138 15.05 229.470101  67.312276  4.559
 87    65.599 55252.22097203 13.51 229.466580  67.315336  4.265
 87    64.853 55252.22097267 13.65 229.463050  67.318396  4.265
 87    64.069 55252.22097332 13.23 229.459520  67.321466  4.265
 87    64.065 55252.22097396 13.68 229.455990  67.324526  4.265
 87    67.323 55252.22097460 13.06 229.452460  67.327586  4.265
 87    70.627 55252.22097525 12.02 229.448930  67.330646  4.265
 88    81.562 55287.22098049 10.44 229.508686  67.293209  3.865
 88    79.174 55287.22098113 11.39 229.505166  67.296269  3.865
 88    77.253 55287.22098178 11.57 229.501646  67.299329  3.865
 88    66.418 55287.22098242 13.44 229.498126  67.302399  3.865
 88    66.065 55287.22098307 11.99 229.494606  67.305459  3.865
 88    65.171 55287.22098371 12.80 229.491086  67.308519  3.865
 88    64.503 55287.22098436 11.74 229.487556  67.311579  3.865
 88    63.777 55287.22098500 10.90 229.484036  67.314639  3.865
 88    63.205 55287.22098565 10.79 229.480506  67.317699  3.865
 88    62.150 55287.22098629 12.00 229.476986  67.320769  3.865
 88    62.658 55287.22098693 12.10 229.473463  67.323827  4.009
 88    65.471 55287.22098758 12.08 229.469933  67.326887  4.009
 88    67.664 55287.22098822 11.87 229.466403  67.329947  4.009
 89    66.612 55322.22095682 12.70 229.496451  67.295587  4.670
 89    66.254 55322.22095747 12.79 229.492931  67.298657  4.670
 89    69.969 55322.22095811  7.88 229.489411  67.301717  4.670
 89    79.975 55322.22095876  6.51 229.485891  67.304777  4.670
 89    78.943 55322.22095940  5.75 229.482361  67.307837  4.670
 89    77.113 55322.22096004  6.29 229.478841  67.310897  4.670
 89    75.569 55322.22096069  6.53 229.475311  67.313967  4.670
 89    66.326 55322.22096133  7.71 229.471791  67.317027  4.670
 89    66.152 55322.22096198  8.28 229.468261  67.320084 10.084
 89    67.691 55322.22096262  9.02 229.464731  67.323144 10.084
 89    69.058 55322.22096327  9.78 229.461201  67.326204 10.084
 89    70.823 55322.22096391 10.02 229.457671  67.329264 10.084
 89    72.746 55322.22096456 11.45 229.454141  67.332324 10.084
 90    12.299 55357.22095645 52.32 229.496828  67.297177 23.419
 90    12.145 55357.22095710 39.49 229.493308  67.300247 23.419
 90    12.076 55357.22095774 32.89 229.489788  67.303307 23.419
 90    11.925 55357.22095839 30.00 229.486258  67.306367 23.419
 90    12.055 55357.22095903 34.41 229.482738  67.309427 23.419
 90    12.234 55357.22095968 36.15 229.479218  67.312487 23.419
 90    12.106 55357.22096032 40.42 229.475688  67.315547 23.419
 90    12.044 55357.22096097 43.48 229.472158  67.318617 23.419
 90    12.066 55357.22096161 38.92 229.468635  67.321672 18.461
 90    12.183 55357.22096226 46.89 229.465105  67.324732 18.461
 90    12.132 55357.22096290 51.70 229.461575  67.327792 18.461
 90    12.078 55357.22096354 51.98 229.458045  67.330852 18.461
 91    76.750 55392.22095903  9.13 229.486266  67.298622  6.293
 91    74.638 55392.22095968  8.48 229.482736  67.301682  6.293
 91    72.749 55392.22096032  8.23 229.479216  67.304742  6.293
 91    70.679 55392.22096097  7.21 229.475696  67.307802  6.293
 91    69.447 55392.22096161  5.96 229.472166  67.310862  6.293
 91    67.026 55392.22096225  5.92 229.468636  67.313922  6.293
 91    66.901 55392.22096290  6.09 229.465112  67.316984 11.562
 91    66.255 55392.22096354  5.32 229.461582  67.320044 11.562
 91    65.517 55392.22096419  6.17 229.458052  67.323114 11.562
 91    69.518 55392.22096483  4.46 229.454522  67.326174 11.562
 91    72.824 55392.22096548  3.51 229.450992  67.329234 11.562
 91    74.099 55392.22096612  3.10 229.447462  67.332294 11.562
 92    11.699 55427.22097277 16.47 229.496491  67.296549  5.845
 92    12.358 55427.22097341 16.44 229.492971  67.299609  5.845
 92    12.634 55427.22097406 16.20 229.489441  67.302679  5.845
 92    12.740 55427.22097470 16.27 229.485921  67.305739  5.845
 92    12.688 55427.22097535 19.07 229.482401  67.308799  5.845
 92    12.055 55427.22097599 23.22 229.478871  67.311859  5.845
 92    11.969 55427.22097663 23.57 229.475351  67.314919  5.845
 92    11.829 55427.22097728 21.30 229.471821  67.317979  5.845
 92    11.804 55427.22097792 22.41 229.468291  67.321039  5.845
 92    11.939 55427.22097857 23.38 229.464765  67.324102 10.557
 92    11.765 55427.22097921 29.03 229.461235  67.327162 10.557
 92    11.965 55427.22097986 31.69 229.457705  67.330222 10.557
 93    22.017 55462.22093703 17.89 229.513477  67.292714 11.356
 93    11.348 55462.22093768 17.97 229.509957  67.295774 11.356
 93    11.147 55462.22093832 22.83 229.506437  67.298834 11.356
 93    11.227 55462.22093897 25.77 229.502917  67.301894 11.356
 93    11.336 55462.22093961 23.38 229.499397  67.304954 11.356
 93    11.142 55462.22094026 21.58 229.495877  67.308024 11.356
 93    11.005 55462.22094090 22.10 229.492347  67.311084 11.356
 93    11.205 55462.22094155 21.63 229.488827  67.314144 11.356
 93    11.210 55462.22094219 25.92 229.485297  67.317204 11.356
 93    11.201 55462.22094284 35.41 229.481777  67.320264 11.356
 93    11.105 55462.22094348 41.33 229.478247  67.323324 11.356
 93    11.257 55462.22094413 42.98 229.474727  67.326384 11.356
 93    11.154 55462.22094477 50.01 229.471196  67.329450 11.353
