# NaN NaN NaN ;Mean Elev.(m), Avg Gradient(m/km), RMS Gradient(m/km) - SRTM1     
#   46.282  -0.407  15.643 ;Mean Elev.(m), Avg Gradient(m/km), RMS Gradient(m/km) - ASTER GDEM
#   72.709  -0.752  15.141 ;Mean Elev.(m), Avg Gradient(m/km), RMS Gradient(m/km) - GMTED2010 
  7 235.567691  64.136590   177.167   177.473 10 52446.21249115  6.616
  8 235.573539  64.142422    72.296    72.344 10 52481.21248317 49.162
  9 235.587249  64.145737    71.049    70.996  6 52516.21243511 36.012
 11 235.584546  64.143504    70.265    70.280  6 52586.21245511 45.726
 12 235.581608  64.145339    73.147    73.146  6 52621.21243362 21.677
 15 235.564314  64.154631   165.404   167.054  3 52726.21246582  1.090
 16 235.573896  64.144489   176.989   176.204  9 52761.21248009 10.002
 17 235.571641  64.140272    73.281    73.275 10 52796.21243818 47.225
 18 235.572081  64.140494   159.626   159.419 10 52831.21250515 16.355
 19 235.578642  64.144121    71.236    71.285  7 52866.21254923 47.875
 20 235.577215  64.144431    70.809    70.824  8 52901.21257721 46.250
 21 235.585616  64.144167    70.476    70.493  6 52936.21251794 46.744
 22 235.569673  64.140889   165.935   165.753 10 52971.21254190  4.820
 23 235.571173  64.141696   164.976   165.132  9 53006.21255574  3.012
 25 235.572488  64.145812   167.369   166.854  9 53076.21254117  0.858
 27 235.568899  64.141893   174.381   175.853  9 53146.21255366  9.382
 28 235.577363  64.144646    71.972    71.971  7 53181.21256134 47.444
 29 235.573849  64.142640    70.844    70.899  9 53216.21258387 27.647
 30 235.581167  64.145070    70.340    70.303  6 53251.21256269 49.355
 32 235.580368  64.144314    70.139    70.103  6 53321.21253196 41.326
 34 235.566917  64.137225   167.098   167.203 10 53391.21251303  4.144
 35 235.582530  64.145742   163.561   163.610  6 53426.21251058  2.121
 36 235.569954  64.141454   168.210   168.063 10 53461.21252092  2.571
 37 235.568371  64.138122   183.957   184.354 10 53496.21259984 10.396
 38 235.581707  64.144123    73.385    73.405  7 53531.21257838 45.688
 39 235.572691  64.144091    71.934    71.951 10 53566.21260414 43.944
 40 235.585372  64.144058    70.882    70.885  6 53601.21254734 25.057
 41 235.568333  64.134646    71.692    71.702  9 53636.21254333 47.188
 42 235.566813  64.143574   165.008   165.082  7 53671.21256597 14.937
 43 235.588518  64.144832   158.250   158.159  5 53706.21249783  2.448
 44 235.596038  64.146870   157.069   156.743  5 53741.21241108  1.759
 45 235.576511  64.143472    72.041    72.193  9 53776.21243383  4.879
 47 235.567404  64.138627   175.368   175.368  2 53846.21246119  0.577
 48 235.573879  64.143815    73.460    73.451  9 53881.21248610 49.465
 49 235.570373  64.139566   170.755   170.142 10 53916.21254486  3.276
 50 235.571934  64.139366    71.421    71.431 10 53951.21255173 45.289
 52 235.569196  64.140409    70.695    70.711 10 54021.21252844 45.318
 53 235.579766  64.144425   161.200   161.312  6 54056.21252037  8.977
 54 235.583841  64.145070   159.688   159.680  6 54091.21250573  0.996
 55 235.566196  64.139486   172.812   173.110  8 54126.21243612  0.882
 56 235.583328  64.134702   172.591   172.591  2 54161.21247180  0.322
 58 235.572535  64.143413    72.898    72.912 10 54231.21248671 48.052
 59 235.573671  64.144701    73.481    73.486 10 54266.21250429 51.064
 60 235.575936  64.144401    72.697    72.677  8 54301.21250889 48.957
 61 235.581554  64.143095    71.565    71.565  7 54336.21249640 47.330
 62 235.569978  64.141411    71.449    71.449 10 54371.21244070 47.378
 63 235.577156  64.143855    70.882    70.875  8 54406.21244128 44.898
 64 235.570206  64.132582   167.797   168.090  9 54441.21239745  4.640
 65 235.574469  64.144123   162.638   162.798 10 54476.21242916  3.494
 66 235.569650  64.136672   166.745   166.953 10 54511.21241411  1.315
 68 235.574305  64.143323   174.817   175.071  8 54581.21241099  0.385
 69 235.575552  64.144542    73.469    73.430  8 54616.21243260 45.745
 70 235.572972  64.142460   161.720   161.851  9 54651.21244520 15.158
 71 235.580232  64.144337    71.014    71.024  6 54686.21243783 33.591
 72 235.569467  64.136661    71.284    71.150 10 54721.21238954 26.682
 73 235.574524  64.144298    70.439    70.493 10 54756.21241256 26.119
 74 235.568241  64.135440    72.271    72.294 10 54791.21238264 45.126
 75 235.572712  64.142277   163.366   163.467 10 54826.21240919  3.920
 76 235.569532  64.138453   167.530   167.670  9 54861.21237681  1.900
 77 235.576070  64.144735   170.902   170.479  9 54896.21241014  0.524
 79 235.573024  64.144856    73.807    73.872  9 54966.21241111 40.676
 80 235.572301  64.143009    73.746    73.708 10 55001.21243069 48.398
 81 235.574399  64.144318    72.045    72.071 10 55036.21241676 48.684
 82 235.581468  64.144735    72.046    72.044  6 55071.21240518 45.035
 83 235.568987  64.136971   169.133   169.147 10 55106.21234752  5.280
 84 235.575044  64.145320    70.469    70.465  9 55141.21235501 45.300
 85 235.568254  64.137041   167.149   167.365 10 55176.21231647  4.575
 86 235.573556  64.143766   164.076   164.206 10 55211.21234944  1.708
 87 235.565923  64.144550   165.756   166.367  7 55246.21232225  0.493
 88 235.574043  64.148374   165.348   165.489  5 55281.21234406  0.351
 89 235.573425  64.143203    74.105    74.092 10 55316.21231041 37.330
 90 235.578308  64.144409   165.255   165.269  8 55351.21231506  2.610
 91 235.569555  64.136962    72.426    72.416 10 55386.21230867 45.735
 92 235.573913  64.145617    71.241    71.223  9 55421.21233370 46.090
 93 235.583022  64.144450    71.182    71.164  6 55456.21230849 49.001
