# NaN NaN NaN ;Mean Elev.(m), Avg Gradient(m/km), RMS Gradient(m/km) - SRTM1     
#   15.831   0.297   3.616 ;Mean Elev.(m), Avg Gradient(m/km), RMS Gradient(m/km) - ASTER GDEM
#   13.629  -0.035   0.254 ;Mean Elev.(m), Avg Gradient(m/km), RMS Gradient(m/km) - GMTED2010 
  7     2.084 52474.22738296 18.51 225.791162  68.566665 26.272
  7     3.243 52474.22738361 17.33 225.787262  68.569695 26.272
  7     3.437 52474.22738425 23.03 225.783352  68.572725 26.272
  8    -4.084 52509.22734744 36.10 225.801498  68.569914 38.059
  8    -4.414 52509.22734808 26.65 225.797598  68.572944 38.059
  8    -4.572 52509.22734873 18.10 225.793688  68.575974 38.059
  8    -2.357 52509.22734937 23.69 225.789788  68.579004 38.059
  9     0.377 52544.22734382 29.94 225.791920  68.562635 35.455
  9     0.459 52544.22734446 26.80 225.788020  68.565665 35.455
  9     1.007 52544.22734511 23.72 225.784120  68.568695 35.455
  9     3.231 52544.22734575 23.38 225.780210  68.571735 35.455
 10     0.909 52579.22738481 26.77 225.789071  68.566188 11.274
 10     1.070 52579.22738545 25.28 225.785163  68.569218  6.648
 10     1.690 52579.22738610 25.12 225.781263  68.572258  6.648
 11     1.726 52614.22735198 21.43 225.798399  68.570503  7.993
 11     1.568 52614.22735263 20.64 225.794489  68.573533  7.993
 11     2.308 52614.22735327 21.63 225.790589  68.576563  7.993
 12     1.332 52649.22733218 21.36 225.791261  68.567346  5.054
 12     1.305 52649.22733282 21.10 225.787358  68.570384  4.109
 12     2.424 52649.22733347 20.76 225.783458  68.573414  4.109
 13     1.612 52684.22731356 20.00 225.801200  68.573180  4.696
 13     1.516 52684.22731420 19.93 225.797300  68.576210  4.696
 13     1.694 52684.22731485 19.73 225.793400  68.579240  4.696
 14     1.128 52719.22736651 17.23 225.790538  68.566266  2.691
 14     1.378 52719.22736716 16.91 225.786638  68.569296  2.691
 14     2.376 52719.22736780 16.80 225.782738  68.572326  2.691
 16     3.365 52789.22733760 30.91 225.783598  68.560072 29.993
 16     3.338 52789.22733824 31.14 225.779698  68.563092 29.993
 16     3.400 52789.22733888 31.30 225.775788  68.566122 29.993
 17     2.383 52824.22740850 21.29 225.788511  68.563115 22.320
 17     1.473 52824.22740915 20.27 225.784611  68.566135 22.320
 17     3.698 52824.22740979 18.57 225.780701  68.569175 22.320
 18     1.538 52859.22745493 22.04 225.790620  68.564690 21.739
 18     1.611 52859.22745558 19.98 225.786720  68.567720 21.739
 18     3.559 52859.22745622 20.42 225.782820  68.570750 21.739
 19     0.776 52894.22748671 35.96 225.792022  68.568451 42.677
 19     0.830 52894.22748736 23.97 225.788122  68.571481 42.677
 19     3.331 52894.22748800 22.91 225.784222  68.574511 42.677
 20     1.520 52929.22743733 31.00 225.801259  68.573880 27.865
 20     1.311 52929.22743798 30.93 225.797359  68.576910 27.865
 20     1.724 52929.22743862 29.69 225.793449  68.579940 27.865
 21     0.672 52964.22742101 25.52 225.787864  68.563883  5.401
 21     1.241 52964.22742166 24.11 225.783954  68.566923  5.401
 21     1.651 52964.22742230 24.75 225.780054  68.569953  5.401
 22     0.866 52999.22745743 17.32 225.792727  68.565066  2.949
 22     0.723 52999.22745807 17.37 225.788827  68.568096  2.949
 22     1.046 52999.22745872 17.16 225.784927  68.571126  2.949
 22     1.449 52999.22745936 17.74 225.781027  68.574156  2.949
 23     1.593 53034.22740994 15.16 225.802418  68.571178  2.946
 23     1.342 53034.22741058 15.35 225.798518  68.574208  2.946
 23     1.120 53034.22741123 15.56 225.794618  68.577238  2.946
 23     1.572 53034.22741187 15.47 225.790718  68.580268  2.946
 24     1.011 53069.22742561 15.32 225.793059  68.566829  2.976
 24     0.894 53069.22742626 15.22 225.789159  68.569859  2.976
 24     1.163 53069.22742690 14.99 225.785249  68.572889  2.976
 25     1.401 53104.22741234 12.15 225.801812  68.574427  3.068
 25     1.129 53104.22741298 12.44 225.797912  68.577457  3.068
 25     1.253 53104.22741363 12.24 225.794012  68.580487  3.068
 26     0.651 53139.22743042  9.97 225.792291  68.564351  9.406
 26     1.006 53139.22743107  8.83 225.788391  68.567381  9.406
 26     0.911 53139.22743171  9.94 225.784481  68.570411  9.406
 26     1.074 53139.22743236 10.85 225.780581  68.573441  9.406
 28     0.622 53209.22748611 50.79 225.795819  68.566902 45.359
 28     0.585 53209.22748676 53.00 225.791919  68.569932 45.359
 28     0.559 53209.22748740 50.07 225.788019  68.572962 45.359
 28     0.617 53209.22748805 44.00 225.784109  68.575992 45.359
 29     1.803 53244.22745441 33.41 225.799566  68.570855 38.902
 29     1.470 53244.22745506 20.46 225.795666  68.573885 38.902
 29     2.477 53244.22745570 17.16 225.791766  68.576915 38.902
 30     0.179 53279.22743193 31.65 225.787315  68.558816 34.202
 30     0.100 53279.22743257 30.01 225.783415  68.561846 34.202
 30     1.816 53279.22743322 24.54 225.779515  68.564876 34.202
 30     3.426 53279.22743386 24.39 225.775615  68.567906 34.202
 31     0.070 53314.22745657 33.44 225.792089  68.565884  6.709
 31     0.236 53314.22745722 32.74 225.788189  68.568914  6.709
 31     0.131 53314.22745786 34.57 225.784289  68.571944  6.709
 32    -0.031 53349.22742305 28.57 225.797829  68.571224  5.445
 32     0.137 53349.22742370 28.19 225.793929  68.574254  5.445
 32     0.095 53349.22742434 30.22 225.790019  68.577284  5.445
 33     0.130 53384.22739548 19.01 225.788581  68.560264  2.725
 33     0.407 53384.22739612 18.61 225.784681  68.563304  2.725
 33     0.694 53384.22739676 18.25 225.780781  68.566334  2.725
 33     1.336 53384.22739741 18.29 225.776871  68.569364  2.725
 34     1.126 53419.22740336 17.42 225.800058  68.570313  3.193
 34     1.012 53419.22740401 17.41 225.796158  68.573343  3.193
 34     1.252 53419.22740465 17.55 225.792258  68.576373  3.193
 35     0.648 53454.22740778 15.89 225.786194  68.559936  3.084
 35     0.964 53454.22740843 15.84 225.782284  68.562966  3.084
 35     1.564 53454.22740907 16.01 225.778384  68.565996  3.084
 36     0.814 53489.22749384 10.03 225.787424  68.564580  6.709
 36     0.967 53489.22749448  9.74 225.783524  68.567610  6.709
 36     1.280 53489.22749513 10.17 225.779624  68.570640  6.709
 37     2.783 53524.22748084 26.71 225.797592  68.567097 33.812
 37     2.583 53524.22748149 21.84 225.793682  68.570127 33.812
 37     3.540 53524.22748213 22.65 225.789782  68.573157 33.812
 37     3.986 53524.22748278 26.12 225.785882  68.576187 33.812
 38     1.621 53559.22750766 21.24 225.791817  68.567105 36.136
 38     1.119 53559.22750831 19.22 225.787917  68.570135 36.136
 38     3.723 53559.22750895 21.77 225.784017  68.573165 36.136
 39     1.815 53594.22744613 34.26 225.805483  68.573731 37.741
 39     1.616 53594.22744677 24.30 225.801583  68.576761 37.741
 39     1.856 53594.22744742 21.39 225.797683  68.579791 37.741
 40     3.310 53629.22743574 34.74 225.783794  68.554371 38.762
 40     0.492 53629.22743639 26.10 225.779894  68.557411 38.762
 40     0.510 53629.22743703 22.99 225.775994  68.560441 38.762
 40     3.886 53629.22743768 19.64 225.772094  68.563471 38.762
 41     0.702 53664.22746139 32.96 225.791646  68.564779 18.331
 41     1.291 53664.22746203 26.63 225.787746  68.567809 18.331
 41     2.289 53664.22746268 24.46 225.783846  68.570839 18.331
 41     3.189 53664.22746332 24.88 225.779936  68.573869 18.331
 42     1.767 53699.22742057 18.26 225.798754  68.571326  5.412
 42     1.559 53699.22742122 18.39 225.794854  68.574356  5.412
 42     1.617 53699.22742186 18.35 225.790944  68.577386  5.412
 43     1.552 53734.22734352 17.14 225.806833  68.576217  5.251
 43     1.517 53734.22734416 17.20 225.802933  68.579247  5.251
 43     1.654 53734.22734480 17.61 225.799033  68.582277  5.251
 44     1.375 53769.22732615 18.13 225.795063  68.567423  3.855
 44     1.501 53769.22732679 18.61 225.791163  68.570453  3.855
 44     2.377 53769.22732743 18.27 225.787253  68.573483  3.855
 45     1.613 53804.22732286 17.64 225.802719  68.574042  3.909
 45     1.469 53804.22732351 17.71 225.798819  68.577072  3.909
 45     1.535 53804.22732415 17.90 225.794919  68.580102  3.909
 46     0.920 53839.22734056 17.09 225.787433  68.560198  4.191
 46     1.605 53839.22734120 16.44 225.783533  68.563238  4.191
 46     2.661 53839.22734185 16.03 225.779633  68.566268  4.191
 46     2.969 53839.22734249 16.31 225.775733  68.569298  4.191
 47     3.178 53874.22738785 37.42 225.791870  68.567103 36.716
 47     2.830 53874.22738850 28.97 225.787970  68.570133 36.716
 47     3.153 53874.22738914 36.31 225.784070  68.573163 36.716
 48     1.981 53909.22743181 26.60 225.789704  68.563063 37.244
 48     1.879 53909.22743246 23.02 225.785804  68.566093 37.244
 48     3.418 53909.22743310 20.96 225.781904  68.569123 37.244
 48     4.121 53909.22743375 27.50 225.777994  68.572153 37.244
 49     0.874 53944.22745471 23.09 225.790932  68.564879 37.045
 49     0.992 53944.22745536 25.00 225.787022  68.567909 37.045
 49     3.547 53944.22745600 20.14 225.783122  68.570939 37.045
 50     1.690 53979.22740501 27.50 225.799434  68.572461 36.368
 50     1.535 53979.22740566 19.99 225.795534  68.575491 36.368
 50     1.986 53979.22740630 19.92 225.791634  68.578521 36.368
 51     0.017 54014.22741726 26.04 225.786074  68.560432 37.130
 51     0.122 54014.22741790 22.57 225.782174  68.563472 37.130
 51     3.609 54014.22741855 18.64 225.778264  68.566502 37.130
 52    -0.185 54049.22742416 39.54 225.795897  68.570617 10.759
 52    -0.049 54049.22742481 43.21 225.791997  68.573647 10.759
 52    -0.192 54049.22742545 37.94 225.788097  68.576677 10.759
 54     1.357 54119.22734595 20.40 225.806820  68.575952  3.849
 54     1.177 54119.22734659 20.34 225.802910  68.578982  3.849
 54     1.338 54119.22734724 19.99 225.799010  68.582012  3.849
 55     0.945 54154.22737178 18.52 225.794491  68.567055  2.970
 55     0.999 54154.22737243 18.56 225.790591  68.570085  2.970
 55     1.524 54154.22737307 18.41 225.786691  68.573115  2.970
 56     1.257 54189.22734143 17.86 225.801931  68.575476  3.736
 56     1.204 54189.22734207 17.48 225.798031  68.578506  3.736
 56     1.530 54189.22734271 17.67 225.794121  68.581536  3.736
 57     0.953 54224.22738238 20.97 225.789792  68.566350  4.066
 57     1.389 54224.22738302 14.60 225.785892  68.569380  4.066
 57     1.703 54224.22738367 14.19 225.781982  68.572410  4.066
 58     2.191 54259.22740365 32.68 225.794362  68.568020 36.099
 58     2.089 54259.22740429 23.01 225.790462  68.571050 36.099
 58     3.834 54259.22740493 25.99 225.786562  68.574080 36.099
 59     1.797 54294.22740661 21.82 225.795941  68.567257 30.909
 59     1.679 54294.22740726 21.26 225.792041  68.570287 30.909
 59     3.627 54294.22740790 18.04 225.788141  68.573317 30.909
 59     3.924 54294.22740855 20.93 225.784231  68.576347 30.909
 60     1.720 54329.22740126 30.81 225.798928  68.571299 43.199
 60     1.291 54329.22740190 24.59 225.795028  68.574329 43.199
 60     1.538 54329.22740254 20.38 225.791128  68.577359 43.199
 61     1.853 54364.22734782 35.45 225.806513  68.573054 32.590
 61     1.136 54364.22734846 23.93 225.802613  68.576084 32.590
 61     1.723 54364.22734911 20.19 225.798713  68.579114 32.590
 61     2.116 54364.22734975 22.89 225.794803  68.582144 32.590
 62     1.123 54399.22734142 31.28 225.794292  68.567979  8.111
 62     1.066 54399.22734206 32.17 225.790392  68.571009  8.111
 62     1.038 54399.22734271 33.93 225.786492  68.574039  8.111
 63     1.072 54434.22730006 22.56 225.800784  68.574263  4.837
 63     1.245 54434.22730071 22.15 225.796884  68.577293  4.837
 63     1.534 54434.22730135 22.29 225.792984  68.580323  4.837
 64     0.968 54469.22732428 22.11 225.789735  68.566309  4.429
 64     0.956 54469.22732492 21.93 225.785835  68.569339  4.429
 64     1.884 54469.22732557 21.35 225.781935  68.572369  4.429
 65     1.114 54504.22731440 16.21 225.802595  68.571322  2.882
 65     0.837 54504.22731505 16.26 225.798695  68.574352  2.882
 65     0.912 54504.22731569 16.32 225.794785  68.577382  2.882
 65     1.220 54504.22731634 16.53 225.790885  68.580412  2.882
 66     0.834 54539.22733992 15.42 225.795838  68.569304  2.947
 66     1.059 54539.22734056 15.30 225.791938  68.572334  2.947
 66     1.281 54539.22734121 15.39 225.788038  68.575364  2.947
 67     1.090 54574.22731561 14.26 225.801941  68.574388  3.230
 67     0.951 54574.22731626 14.47 225.798041  68.577418  3.230
 67     1.258 54574.22731690 14.64 225.794131  68.580448  3.230
 68     3.591 54609.22733261 32.30 225.794184  68.568525 37.371
 68     3.506 54609.22733326 27.56 225.790284  68.571555 37.371
 68     3.659 54609.22733390 36.50 225.786374  68.574585 37.371
 69     1.911 54644.22734051 31.20 225.795804  68.568770 25.988
 69     2.776 54644.22734116 19.20 225.791904  68.571800 25.988
 69     3.717 54644.22734180 18.55 225.787994  68.574830 25.988
 70     1.688 54679.22734230 22.80 225.793467  68.569377 27.363
 70     2.782 54679.22734295 19.62 225.789567  68.572407 27.363
 70     3.708 54679.22734359 18.89 225.785657  68.575437 27.363
 71     1.624 54714.22729493 24.11 225.803601  68.575793 34.951
 71     1.360 54714.22729557 18.70 225.799691  68.578823 34.951
 71     2.196 54714.22729621 19.54 225.795791  68.581853 34.951
 72     0.870 54749.22731169 25.95 225.790185  68.566694  9.997
 72     2.059 54749.22731233 22.84 225.786285  68.569724  9.997
 72     2.774 54749.22731297 22.95 225.782375  68.572754  9.997
 73     1.201 54784.22728191 26.66 225.799779  68.570970  6.245
 73     1.155 54784.22728256 26.80 225.795879  68.574000  6.245
 73     1.417 54784.22728320 26.06 225.791979  68.577030  6.245
 74     1.164 54819.22730419 21.60 225.790382  68.567031  3.927
 74     1.634 54819.22730484 21.40 225.786482  68.570061  3.927
 74     2.167 54819.22730548 20.98 225.782582  68.573091  3.927
 75     1.393 54854.22727853 19.06 225.801421  68.569720  3.445
 75     1.421 54854.22727918 18.41 225.797521  68.572750  3.445
 75     1.507 54854.22727982 18.63 225.793621  68.575780  3.445
 75     1.744 54854.22728047 18.83 225.789711  68.578810  3.445
 76     1.372 54889.22730853 16.59 225.796645  68.566052  2.905
 76     1.091 54889.22730918 16.51 225.792745  68.569082  2.905
 76     1.298 54889.22730982 16.49 225.788845  68.572112  2.905
 76     1.647 54889.22731047 16.57 225.784935  68.575142  2.905
 77     1.637 54924.22727884 15.49 225.804168  68.574152  2.984
 77     1.309 54924.22727948 15.55 225.800268  68.577182  2.984
 77     1.233 54924.22728013 16.09 225.796368  68.580212  2.984
 78     1.311 54959.22730612 25.53 225.791579  68.564674 10.607
 78     1.206 54959.22730677 26.03 225.787669  68.567704 10.607
 78     1.198 54959.22730741 25.02 225.783769  68.570734 10.607
 78     3.341 54959.22730806 23.11 225.779869  68.573764 10.607
 79     1.973 54994.22732848 30.28 225.794477  68.567015 36.128
 79     1.874 54994.22732913 23.88 225.790577  68.570045 36.128
 79     3.709 54994.22732977 22.54 225.786677  68.573075 36.128
 80     1.780 55029.22731852 31.61 225.798475  68.567881 36.883
 80     1.524 55029.22731917 24.71 225.794575  68.570911 36.883
 80     1.185 55029.22731981 22.90 225.790675  68.573941 36.883
 80     3.829 55029.22732046 18.33 225.786775  68.576971 36.883
 81     0.910 55064.22731064 45.25 225.796093  68.570942 43.803
 81     0.895 55064.22731129 27.76 225.792193  68.573972 43.803
 81     0.550 55064.22731193 22.61 225.788283  68.577002 43.803
 82     1.888 55099.22725559 34.31 225.806254  68.574238 33.557
 82     1.632 55099.22725623 24.76 225.802354  68.577268 33.557
 82     1.064 55099.22725688 25.61 225.798444  68.580298 33.557
 83     0.995 55134.22725416 32.76 225.792287  68.566147 12.677
 83     0.951 55134.22725481 33.68 225.788387  68.569177 12.677
 83     1.348 55134.22725545 29.93 225.784477  68.572207 12.677
 84     1.637 55169.22721914 20.80 225.802599  68.571195  3.905
 84     1.452 55169.22721979 21.27 225.798699  68.574225  3.905
 84     1.546 55169.22722043 20.70 225.794799  68.577255  3.905
 84     1.960 55169.22722108 20.26 225.790899  68.580285  3.905
 85     1.300 55204.22724726 20.19 225.791005  68.566777  3.199
 85     1.576 55204.22724791 19.99 225.787105  68.569807  3.199
 85     2.036 55204.22724855 19.73 225.783195  68.572837  3.199
 86     1.400 55239.22722653 17.82 225.800023  68.573463  3.303
 86     1.398 55239.22722717 17.61 225.796123  68.576493  3.303
 86     1.586 55239.22722782 18.11 225.792223  68.579523  3.303
 87     1.334 55274.22724148 16.59 225.796278  68.569571  3.098
 87     1.461 55274.22724213 16.57 225.792378  68.572601  3.098
 87     1.858 55274.22724277 16.42 225.788478  68.575631  3.098
 88     1.988 55309.22720976 36.26 225.804957  68.572862 15.292
 88     1.880 55309.22721041 23.59 225.801057  68.575892 15.292
 88     1.421 55309.22721105 14.53 225.797157  68.578922 15.292
 88     1.563 55309.22721170 14.16 225.793247  68.581952 15.292
 89     3.131 55344.22720918 49.63 225.797975  68.567196 42.839
 89     3.122 55344.22720983 43.67 225.794075  68.570226 42.839
 89     3.064 55344.22721047 34.70 225.790175  68.573256 42.839
 89     2.979 55344.22721112 45.99 225.786275  68.576286 42.839
 90     1.745 55379.22720484 24.52 225.797157  68.572458 31.580
 90    -5.305 55379.22720549 25.20 225.793257  68.575488 31.580
 90     3.876 55379.22720613 18.58 225.789357  68.578518 31.580
 91     0.935 55414.22722922 38.50 225.790854  68.566210 39.571
 91     0.739 55414.22722987 23.69 225.786954  68.569240 39.571
 91     3.046 55414.22723051 23.79 225.783044  68.572270 39.571
 92     1.774 55449.22721716 35.67 225.801355  68.569738 33.858
 92     1.505 55449.22721781 23.83 225.797455  68.572768 33.858
 92     0.150 55449.22721845 22.96 225.793555  68.575798 33.858
 92     3.388 55449.22721910 18.39 225.789645  68.578828 33.858
 93     1.604 55484.22714427 33.67 225.807309  68.576281 22.640
 93     1.531 55484.22714492 29.47 225.803409  68.579311 22.640
 93     1.788 55484.22714556 29.91 225.799509  68.582341 22.640
