# NaN NaN NaN ;Mean Elev.(m), Avg Gradient(m/km), RMS Gradient(m/km) - SRTM1     
#   98.249 -39.070  53.849 ;Mean Elev.(m), Avg Gradient(m/km), RMS Gradient(m/km) - ASTER GDEM
#  104.087 -38.114  54.830 ;Mean Elev.(m), Avg Gradient(m/km), RMS Gradient(m/km) - GMTED2010 
  8 236.663359  63.157643   144.246   140.091  6 52483.80705546 13.814
  9 236.662886  63.159265   112.320    97.085  5 52518.80701510 13.098
 10 236.670591  63.154511    99.750    99.978  6 52553.80706620 39.821
 11 236.663851  63.153649   100.683   103.394  5 52588.80704946 31.987
 12 236.662537  63.158108   191.263   185.966  4 52623.80699660 13.100
 13 236.668301  63.152893   213.830   214.260  6 52658.80701867  9.988
 15 236.669740  63.153025   212.097   212.024  7 52728.80703674  7.601
 16 236.653130  63.162763   103.901   103.663  3 52763.80704742 15.466
 17 236.678373  63.147495    98.946    98.842  6 52798.80702627 42.155
 18 236.678270  63.149091    97.751    97.841  6 52833.80709582 38.483
 19 236.673881  63.151439    96.453    96.477  6 52868.80713781 41.542
 21 236.656391  63.160327   100.461   100.766  4 52938.80708402 17.257
 22 236.670002  63.152871   214.883   214.467  7 52973.80712268  7.409
 23 236.662305  63.156454   213.680   214.289  5 53008.80712965  4.880
 24 236.673067  63.151706   216.685   216.191  6 53043.80708850  4.069
 25 236.661502  63.158372   213.763   213.403  5 53078.80712124  2.405
 26 236.675492  63.158061   215.253   215.253  2 53113.80709127  0.110
 27 236.665789  63.155291   103.787   104.113  5 53148.80713730 38.844
 28 236.673463  63.152580   171.971   175.161  6 53183.80713417  5.722
 29 236.665681  63.155521    97.981    98.251  6 53218.80715863 15.447
 30 236.657571  63.161934   174.875   175.424  3 53253.80713514  7.758
 31 236.670690  63.152860    99.666    98.484  7 53288.80714010 36.918
 32 236.669838  63.151002   100.444   100.359  6 53323.80711614 32.117
 33 236.664979  63.156253   197.159   198.792  6 53358.80707833 10.524
 34 236.673145  63.150780   217.422   216.905  6 53393.80709566  4.611
 35 236.665094  63.156789   205.315   210.662  6 53428.80708882  5.864
 36 236.676082  63.149258   214.512   214.622  6 53463.80711149  4.443
 37 236.663750  63.157374   101.336   101.161  5 53498.80717818 37.762
 38 236.667739  63.156141    99.432    98.554  6 53533.80716217 34.368
 39 236.661467  63.158932    99.817    99.648  5 53568.80717806 21.993
 40 236.661983  63.160377   116.590    97.213  4 53603.80712386 12.523
 41 236.672030  63.152114   197.171   198.452  6 53638.80712357  9.623
 42 236.664824  63.155736   101.410   101.348  5 53673.80714350 30.292
 43 236.664984  63.157691   193.283   184.869  5 53708.80707415  8.950
 44 236.657119  63.160481   204.981   205.688  4 53743.80698428  6.376
 45 236.672115  63.152673   215.005   215.200  6 53778.80701361  4.106
 46 236.659016  63.160912   212.810   213.431  4 53813.80698610  2.010
 49 236.663169  63.159436   101.351   101.719  5 53918.80712554 38.266
 50 236.661456  63.160507    95.021    95.090  4 53953.80712717 19.041
 52 236.674401  63.150778    99.708    99.241  7 54023.80710956 28.411
 53 236.672969  63.151483   174.527   174.674  6 54058.80710235 17.674
 54 236.659900  63.158935   208.628   208.693  4 54093.80708027  5.336
 55 236.676609  63.148330   216.240   216.476  7 54128.80702107  3.828
 57 236.667076  63.143950   212.151   212.151  2 54198.80702485  0.379
 58 236.671455  63.153777    98.878    98.766  6 54233.80706454 41.963
 59 236.667581  63.154323   157.236   162.699  7 54268.80708385  7.765
 60 236.667793  63.153492    97.840    97.749  6 54303.80708763 24.138
 61 236.665096  63.156953    95.847    95.560  6 54338.80707174 18.935
 62 236.668654  63.148686   146.045   124.780  5 54373.80702206 10.497
 63 236.664604  63.154235   102.516   102.164  6 54408.80701808 34.928
 64 236.676395  63.148262   209.758   210.632  7 54443.80698343  9.124
 65 236.668058  63.154197   211.834   211.721  6 54478.80700774  6.115
 66 236.675914  63.149044   217.722   217.731  7 54513.80699820  3.544
 67 236.664234  63.157320   214.862   215.383  6 54548.80702082  2.818
 68 236.673741  63.157944   164.739   174.928  4 54583.80699211  1.868
 69 236.667763  63.153094    99.279    99.463  6 54618.80701340 43.979
 70 236.665080  63.153750    99.050    98.910  6 54653.80702491 21.506
 71 236.664078  63.156626   165.109   178.120  5 54688.80701270  8.113
 72 236.676121  63.149584    95.814    95.839  7 54723.80697367 40.024
 73 236.661601  63.150931   501.653   501.653  2 54758.80698997 17.072
 74 236.675893  63.150000   100.472   100.093  7 54793.80696717 30.810
 75 236.667189  63.152475   214.809   214.894  6 54828.80698813  6.072
 76 236.674123  63.150289   217.341   217.834  6 54863.80696141  5.174
 77 236.664566  63.157586   213.139   213.111  5 54898.80698715  3.612
 78 236.671756  63.152495   213.487   213.394  6 54933.80695489  2.675
 79 236.668045  63.153697   104.834   104.203  6 54968.80698865 36.885
 80 236.667005  63.156596    98.874    99.139  6 55003.80700812 29.909
 81 236.667134  63.152999    97.016    96.473  6 55038.80699573 34.567
 82 236.662409  63.156217    95.994    95.600  5 55073.80697987 43.728
 83 236.673740  63.151443   101.268   101.560  7 55108.80692834 38.599
 84 236.664930  63.156552   101.653    99.705  5 55143.80693182 33.191
 85 236.676575  63.148282   213.408   213.393  7 55178.80690230 10.137
 86 236.666252  63.155173   213.615   214.656  5 55213.80692656  6.141
 87 236.672794  63.150791   216.163   216.032  6 55248.80690153  4.646
 88 236.663684  63.157325   213.708   213.456  6 55283.80691995  4.411
 89 236.668220  63.158081   103.228   103.261  4 55318.80689030 17.340
 90 236.665266  63.155729   109.031    95.908  6 55353.80689315 15.375
 91 236.672432  63.151426    96.599    97.409  7 55388.80689178 42.399
 92 236.667730  63.154538    95.619    95.660  6 55423.80691066 43.588
 93 236.667034  63.161813   103.031   102.885  3 55458.80688062 10.252
