# NaN NaN NaN ;Mean Elev.(m), Avg Gradient(m/km), RMS Gradient(m/km) - SRTM1     
#    7.000  -1.198  11.152 ;Mean Elev.(m), Avg Gradient(m/km), RMS Gradient(m/km) - ASTER GDEM
#   15.238  -1.063  11.356 ;Mean Elev.(m), Avg Gradient(m/km), RMS Gradient(m/km) - GMTED2010 
  7 227.387314  67.251800    49.689    49.969  4 52474.22710478 11.551
  8 227.394095  67.258073     3.106     2.952  6 52509.22706990 34.394
  9 227.381402  67.254033    61.032    61.198  6 52544.22706693  9.933
 10 227.381914  67.254455    60.267    60.240  6 52579.22710727 19.809
 11 227.390836  67.258668    60.248    58.795  6 52614.22707445 15.926
 12 227.384394  67.255643    59.770    59.835  6 52649.22705465 16.481
 13 227.395938  67.259861    59.457    58.823  7 52684.22703570 14.823
 14 227.383361  67.254510    60.224    60.418  6 52719.22708898 11.870
 16 227.376645  67.248383    64.796    64.872  6 52789.22706006 12.167
 17 227.379765  67.252929    62.322    62.069  7 52824.22713129 10.313
 18 227.381956  67.254512    60.988    61.321  7 52859.22717772 10.211
 19 227.386565  67.255132     7.672     7.749  7 52894.22720886 33.151
 20 227.395490  67.260460    57.837    57.944  7 52929.22715948 17.170
 21 227.381103  67.252252    61.284    61.062  6 52964.22714348 17.120
 22 227.383322  67.254823    60.578    60.679  7 52999.22718022 15.832
 23 227.394727  67.259290    58.888    58.888  6 53034.22713240 12.637
 24 227.385931  67.255098    59.811    60.020  6 53069.22714808 11.682
 25 227.395996  67.261015    58.507    59.197  7 53104.22713448  8.521
 26 227.383440  67.254142    61.233    61.190  7 53139.22715321  4.719
 28 227.386596  67.256619    51.723    50.071  7 53209.22720890 12.339
 29 227.392299  67.259045     6.981     6.973  6 53244.22717688 22.024
 30 227.376522  67.250187    60.575    59.940  6 53279.22715504 17.260
 31 227.384862  67.254132    60.624    60.388  6 53314.22717904 14.418
 32 227.392497  67.257916    59.288    59.569  7 53349.22714520 15.004
 33 227.377851  67.251640    61.542    61.307  6 53384.22711859 13.685
 34 227.393131  67.258572    58.823    58.640  6 53419.22712583 13.434
 35 227.375742  67.251355    62.633    62.672  6 53454.22713090 10.263
 37 227.388629  67.256811    65.296    65.123  7 53524.22720363  9.811
 38 227.384307  67.255269     9.190     9.085  6 53559.22723013 22.115
 39 227.398278  67.261903    57.306    55.625  6 53594.22716860  9.758
 40 227.372708  67.245731    62.732    62.882  6 53629.22715886  9.186
 41 227.382476  67.254544    60.584    60.822  7 53664.22718418 19.447
 42 227.393279  67.258004    59.749    60.085  7 53699.22714272 11.232
 43 227.401307  67.262826    58.094    58.491  7 53734.22706566  7.633
 44 227.388157  67.255707    59.119    59.483  6 53769.22704861 10.934
 45 227.397301  67.260694    58.503    58.923  7 53804.22704501 11.228
 46 227.376714  67.251549    62.339    62.095  6 53839.22706367  8.352
 47 227.384866  67.255360    48.988    50.164  6 53874.22711032 20.702
 48 227.380509  67.252795    64.892    64.662  7 53909.22715460 10.620
 49 227.381500  67.254546    61.019    60.785  7 53944.22717750 10.785
 50 227.393793  67.259071     7.930     7.904  7 53979.22712716 31.260
 51 227.377398  67.250281     8.558     7.745  7 54014.22714005 16.976
 52 227.390930  67.257370    59.444    59.846  7 54049.22714631 19.179
 54 227.401030  67.262499    57.173    58.086  7 54119.22706809 17.162
 55 227.387202  67.255263    61.988    61.054  6 54154.22709425 14.975
 56 227.398141  67.260580    56.573    56.547  6 54189.22706325 14.248
 57 227.382738  67.254601    60.054    60.186  6 54224.22710484  6.420
 58 227.387237  67.256201    64.092    64.230  6 54259.22712611  9.546
 59 227.383427  67.260064    31.151    31.236  3 54294.22713005 22.669
 60 227.393507  67.257960    10.487    10.554  7 54329.22712340 44.877
 61 227.393598  67.265733     7.283     7.256  3 54364.22707125 30.777
 62 227.387228  67.256227    58.125    57.833  6 54399.22706388 19.697
 63 227.397088  67.259376    57.729    58.600  6 54434.22702188 14.658
 64 227.382908  67.254607    60.299    60.446  6 54469.22704674 15.507
 65 227.395093  67.259488    57.642    57.636  6 54504.22703687 16.289
 66 227.388715  67.257551    58.948    59.017  6 54539.22706239 14.488
 67 227.396449  67.260996    57.058    56.330  7 54574.22703776 13.140
 68 227.385334  67.258253    39.750    35.369  5 54609.22705540 22.630
 69 227.388544  67.256984    11.809    11.893  6 54644.22706298 36.519
 70 227.388128  67.256065     9.003     9.185  7 54679.22706445 35.733
 71 227.399879  67.260843    12.271     9.721  6 54714.22701675 41.587
 72 227.383159  67.254971    61.160    60.155  6 54749.22703415 19.215
 73 227.392435  67.259199    57.225    56.111  6 54784.22700438 16.203
 74 227.385194  67.253783    60.930    61.250  7 54819.22702634 13.666
 75 227.393968  67.257884    59.114    59.044  6 54854.22700100 12.167
 76 227.387347  67.255814    60.010    60.060  7 54889.22703132 11.443
 77 227.398333  67.260741    58.151    58.756  7 54924.22700098 11.131
 78 227.382620  67.254414    63.958    64.226  7 54959.22702891 13.720
 79 227.387112  67.255202    11.697    11.692  6 54994.22705095 22.827
 80 227.392787  67.254544    10.731    10.563  5 55029.22704067 24.589
 81 227.390790  67.257593    62.090    61.433  7 55064.22703279  8.292
 82 227.398597  67.262314    63.504    65.158  6 55099.22697806 13.690
 83 227.385104  67.254434    59.699    60.162  6 55134.22697663 20.026
 84 227.395147  67.259365    58.726    58.604  6 55169.22694161 19.590
 85 227.383963  67.255034    60.173    60.085  6 55204.22696973 17.009
 86 227.394464  67.260120    58.967    59.007  7 55239.22694867 15.483
 87 227.389009  67.257802    59.106    59.104  6 55274.22696395 13.089
 88 227.397451  67.260949    60.983    59.959  6 55309.22693223 10.648
 89 227.388902  67.256910    56.752    53.940  7 55344.22693197 10.349
 90 227.391798  67.259136    64.062    64.770  7 55379.22692699  9.801
 91 227.387364  67.251405    59.509    59.403  4 55414.22695104  7.017
 92 227.393938  67.257880    61.727    61.044  6 55449.22693963  8.888
 93 227.401579  67.262863    57.466    57.609  7 55484.22686642 16.482
