# NaN NaN NaN ;Mean Elev.(m), Avg Gradient(m/km), RMS Gradient(m/km) - SRTM1     
#    5.249  -3.815  10.639 ;Mean Elev.(m), Avg Gradient(m/km), RMS Gradient(m/km) - ASTER GDEM
#   21.187  -3.506  10.178 ;Mean Elev.(m), Avg Gradient(m/km), RMS Gradient(m/km) - GMTED2010 
  7 231.351931  66.264609    77.180    76.703  5 52468.21890459  4.572
  8 231.354003  66.266741    39.176    41.613  5 52503.21889391 20.709
  9 231.340618  66.259097    73.120    74.794  3 52538.21887740 13.293
 10 231.349450  66.261961    82.765    81.912  4 52573.21891796 10.804
 11 231.354797  66.268926    73.560    73.410  5 52608.21887725  9.149
 12 231.347129  66.260046    83.718    83.053  4 52643.21887168  9.196
 13 231.356758  66.270236    73.509    73.201  6 52678.21885593  7.951
 15 231.348953  66.266763    63.973    56.342  3 52748.21891928  8.294
 17 231.343613  66.255752    27.384    28.021  4 52818.21893580 18.644
 18 231.349146  66.261105    80.168    78.348  5 52853.21898629  3.788
 20 231.356335  66.270594    68.948    66.850  6 52923.21897599  7.481
 21 231.350756  66.260400    76.831    75.299  4 52958.21894034  9.926
 22 231.350915  66.263797    80.188    80.269  4 52993.21896681  6.708
 23 231.356514  66.275574    70.954    69.916  7 53028.21893369  8.192
 24 231.352662  66.265687    74.886    74.122  4 53063.21894024  6.741
 25 231.354695  66.267339    80.187    79.898  5 53098.21895776  3.810
 26 231.355757  66.262608    70.186    75.442  3 53133.21893777  2.089
 28 231.351732  66.262097    76.348    78.314  5 53203.21901254  7.131
 29 231.355883  66.274939    26.155    26.207  5 53238.21898335 19.144
 30 231.343298  66.256090    23.268    21.818  5 53273.21894004 24.758
 31 231.347596  66.258663    85.042    86.014  5 53308.21899953  8.226
 33 231.344710  66.256451    86.813    86.795  5 53378.21890641  7.026
 34 231.353378  66.267481    81.268    80.771  5 53413.21894366  4.395
 35 231.340829  66.256144    89.589    89.377  5 53448.21892988  2.379
 37 231.353007  66.266740    70.169    69.442  5 53518.21901660 10.899
 38 231.350348  66.261283    27.323    27.495  5 53553.21903727 22.380
 39 231.357160  66.271252    36.267    42.854  5 53588.21898875 41.497
 40 231.338790  66.254624    25.896    24.691  5 53623.21895777 20.163
 41 231.346623  66.259817    83.640    85.215  4 53658.21898579  3.959
 42 231.354023  66.267374    79.743    79.712  5 53693.21896822  3.969
 43 231.357915  66.277129    72.500    72.840  6 53728.21889310  4.951
 44 231.350366  66.262187    83.504    83.632  5 53763.21884901  5.421
 45 231.356818  66.274005    73.166    73.377  6 53798.21886056  6.810
 47 231.348852  66.259316    30.255    30.111  5 53868.21891798 35.988
 48 231.349269  66.264273    80.959    81.036  4 53903.21895078  5.086
 49 231.347389  66.257669    28.380    27.960  5 53938.21898570 19.067
 50 231.354274  66.267949    67.673    66.102  6 53973.21894966  6.016
 52 231.351925  66.262581    79.973    79.702  5 54043.21896042 11.053
 53 231.354685  66.268801    73.652    72.998  6 54078.21895522  9.636
 54 231.357092  66.276052    70.142    70.178  7 54113.21889461  9.730
 56 231.357659  66.273872    72.006    72.009  6 54183.21888309  6.801
 57 231.346247  66.261847    64.427    58.182  3 54218.21890753  4.794
 58 231.351429  66.262987    24.953    24.941  4 54253.21893284 37.711
 59 231.355208  66.265721    29.168    25.545  5 54288.21893719 39.570
 60 231.354796  66.264554    43.778    43.833  3 54323.21893430 17.334
 61 231.360076  66.273036    63.657    62.416  5 54358.21889277 11.060
 62 231.351869  66.264019    81.462    82.088  5 54393.21887457  5.406
 63 231.355109  66.269886    75.208    75.795  6 54428.21884242  6.169
 64 231.349453  66.261748    83.512    83.897  4 54463.21885263  4.042
 65 231.355202  66.268863    77.003    77.843  6 54498.21885144  5.770
 66 231.351628  66.264274    81.866    81.861  5 54533.21886675  3.808
 67 231.357429  66.273506    75.624    75.508  6 54568.21885666  3.509
 68 231.348796  66.264883    77.112    77.407  3 54603.21886202 12.905
 69 231.353406  66.264634    64.935    67.614  4 54638.21887264  9.656
 70 231.354130  66.264244    70.268    69.407  5 54673.21887558  5.790
 71 231.358913  66.269570    62.350    61.821  5 54708.21883510 10.747
 72 231.351668  66.261860    70.779    73.656  5 54743.21884087  7.186
 73 231.355499  66.267962    71.676    74.142  5 54778.21881695 10.971
 74 231.348132  66.260642    82.906    84.299  5 54813.21883421  8.063
 75 231.354097  66.270336    77.128    76.422  5 54848.21881726  6.180
 76 231.349588  66.262154    83.365    83.698  4 54883.21883774  4.812
 77 231.356645  66.272484    76.818    76.687  6 54918.21882007  4.260
 78 231.350157  66.261787    73.069    72.752  4 54953.21883220 11.670
 79 231.349487  66.262535    29.531    29.491  4 54988.21885644 15.361
 80 231.353374  66.268971    69.094    68.749  5 55023.21884950  9.154
 81 231.351954  66.268303    23.021    23.966  5 55058.21884495 41.029
 82 231.358978  66.271046    59.743    61.519  5 55093.21880004 18.677
 83 231.350693  66.264441    87.856    87.035  5 55128.21878468  8.562
 84 231.353900  66.268565    75.597    74.779  5 55163.21876120 10.011
 85 231.349150  66.261140    84.363    85.532  5 55198.21877552  8.377
 86 231.354862  66.271882    70.457    68.762  6 55233.21876610  8.956
 87 231.351598  66.263903    77.254    79.950  5 55268.21877060  7.083
 89 231.350900  66.267344    72.569    72.997  4 55338.21874481  8.699
 90 231.352531  66.268622    22.562    22.889  5 55373.21873556 34.615
 91 231.354514  66.260344    22.785    22.694  3 55408.21875481 25.256
 92 231.354692  66.266453    72.511    76.343  5 55443.21875337  7.857
 93 231.358611  66.275915    21.273    21.861  7 55478.21869384 43.408
