# NaN NaN NaN ;Mean Elev.(m), Avg Gradient(m/km), RMS Gradient(m/km) - SRTM1     
#    0.121 -15.188  22.037 ;Mean Elev.(m), Avg Gradient(m/km), RMS Gradient(m/km) - ASTER GDEM
#   17.249 -15.135  22.033 ;Mean Elev.(m), Avg Gradient(m/km), RMS Gradient(m/km) - GMTED2010 
  8 228.594533  67.458337    74.561    74.053  3 52506.22313196  3.188
  9 228.575275  67.462160    12.941    13.421  3 52541.22311545 31.081
 10 228.579941  67.461738    46.931    46.931  2 52576.22316309 35.240
 11 228.593224  67.460389    82.395    82.395  2 52611.22312466 10.674
 12 228.579863  67.462173    11.983    12.179  5 52646.22311254 18.815
 13 228.603106  67.460241    58.954    82.688  3 52681.22308387 13.894
 16 228.562984  67.463725    24.029    24.029  2 52786.22310985 37.311
 17 228.571467  67.461481    16.480    16.327  4 52821.22318300 43.830
 18 228.581309  67.460990    15.002    15.032  4 52856.22323022 36.569
 19 228.580739  67.461979    29.041    12.522  4 52891.22326296 20.665
 20 228.601451  67.460420    23.787    13.782  6 52926.22321469 21.663
 21 228.579384  67.462531    12.139    12.218  4 52961.22318357 22.789
 22 228.581631  67.461865    80.278    79.987  3 52996.22322249 14.554
 23 228.602539  67.459398    83.084    82.596  6 53031.22318345 10.592
 24 228.584554  67.462405    80.749    80.996  5 53066.22319213  9.956
 25 228.599160  67.460156    83.875    83.607  6 53101.22319120  5.266
 26 228.586469  67.460416    12.954    13.388  4 53136.22319339 11.941
 27 228.577719  67.462548    63.365    76.579  4 53171.22324612 14.166
 29 228.602057  67.458991    24.667    13.107  6 53241.22322572 15.348
 30 228.568061  67.460978    10.710    10.801  4 53276.22319674 28.099
 31 228.575974  67.464964    12.600    12.600  2 53311.22323894 31.940
 32 228.590950  67.463003    28.906    11.104  4 53346.22320407 22.002
 33 228.570421  67.461871    78.176    78.203  4 53381.22316186 13.004
 34 228.592231  67.463102    78.551    79.322  5 53416.22318199 13.924
 35 228.566010  67.461990    26.127    11.486  4 53451.22317961 11.985
 39 228.602674  67.463300   132.496   139.005  4 53591.22322104  4.734
 40 228.562041  67.460091    14.288    14.288  2 53626.22320788 18.089
 41 228.577904  67.461507    65.429    82.035  4 53661.22323346 15.068
 42 228.594976  67.461099    14.913    14.641  6 53696.22320257 24.909
 43 228.608782  67.459781    12.988    12.697  6 53731.22312469 16.305
 44 228.584635  67.461932    12.341    12.503  4 53766.22309683 15.299
 45 228.602995  67.461250    46.685    38.609  6 53801.22309865 12.977
 46 228.568424  67.463047    12.040    11.959  4 53836.22310657 12.781
 47 228.579056  67.463430    21.889    21.846  4 53871.22316277 35.902
 48 228.578912  67.462152    18.273    18.434  4 53906.22320089 40.594
 49 228.577342  67.460546    11.901    11.901  2 53941.22322984 16.817
 50 228.602159  67.456671    12.065    12.021  4 53976.22318417 20.948
 51 228.567836  67.462949    11.029    10.989  4 54011.22318773 27.241
 52 228.589046  67.461305    46.726    46.726  2 54046.22320113 31.221
 53 228.593870  67.461772    63.883    80.729  4 54081.22319408 17.241
 54 228.609051  67.458535    83.487    83.347  5 54116.22312639 13.372
 55 228.580692  67.464358    76.498    76.520  3 54151.22314512 14.398
 56 228.603436  67.461246    64.843    82.423  4 54186.22311914 11.209
 57 228.577592  67.462032    12.599    12.815  4 54221.22315438  8.407
 58 228.585796  67.462408    14.035    13.925  5 54256.22317738 20.548
 59 228.584605  67.465362    14.536    14.573  3 54291.22317956 22.136
 60 228.592457  67.461494    53.323    72.430  3 54326.22317617 28.619
 61 228.607393  67.460238    12.458    11.934  6 54361.22312717 41.908
 62 228.583197  67.462922    13.158    13.091  4 54396.22311656 41.187
 63 228.602937  67.459086    69.099    77.793  6 54431.22307699 14.569
 64 228.579479  67.462686    82.916    82.760  4 54466.22309733 11.478
 65 228.598126  67.459529    84.998    85.022  7 54501.22309048  8.582
 66 228.589196  67.461573    83.697    83.480  5 54536.22311192  7.472
 67 228.602746  67.460631    85.424    85.215  7 54571.22309296  5.927
 68 228.584177  67.462120    21.731    21.658  4 54606.22310614 24.813
 69 228.592256  67.459816    15.694    16.619  4 54641.22311477 25.326
 71 228.605159  67.459892    13.869    13.914  6 54711.22307201 15.337
 72 228.581907  67.462493    12.949    12.594  4 54746.22308549 38.124
 73 228.592065  67.462519    14.270    14.310  5 54781.22305778 25.235
 74 228.582246  67.460967    11.882    11.917  4 54816.22307829 18.817
 75 228.594940  67.461768    64.296    78.004  5 54851.22305576 14.764
 76 228.582934  67.461849    80.117    80.058  5 54886.22308239 12.466
 77 228.604319  67.460860    83.746    83.539  6 54921.22305644 10.114
 78 228.578594  67.462690    28.813    12.579  4 54956.22307869 16.791
 80 228.596244  67.458997    14.375    14.418  4 55026.22309160 19.709
 82 228.603018  67.463278    15.436    16.641  5 55096.22303552 38.540
 83 228.581617  67.463444    34.151    10.341  3 55131.22302874 35.814
 84 228.597882  67.459073    83.294    83.113  4 55166.22299693 13.415
 85 228.581830  67.462077    82.108    82.275  5 55201.22302063 14.011
 86 228.597653  67.461618    82.372    82.292  5 55236.22300370 14.389
 87 228.586412  67.462603    79.399    79.259  5 55271.22301492 15.649
 88 228.598571  67.466738    45.636    45.636  2 55306.22298636  9.747
 89 228.587842  67.461243    83.976    83.634  4 55341.22298536  9.004
 91 228.583004  67.462320    14.803    14.928  4 55411.22300148 38.562
 92 228.597369  67.456589    11.451    11.451  2 55446.22299272 21.889
 93 228.611481  67.459757    40.104    36.309  5 55481.22292542 17.821
