# NaN NaN NaN ;Mean Elev.(m), Avg Gradient(m/km), RMS Gradient(m/km) - SRTM1     
#    8.172  -2.928   8.146 ;Mean Elev.(m), Avg Gradient(m/km), RMS Gradient(m/km) - ASTER GDEM
#   19.011  -2.789   8.714 ;Mean Elev.(m), Avg Gradient(m/km), RMS Gradient(m/km) - GMTED2010 
  7    71.743 52452.22107253  3.63 229.780022  67.040672  6.651
  7    75.232 52452.22107317  3.11 229.776562  67.043742  6.651
  7    72.292 52452.22107382  3.53 229.773112  67.046812  6.651
  7    75.969 52452.22107833 10.73 229.748912  67.068282  6.651
  7    94.014 52452.22107897  9.88 229.745452  67.071342  6.651
  7   145.318 52452.22107962  5.49 229.741992  67.074412  6.651
  7   162.139 52452.22108026  2.38 229.738532  67.077482  6.651
  7   146.948 52452.22108091  0.52 229.735072  67.080542  6.651
  7    88.341 52452.22108155 14.92 229.731612  67.083612  6.651
  7    88.492 52452.22108220 18.89 229.728142  67.086682  6.651
  8    15.748 52487.22105563 45.90 229.782083  67.050446 17.953
  8    15.549 52487.22105628 34.35 229.778623  67.053506 17.953
  8    15.391 52487.22105692 22.55 229.775173  67.056576 17.953
  8    14.921 52487.22105757 20.92 229.771713  67.059646 17.953
  8    14.987 52487.22105821 19.35 229.768253  67.062706 17.953
  8    15.335 52487.22105885 18.80 229.764803  67.065776 17.953
  8    14.942 52487.22105950 17.90 229.761343  67.068846 17.953
  8    15.025 52487.22106014 16.25 229.757883  67.071916 17.953
  8    14.890 52487.22106079 16.26 229.754423  67.074976 17.953
  8    14.943 52487.22106143 15.40 229.750963  67.078046 17.953
  8    15.081 52487.22106208 13.84 229.747503  67.081116 17.953
  8    15.024 52487.22106272 14.01 229.744042  67.084178  4.824
  8    15.046 52487.22106337 14.47 229.740572  67.087248  4.824
  8    15.006 52487.22106401 13.65 229.737112  67.090308  4.824
  8    15.000 52487.22106466 13.48 229.733642  67.093378  4.824
  8    14.670 52487.22106530 14.65 229.730182  67.096448  4.824
  9    69.139 52522.22102646  9.75 229.783787  67.052478  4.008
  9    68.671 52522.22102711 10.01 229.780327  67.055538  4.008
  9    67.146 52522.22102775  9.02 229.776877  67.058608  4.008
  9    69.072 52522.22102840  8.14 229.773417  67.061678  4.008
  9    68.952 52522.22102904  7.91 229.769967  67.064748  4.008
  9    68.550 52522.22102969  6.55 229.766507  67.067808  4.008
  9    68.302 52522.22103033  5.33 229.763047  67.070878  4.008
  9    70.333 52522.22103098  5.13 229.759587  67.073948  4.008
  9    72.266 52522.22103162  4.80 229.756127  67.077008  4.008
  9    73.139 52522.22103226  4.56 229.752667  67.080078  4.008
  9    74.056 52522.22103291  4.74 229.749207  67.083148  4.008
  9    74.617 52522.22103355  4.93 229.745742  67.086211 12.309
  9    75.332 52522.22103420  5.73 229.742282  67.089281 12.309
  9    76.259 52522.22103484  5.63 229.738812  67.092341 12.309
  9    76.914 52522.22103549  5.73 229.735352  67.095411 12.309
  9    76.929 52522.22103613 10.01 229.731892  67.098481 12.309
 11    12.669 52592.22107104 26.21 229.780915  67.043766 14.657
 11    12.807 52592.22107168 30.22 229.777455  67.046826 14.657
 11    12.885 52592.22107233 29.56 229.774005  67.049896 14.657
 11    12.875 52592.22107297 29.70 229.770555  67.052966 14.657
 11    12.650 52592.22107361 30.25 229.767095  67.056026 14.657
 11    12.601 52592.22107426 31.34 229.763635  67.059096 14.657
 11    12.574 52592.22107490 32.79 229.760185  67.062166 14.657
 11    12.590 52592.22107555 36.60 229.756725  67.065236 14.657
 11    12.605 52592.22107619 34.39 229.753265  67.068296 14.657
 11    12.713 52592.22107684 36.14 229.749805  67.071366 14.657
 11    12.728 52592.22107748 38.79 229.746345  67.074436 14.657
 11    12.752 52592.22107813 48.79 229.742883  67.077497 23.294
 11    12.765 52592.22107877 50.16 229.739423  67.080567 23.294
 11    12.783 52592.22107942 49.52 229.735963  67.083627 23.294
 11    12.808 52592.22108006 48.52 229.732493  67.086697 23.294
 11    12.830 52592.22108071 45.08 229.729033  67.089767 23.294
 12    13.333 52627.22098797 26.28 229.778492  67.042414 12.108
 12    13.329 52627.22098861 28.64 229.775032  67.045484 12.108
 12    13.388 52627.22098925 30.73 229.771582  67.048544 12.108
 12    13.494 52627.22098990 32.38 229.768122  67.051614 12.108
 12    13.648 52627.22099054 38.82 229.764662  67.054684 12.108
 12    13.616 52627.22099119 33.00 229.761202  67.057744 12.108
 12    13.034 52627.22099183 26.47 229.757752  67.060814 12.108
 12    13.127 52627.22099248 24.89 229.754292  67.063884 12.108
 12    13.355 52627.22099312 25.06 229.750822  67.066944 12.108
 12    13.439 52627.22099377 25.60 229.747370  67.070010  9.535
 12    13.483 52627.22099441 27.07 229.743900  67.073080  9.535
 12    13.500 52627.22099506 27.61 229.740440  67.076150  9.535
 12    13.550 52627.22099570 27.78 229.736980  67.079210  9.535
 12    13.535 52627.22099635 27.41 229.733510  67.082280  9.535
 12    13.436 52627.22099699 27.07 229.730040  67.085340  9.535
 12    13.495 52627.22099764 31.93 229.726580  67.088410  9.535
 13    68.604 52662.22103461 14.63 229.781602  67.045725  5.160
 13    67.923 52662.22103525 14.04 229.778142  67.048785  5.160
 13    67.125 52662.22103590 14.25 229.774692  67.051855  5.160
 13    66.016 52662.22103654 13.94 229.771232  67.054925  5.160
 13    65.098 52662.22103719 13.09 229.767782  67.057995  5.160
 13    63.573 52662.22103783 12.98 229.764322  67.061055  5.160
 13    65.421 52662.22103848 11.69 229.760862  67.064125  5.160
 13    65.106 52662.22103912 10.49 229.757412  67.067195  5.160
 13    67.564 52662.22103977  9.06 229.753952  67.070255  5.160
 13    68.684 52662.22104041  7.96 229.750492  67.073325  5.160
 13    60.782 52662.22104106  8.73 229.747032  67.076395  5.160
 13    70.941 52662.22104170  7.79 229.743568  67.079456  4.184
 13    71.638 52662.22104234  6.97 229.740098  67.082526  4.184
 13    62.981 52662.22104299  6.59 229.736638  67.085586  4.184
 13    72.582 52662.22104363  6.46 229.733178  67.088656  4.184
 13    76.510 52662.22104428  5.95 229.729708  67.091726  4.184
 14    67.618 52697.22100999 12.74 229.778755  67.035423  4.594
 14    67.305 52697.22101063 13.19 229.775305  67.038493  4.594
 14    66.651 52697.22101128 13.33 229.771855  67.041563  4.594
 14    65.698 52697.22101192 14.44 229.768395  67.044623  4.594
 14    65.148 52697.22101257 13.66 229.764945  67.047693  4.594
 14    64.345 52697.22101321 12.37 229.761485  67.050763  4.594
 14    63.525 52697.22101386 11.75 229.758025  67.053823  4.594
 14    62.574 52697.22101450 12.22 229.754565  67.056893  4.594
 14    60.684 52697.22101515 12.54 229.751105  67.059963  4.594
 14    58.669 52697.22101579 11.95 229.747645  67.063023  4.594
 14    57.768 52697.22101644 10.95 229.744185  67.066093  4.594
 14    56.048 52697.22101708 10.71 229.740725  67.069163  4.594
 14    58.899 52697.22101773  8.85 229.737265  67.072223  4.594
 14    60.971 52697.22101837  7.75 229.733795  67.075293  4.594
 14    63.128 52697.22101901  6.69 229.730335  67.078363  4.594
 15    68.343 52732.22103568 13.85 229.785888  67.050657  4.072
 15    68.948 52732.22103633 11.59 229.782438  67.053727  4.072
 15    66.653 52732.22103697 12.81 229.778978  67.056797  4.072
 15    65.723 52732.22103762 12.39 229.775528  67.059857  4.072
 15    64.070 52732.22103826 12.83 229.772068  67.062927  4.072
 15    67.324 52732.22103891 10.43 229.768608  67.065997  4.072
 15    66.382 52732.22103955  9.24 229.765148  67.069067  4.072
 15    65.615 52732.22104020  7.73 229.761688  67.072127  4.072
 15    64.079 52732.22104084  7.31 229.758228  67.075197  4.072
 15    62.854 52732.22104148  7.52 229.754768  67.078267  4.072
 15    61.763 52732.22104213  6.72 229.751306  67.081328  4.299
 15    12.073 52732.22104277 13.89 229.747846  67.084398  4.299
 15    19.288 52732.22104342 15.83 229.744376  67.087458  4.299
 15    12.912 52732.22104406 15.93 229.740916  67.090528  4.299
 15    12.783 52732.22104471 14.43 229.737446  67.093598  4.299
 15    12.908 52732.22104535 13.80 229.733986  67.096658  4.299
 15    13.405 52732.22104600 12.87 229.730516  67.099728  4.299
 16    73.593 52767.22104499 11.97 229.785587  67.052101  3.766
 16    70.943 52767.22104564 11.09 229.782137  67.055171  3.766
 16    70.534 52767.22104628 11.04 229.778687  67.058241  3.766
 16    72.500 52767.22104693 10.09 229.775227  67.061301  3.766
 16    70.305 52767.22104757 10.43 229.771777  67.064371  3.766
 16    70.910 52767.22104822  9.76 229.768317  67.067441  3.766
 16    71.153 52767.22104886 10.38 229.764857  67.070501  3.766
 16    72.234 52767.22104951  8.65 229.761397  67.073571  3.766
 16    73.243 52767.22105015  8.26 229.757947  67.076641  3.766
 16    74.573 52767.22105079  9.12 229.754487  67.079711  3.766
 16    75.163 52767.22105144  9.50 229.751027  67.082771  3.766
 16    75.808 52767.22105208  8.91 229.747567  67.085841  3.766
 16    75.701 52767.22105273 10.80 229.744097  67.088911  3.766
 16    76.302 52767.22105337 10.28 229.740638  67.091974  6.598
 16    76.694 52767.22105402 11.42 229.737168  67.095044  6.598
 16    76.902 52767.22105466 12.49 229.733708  67.098104  6.598
 16    77.510 52767.22105531 12.60 229.730248  67.101174  6.598
 17    70.387 52802.22105099  6.37 229.779253  67.033513  3.078
 17    68.540 52802.22105164  6.30 229.775793  67.036573  3.078
 17    68.636 52802.22105228  6.42 229.772343  67.039643  3.078
 17    67.457 52802.22105292  6.90 229.768883  67.042713  3.078
 17    66.164 52802.22105357  7.23 229.765433  67.045773  3.078
 17    67.620 52802.22105421  6.51 229.761973  67.048843  3.078
 17    68.862 52802.22105486  5.48 229.758523  67.051913  3.078
 17    67.678 52802.22105550  5.91 229.755063  67.054973  3.078
 17    72.500 52802.22105615  5.32 229.751603  67.058043  3.078
 17    70.099 52802.22105679  5.73 229.748143  67.061113  3.078
 17    71.861 52802.22105744  6.10 229.744683  67.064173  3.078
 17    77.964 52802.22105808  5.26 229.741220  67.067242  9.433
 17    89.073 52802.22105873  5.21 229.737760  67.070312  9.433
 17    79.690 52802.22105937  5.41 229.734300  67.073372  9.433
 17    79.912 52802.22106002  6.64 229.730830  67.076442  9.433
 18    68.537 52837.22111767  9.16 229.778400  67.041398  3.473
 18    67.635 52837.22111832  9.70 229.774950  67.044468  3.473
 18    66.921 52837.22111896  9.18 229.771490  67.047538  3.473
 18    66.138 52837.22111961  8.80 229.768040  67.050598  3.473
 18    65.429 52837.22112025  8.35 229.764580  67.053668  3.473
 18    65.455 52837.22112090  8.10 229.761120  67.056738  3.473
 18    65.333 52837.22112154  6.19 229.757670  67.059808  3.473
 18    64.892 52837.22112219  6.32 229.754210  67.062868  3.473
 18    83.641 52837.22112283  5.38 229.750750  67.065938  3.473
 18    84.879 52837.22112348  5.54 229.747290  67.068998  3.473
 18    76.483 52837.22112412  5.38 229.743830  67.072067  8.943
 18    87.472 52837.22112477  5.04 229.740360  67.075137  8.943
 18    88.164 52837.22112541  6.02 229.736900  67.078197  8.943
 18    79.298 52837.22112605  4.98 229.733440  67.081267  8.943
 18    79.365 52837.22112670  6.20 229.729970  67.084337  8.943
 18    80.142 52837.22112734  6.30 229.726510  67.087397  8.943
 19    13.194 52872.22115836 22.92 229.781244  67.043951 15.367
 19    13.092 52872.22115901 23.77 229.777794  67.047021 15.367
 19    13.168 52872.22115965 27.76 229.774334  67.050091 15.367
 19    13.192 52872.22116030 30.21 229.770884  67.053161 15.367
 19    13.287 52872.22116094 34.28 229.767424  67.056221 15.367
 19    13.094 52872.22116159 30.13 229.763974  67.059291 15.367
 19    12.936 52872.22116223 24.74 229.760514  67.062361 15.367
 19    12.809 52872.22116287 20.31 229.757054  67.065421 15.367
 19    14.121 52872.22116352 18.21 229.753594  67.068491 15.367
 19    14.348 52872.22116416 16.58 229.750134  67.071561 15.367
 19    14.026 52872.22116481 18.79 229.746667  67.074622  4.624
 19    13.806 52872.22116545 16.00 229.743207  67.077692  4.624
 19    13.382 52872.22116610 17.54 229.739747  67.080752  4.624
 19    12.763 52872.22116674 16.83 229.736277  67.083822  4.624
 19    12.508 52872.22116739 16.28 229.732817  67.086892  4.624
 19    12.541 52872.22116803 15.34 229.729347  67.089952  4.624
 20    12.574 52907.22114928 19.27 229.784707  67.049837 12.884
 20    12.746 52907.22114992 20.56 229.781257  67.052897 12.884
 20    12.725 52907.22115057 21.62 229.777797  67.055967 12.884
 20    12.550 52907.22115121 23.88 229.774347  67.059037 12.884
 20    12.448 52907.22115186 26.23 229.770887  67.062097 12.884
 20    12.535 52907.22115250 28.64 229.767427  67.065167 12.884
 20    12.500 52907.22115315 31.12 229.763977  67.068237 12.884
 20    12.270 52907.22115379 26.81 229.760517  67.071297 12.884
 20    12.404 52907.22115443 19.61 229.757057  67.074367 12.884
 20    13.720 52907.22115508 16.23 229.753597  67.077437 12.884
 20    13.443 52907.22115572 15.06 229.750127  67.080507 12.884
 20    13.065 52907.22115637 13.69 229.746667  67.083567 12.884
 20    12.259 52907.22115701 14.23 229.743207  67.086637 12.884
 20    12.020 52907.22115766 13.64 229.739737  67.089697 12.884
 20    12.273 52907.22115830 12.84 229.736281  67.092765  5.374
 20    12.258 52907.22115895 12.21 229.732811  67.095835  5.374
 20    12.237 52907.22115959 11.75 229.729351  67.098905  5.374
 21    12.155 52942.22107553 49.42 229.780959  67.036442 40.257
 21    12.227 52942.22107617 51.44 229.777509  67.039512 40.257
 21    12.218 52942.22107681 44.62 229.774059  67.042582 40.257
 21    12.212 52942.22107746 45.22 229.770599  67.045652 40.257
 21    12.085 52942.22107810 38.55 229.767139  67.048712 40.257
 21    11.862 52942.22107875 34.75 229.763689  67.051782 40.257
 21    11.704 52942.22107939 36.81 229.760229  67.054852 40.257
 21    11.912 52942.22108004 44.79 229.756769  67.057912 40.257
 21    11.854 52942.22108068 45.72 229.753309  67.060982 40.257
 21    11.798 52942.22108133 42.68 229.749849  67.064052 40.257
 21    11.793 52942.22108197 50.45 229.746389  67.067112 40.257
 21    11.785 52942.22108262 51.44 229.742929  67.070182 40.257
 21    11.779 52942.22108326 51.95 229.739459  67.073242 40.257
 21    11.779 52942.22108391 50.68 229.735999  67.076312 40.257
 21    11.772 52942.22108455 52.41 229.732539  67.079382 40.257
 21    11.767 52942.22108520 50.05 229.729069  67.082442 40.257
 23    68.655 53012.22113322 11.16 229.779415  67.048513  3.473
 23    67.884 53012.22113387 10.05 229.775955  67.051583  3.473
 23    66.748 53012.22113451 11.01 229.772505  67.054653  3.473
 23    66.277 53012.22113516  9.81 229.769045  67.057713  3.473
 23    64.684 53012.22113580  8.46 229.765595  67.060783  3.473
 23    66.375 53012.22113645  7.68 229.762135  67.063853  3.473
 23    72.622 53012.22113709  6.11 229.758675  67.066923  3.473
 23    73.534 53012.22113774  5.88 229.755215  67.069983  3.473
 23    74.141 53012.22113838  6.17 229.751755  67.073053  3.473
 23    64.335 53012.22113902  6.35 229.748295  67.076123  3.473
 23    75.990 53012.22113967  5.12 229.744835  67.079183  3.473
 23    73.377 53012.22114031  5.17 229.741375  67.082253  3.473
 23    76.569 53012.22114096  5.08 229.737915  67.085323  3.473
 23    77.162 53012.22114160  4.90 229.734452  67.088381  6.132
 23    77.515 53012.22114225  5.45 229.730982  67.091451  6.132
 24    68.265 53047.22109780  9.91 229.781250  67.034896  3.382
 24    68.149 53047.22109845  9.30 229.777800  67.037966  3.382
 24    67.854 53047.22109909  8.95 229.774350  67.041026  3.382
 24    67.154 53047.22109974  8.94 229.770890  67.044096  3.382
 24    66.354 53047.22110038  8.60 229.767440  67.047166  3.382
 24    65.512 53047.22110103  8.86 229.763980  67.050226  3.382
 24    64.454 53047.22110167  9.25 229.760530  67.053296  3.382
 24    63.311 53047.22110232  7.88 229.757070  67.056366  3.382
 24    62.566 53047.22110296  8.15 229.753610  67.059426  3.382
 24    62.171 53047.22110361  7.94 229.750150  67.062496  3.382
 24    61.238 53047.22110425  7.12 229.746690  67.065566  3.382
 24    61.408 53047.22110489  7.09 229.743230  67.068626  3.382
 24    61.958 53047.22110554  6.17 229.739770  67.071696  3.382
 24    61.893 53047.22110618  5.60 229.736310  67.074766  3.382
 24    74.719 53047.22110683  4.40 229.732840  67.077826  3.382
 24    79.750 53047.22110747  3.32 229.729379  67.080891  3.279
 25    69.307 53082.22113398  9.36 229.782337  67.043163  3.604
 25    68.624 53082.22113462  9.71 229.778887  67.046233  3.604
 25    67.919 53082.22113527 10.07 229.775427  67.049293  3.604
 25    67.074 53082.22113591  8.64 229.771977  67.052363  3.604
 25    66.387 53082.22113656  8.31 229.768517  67.055433  3.604
 25    65.801 53082.22113720  7.78 229.765067  67.058493  3.604
 25    65.166 53082.22113785  7.14 229.761607  67.061563  3.604
 25    65.600 53082.22113849  6.38 229.758157  67.064633  3.604
 25    65.453 53082.22113914  6.08 229.754697  67.067693  3.604
 25    64.330 53082.22113978  5.59 229.751237  67.070763  3.604
 25    62.325 53082.22114043  5.38 229.747777  67.073833  3.604
 25    72.647 53082.22114107  3.93 229.744317  67.076893  3.604
 25    74.060 53082.22114172  4.06 229.740849  67.079964  3.043
 25    77.207 53082.22114236  3.06 229.737389  67.083034  3.043
 25    78.079 53082.22114300  2.93 229.733929  67.086094  3.043
 25    78.702 53082.22114365  2.48 229.730469  67.089164  3.043
 25    78.845 53082.22114429  1.93 229.726999  67.092234  3.043
 26    69.973 53117.22110322  6.77 229.777728  67.035496  2.803
 26    69.172 53117.22110386  6.00 229.774268  67.038556  2.803
 26    68.705 53117.22110451  6.19 229.770818  67.041626  2.803
 26    68.309 53117.22110515  6.65 229.767368  67.044696  2.803
 26    68.047 53117.22110580  6.26 229.763908  67.047756  2.803
 26    70.794 53117.22110644  5.26 229.760458  67.050826  2.803
 26    65.026 53117.22110708  6.97 229.756998  67.053896  2.803
 26    69.309 53117.22110773  5.47 229.753538  67.056956  2.803
 26    73.706 53117.22110837  4.93 229.750078  67.060026  2.803
 26    65.519 53117.22110902  5.35 229.746628  67.063096  2.803
 26    76.916 53117.22110966  4.44 229.743158  67.066156  2.803
 26    72.890 53117.22111031  5.10 229.739698  67.069226  2.803
 26    92.668 53117.22111095  2.57 229.736238  67.072296  2.803
 26    92.591 53117.22111160  2.10 229.732778  67.075356  2.803
 27    83.328 53152.22115275 12.34 229.781177  67.038297  2.784
 27    82.150 53152.22115340 12.28 229.777727  67.041367  2.784
 27    81.051 53152.22115404 11.97 229.774277  67.044437  2.784
 27    79.680 53152.22115469 11.78 229.770817  67.047497  2.784
 27    77.742 53152.22115533 12.35 229.767367  67.050567  2.784
 27    75.564 53152.22115598 12.83 229.763907  67.053637  2.784
 27    73.670 53152.22115662 12.04 229.760457  67.056707  2.784
 27    73.714 53152.22115727 12.52 229.756997  67.059767  2.784
 27    74.634 53152.22115791 11.97 229.753537  67.062837  2.784
 27    80.892 53152.22115855 11.34 229.750077  67.065907  2.784
 27    81.204 53152.22115920 12.12 229.746617  67.068967  2.784
 27    81.622 53152.22115984 11.95 229.743157  67.072037  2.784
 27    81.639 53152.22116049 12.35 229.739697  67.075107  2.784
 27    81.248 53152.22116113 12.70 229.736235  67.078168 13.116
 27    79.715 53152.22116178 13.90 229.732775  67.081238 13.116
 27    80.356 53152.22116242 13.91 229.729305  67.084298 13.116
 28    69.470 53187.22114161 10.14 229.782230  67.048974  5.684
 28    68.597 53187.22114226  9.83 229.778770  67.052044  5.684
 28    68.163 53187.22114290  9.45 229.775320  67.055114  5.684
 28    68.681 53187.22114355  7.56 229.771860  67.058174  5.684
 28    68.508 53187.22114419  8.03 229.768400  67.061244  5.684
 28    68.111 53187.22114484  6.82 229.764940  67.064314  5.684
 28    67.747 53187.22114548  6.48 229.761490  67.067374  5.684
 28    69.302 53187.22114612  5.63 229.758030  67.070444  5.684
 28    71.221 53187.22114677  5.80 229.754560  67.073514  5.684
 28    73.006 53187.22114741  5.49 229.751106  67.076575  7.081
 28    73.920 53187.22114806  5.85 229.747636  67.079645  7.081
 28    75.222 53187.22114870  5.95 229.744176  67.082705  7.081
 28    76.008 53187.22114935  5.23 229.740716  67.085775  7.081
 28    76.721 53187.22114999  5.61 229.737246  67.088845  7.081
 28    77.348 53187.22115064  5.54 229.733786  67.091905  7.081
 28    77.938 53187.22115128  4.77 229.730316  67.094975  7.081
 29    13.108 53222.22116457 52.10 229.782545  67.050870 32.399
 29    13.154 53222.22116521 50.81 229.779095  67.053940 32.399
 29    12.942 53222.22116585 50.18 229.775635  67.057000 32.399
 29    12.950 53222.22116650 52.89 229.772185  67.060070 32.399
 29    12.963 53222.22116714 50.18 229.768725  67.063140 32.399
 29    12.962 53222.22116779 47.94 229.765265  67.066200 32.399
 29    12.866 53222.22116843 41.77 229.761805  67.069270 32.399
 29    12.863 53222.22116908 39.92 229.758345  67.072340 32.399
 29    12.806 53222.22116972 38.45 229.754885  67.075410 32.399
 29    12.697 53222.22117037 36.32 229.751425  67.078470 32.399
 29    12.584 53222.22117101 35.56 229.747965  67.081540 32.399
 29    12.789 53222.22117166 43.93 229.744505  67.084600 32.399
 29    12.717 53222.22117230 50.06 229.741037  67.087669 21.067
 29    12.710 53222.22117295 50.62 229.737577  67.090739 21.067
 29    12.699 53222.22117359 50.50 229.734107  67.093799 21.067
 29    12.694 53222.22117424 49.19 229.730647  67.096869 21.067
 30    12.369 53257.22114084 52.55 229.782905  67.052257 34.303
 30    12.181 53257.22114148 53.97 229.779455  67.055327 34.303
 30    11.956 53257.22114213 53.92 229.775995  67.058387 34.303
 30    12.006 53257.22114277 49.16 229.772545  67.061457 34.303
 30    11.963 53257.22114342 50.17 229.769085  67.064527 34.303
 30    11.851 53257.22114406 53.44 229.765625  67.067597 34.303
 30    11.777 53257.22114470 51.76 229.762175  67.070657 34.303
 30    11.798 53257.22114535 50.30 229.758715  67.073727 34.303
 30    11.693 53257.22114599 47.25 229.755255  67.076797 34.303
 30    11.747 53257.22114664 51.08 229.751795  67.079857 34.303
 30    11.725 53257.22114728 52.38 229.748335  67.082927 34.303
 30    11.699 53257.22114793 53.36 229.744875  67.085997 34.303
 30    11.654 53257.22114857 52.15 229.741413  67.089060 23.689
 30    11.602 53257.22114922 51.75 229.737943  67.092130 23.689
 30    11.545 53257.22114986 52.12 229.734483  67.095190 23.689
 30    11.481 53257.22115051 52.53 229.731013  67.098260 23.689
 31    11.978 53292.22115353 47.88 229.783016  67.026501 25.308
 31    11.991 53292.22115418 55.14 229.779566  67.029571 25.308
 31    11.995 53292.22115482 52.04 229.776106  67.032641 25.308
 31    12.014 53292.22115547 50.35 229.772656  67.035701 25.308
 31    12.029 53292.22115611 50.37 229.769206  67.038771 25.308
 31    12.031 53292.22115676 38.11 229.765751  67.041842 31.941
 31    11.823 53292.22115740 29.54 229.762301  67.044902 31.941
 31    11.581 53292.22115805 28.52 229.758841  67.047972 31.941
 31    11.695 53292.22115869 30.94 229.755381  67.051042 31.941
 31    11.809 53292.22115934 48.03 229.751931  67.054102 31.941
 31    11.751 53292.22115998 33.16 229.748471  67.057172 31.941
 31    11.701 53292.22116063 39.25 229.745011  67.060242 31.941
 31    11.690 53292.22116127 52.37 229.741551  67.063302 31.941
 31    11.671 53292.22116192 53.24 229.738091  67.066372 31.941
 31    11.649 53292.22116256 52.11 229.734631  67.069442 31.941
 31    11.635 53292.22116320 53.39 229.731171  67.072502 31.941
 31    11.612 53292.22116385 40.86 229.727711  67.075572 31.941
 32    12.409 53327.22113174 22.85 229.782650  67.049345 16.673
 32    12.414 53327.22113238 23.99 229.779190  67.052415 16.673
 32    12.417 53327.22113303 24.29 229.775740  67.055485 16.673
 32    12.233 53327.22113367 24.53 229.772280  67.058545 16.673
 32    12.090 53327.22113432 26.47 229.768830  67.061615 16.673
 32    12.118 53327.22113496 27.92 229.765370  67.064685 16.673
 32    12.159 53327.22113560 27.61 229.761910  67.067745 16.673
 32    12.218 53327.22113625 27.95 229.758450  67.070815 16.673
 32    12.325 53327.22113689 31.79 229.754990  67.073885 16.673
 32    12.425 53327.22113754 31.85 229.751530  67.076945 16.673
 32    12.405 53327.22113818 32.61 229.748070  67.080015 16.673
 32    12.325 53327.22113883 34.86 229.744600  67.083085 16.673
 32    12.256 53327.22113947 34.13 229.741140  67.086145 16.673
 32    12.220 53327.22114012 33.50 229.737680  67.089215 16.673
 32    12.253 53327.22114076 32.97 229.734210  67.092285 16.673
 32    12.299 53327.22114141 29.91 229.730750  67.095345 16.673
 35    69.777 53432.22110061  8.36 229.785606  67.053620  2.575
 35    69.203 53432.22110126  7.69 229.782146  67.056680  2.575
 35    69.223 53432.22110190  7.59 229.778696  67.059750  2.575
 35    69.733 53432.22110255  6.56 229.775236  67.062820  2.575
 35    69.660 53432.22110319  6.54 229.771776  67.065890  2.575
 35    69.803 53432.22110384  5.16 229.768326  67.068950  2.575
 35    69.328 53432.22110448  5.25 229.764866  67.072020  2.575
 35    71.864 53432.22110512  4.56 229.761406  67.075090  2.575
 35    71.712 53432.22110577  4.08 229.757946  67.078150  2.575
 35    73.854 53432.22110641  4.37 229.754486  67.081220  2.575
 35    74.417 53432.22110706  3.94 229.751026  67.084290  2.575
 35    75.031 53432.22110770  3.69 229.747566  67.087350  2.575
 35    75.437 53432.22110835  3.87 229.744096  67.090420  2.575
 35    76.120 53432.22110899  3.59 229.740636  67.093490  2.575
 35    76.701 53432.22110964  3.27 229.737166  67.096550  2.575
 35    76.745 53432.22111028  3.84 229.733706  67.099620  2.575
 35    77.229 53432.22111093  4.20 229.730236  67.102690  2.575
 36    68.185 53467.22113283  5.81 229.778003  67.036953  4.319
 36    67.848 53467.22113348  5.82 229.774553  67.040023  4.319
 36    67.723 53467.22113412  4.54 229.771100  67.043093  2.411
 36    66.958 53467.22113476  4.79 229.767640  67.046153  2.411
 36    66.302 53467.22113541  4.46 229.764180  67.049223  2.411
 36    65.434 53467.22113605  4.01 229.760730  67.052293  2.411
 36    64.443 53467.22113670  4.20 229.757270  67.055353  2.411
 36    64.217 53467.22113734  3.64 229.753810  67.058423  2.411
 36    73.928 53467.22113799  2.91 229.750350  67.061493  2.411
 36    75.947 53467.22113863  3.04 229.746890  67.064553  2.411
 36    76.934 53467.22113928  3.52 229.743430  67.067623  2.411
 36    78.611 53467.22113992  2.75 229.739970  67.070693  2.411
 36    88.822 53467.22114057  2.45 229.736510  67.073753  2.411
 36    89.968 53467.22114121  2.40 229.733050  67.076823  2.411
 36    90.753 53467.22114186  2.40 229.729580  67.079893  2.411
 37    82.353 53502.22118675 11.97 229.779412  67.042660  3.354
 37    80.479 53502.22118739 12.02 229.775952  67.045730  3.354
 37    79.319 53502.22118803 11.60 229.772502  67.048800  3.354
 37    80.223 53502.22118868 11.36 229.769052  67.051860  3.354
 37    81.888 53502.22118932 11.34 229.765592  67.054930  3.354
 37    83.536 53502.22118997 11.25 229.762132  67.058000  3.354
 37    84.917 53502.22119061 10.91 229.758682  67.061070  3.354
 37    86.439 53502.22119126 10.96 229.755222  67.064130  3.354
 37    87.448 53502.22119190 10.64 229.751762  67.067200  3.354
 37    88.110 53502.22119255 10.99 229.748302  67.070270  3.354
 37    88.507 53502.22119319 11.71 229.744842  67.073330  3.354
 37    81.167 53502.22119384 13.17 229.741382  67.076400  3.354
 37    80.982 53502.22119448 13.58 229.737922  67.079470  3.354
 37    80.433 53502.22119513 14.28 229.734452  67.082530  3.354
 37    80.280 53502.22119577 14.33 229.730992  67.085600  3.354
 37    79.726 53502.22119642 15.38 229.727532  67.088670  3.354
 38    17.268 53537.22118056 38.96 229.779921  67.049675 23.253
 38    16.626 53537.22118121 30.20 229.776471  67.052735 23.253
 38    15.970 53537.22118185 27.15 229.773011  67.055805 23.253
 38    15.767 53537.22118250 23.90 229.769551  67.058875 23.253
 38    15.819 53537.22118314 22.30 229.766101  67.061945 23.253
 38    16.016 53537.22118379 21.18 229.762641  67.065005 23.253
 38    16.117 53537.22118443 21.66 229.759181  67.068075 23.253
 38    15.844 53537.22118508 21.80 229.755721  67.071145 23.253
 38    15.817 53537.22118572 22.29 229.752261  67.074205 23.253
 38    15.737 53537.22118637 23.79 229.748801  67.077275 23.253
 38    15.866 53537.22118701 25.12 229.745341  67.080345 23.253
 38    15.995 53537.22118766 27.59 229.741881  67.083405 23.253
 38    16.100 53537.22118830 39.02 229.738411  67.086475 23.253
 38    16.187 53537.22118895 45.64 229.734951  67.089545 23.253
 38    16.218 53537.22118959 46.70 229.731481  67.092605 23.253
 39    68.520 53572.22118403 14.62 229.781522  67.045306  3.980
 39    67.326 53572.22118467 14.76 229.778062  67.048376  3.980
 39    66.716 53572.22118532 14.45 229.774612  67.051446  3.980
 39    66.816 53572.22118596 11.04 229.771152  67.054506  3.980
 39    67.288 53572.22118661  8.68 229.767702  67.057576  3.980
 39    67.122 53572.22118725  7.83 229.764242  67.060646  3.980
 39    66.571 53572.22118790  7.45 229.760792  67.063716  3.980
 39    66.403 53572.22118854  6.59 229.757332  67.066776  3.980
 39    72.243 53572.22118919  5.87 229.753872  67.069846  3.980
 39    73.150 53572.22118983  5.80 229.750412  67.072916  3.980
 39    75.734 53572.22119047  6.01 229.746952  67.075976  3.980
 39    76.529 53572.22119112  5.57 229.743492  67.079046  3.980
 39    77.126 53572.22119176  5.66 229.740032  67.082116  3.980
 39    77.127 53572.22119241  5.41 229.736562  67.085176  3.980
 39    78.021 53572.22119305  4.68 229.733102  67.088246  3.980
 39    78.525 53572.22119370  4.65 229.729642  67.091316  3.980
 40    13.556 53607.22113402 51.37 229.788875  67.053187 46.683
 40    13.519 53607.22113467 54.67 229.785425  67.056257 46.683
 40    13.487 53607.22113531 50.89 229.781965  67.059317 46.683
 40    13.340 53607.22113596 50.16 229.778515  67.062387 46.683
 40    13.311 53607.22113660 49.30 229.775055  67.065457 46.683
 40    13.344 53607.22113725 48.30 229.771595  67.068527 46.683
 40    13.308 53607.22113789 53.30 229.768145  67.071587 46.683
 40    13.185 53607.22113854 51.85 229.764685  67.074657 46.683
 40    13.184 53607.22113918 52.22 229.761225  67.077727 46.683
 40    13.250 53607.22113983 52.78 229.757765  67.080787 46.683
 40    13.263 53607.22114047 53.03 229.754305  67.083857 46.683
 40    13.244 53607.22114111 53.85 229.750845  67.086927 46.683
 40    13.225 53607.22114176 51.56 229.747385  67.089987 46.683
 40    13.197 53607.22114240 50.92 229.743915  67.093057 46.683
 40    13.155 53607.22114305 52.36 229.740455  67.096127 46.683
 40    13.107 53607.22114369 51.53 229.736985  67.099187 46.683
 40    13.055 53607.22114434 49.50 229.733525  67.102257 46.683
 40    13.000 53607.22114498 48.20 229.730055  67.105327 46.683
 41    70.406 53642.22113151  6.87 229.779642  67.033696  5.431
 41    69.472 53642.22113215  6.88 229.776192  67.036756  5.431
 41    67.865 53642.22113280  7.75 229.772742  67.039826  5.431
 41    66.786 53642.22113344  7.85 229.769288  67.042897  2.989
 41    65.389 53642.22113409  9.49 229.765828  67.045957  2.989
 41    64.446 53642.22113473  8.59 229.762378  67.049027  2.989
 41    63.728 53642.22113537  6.83 229.758918  67.052097  2.989
 41    62.858 53642.22113602  5.58 229.755458  67.055157  2.989
 41    62.515 53642.22113666  4.59 229.751998  67.058227  2.989
 41    76.502 53642.22113731  4.31 229.748538  67.061297  2.989
 41    61.781 53642.22113795  4.67 229.745078  67.064357  2.989
 41    77.938 53642.22113860  4.42 229.741618  67.067427  2.989
 41    79.564 53642.22113989  3.97 229.734698  67.073557  2.989
 41    91.389 53642.22114053  3.43 229.731238  67.076627  2.989
 42    68.623 53677.22115187 13.84 229.780983  67.042077  4.603
 42    68.000 53677.22115251 15.51 229.777529  67.045142 11.262
 42    67.309 53677.22115316 14.84 229.774079  67.048212 11.262
 42    66.595 53677.22115380 15.09 229.770619  67.051282 11.262
 42    65.460 53677.22115445 13.98 229.767169  67.054352 11.262
 42    64.790 53677.22115509 12.34 229.763709  67.057412 11.262
 42    64.715 53677.22115574 11.59 229.760259  67.060482 11.262
 42    61.236 53677.22115638 13.68 229.756799  67.063552 11.262
 42    59.621 53677.22115702 14.25 229.753339  67.066612 11.262
 42    33.700 53677.22115767 18.72 229.749879  67.069682 11.262
 42    33.542 53677.22115831 21.68 229.746419  67.072752 11.262
 42    33.576 53677.22115896 23.22 229.742959  67.075812 11.262
 42    33.782 53677.22115960 18.67 229.739499  67.078882 11.262
 42    13.298 53677.22116089 39.19 229.732569  67.085012 11.262
 42    13.143 53677.22116154 46.32 229.729109  67.088082 11.262
 42    12.421 53677.22116218 37.47 229.725639  67.091142 11.262
 43    12.807 53712.22108286 20.00 229.788550  67.054145 11.990
 43    12.655 53712.22108351 20.18 229.785090  67.057205 11.990
 43    12.587 53712.22108415 20.80 229.781640  67.060275 11.990
 43    12.564 53712.22108480 21.24 229.778180  67.063345 11.990
 43    12.417 53712.22108544 23.15 229.774720  67.066415 11.990
 43    12.309 53712.22108609 23.70 229.771270  67.069475 11.990
 43    12.284 53712.22108673 25.05 229.767810  67.072545 11.990
 43    12.337 53712.22108738 26.34 229.764350  67.075615 11.990
 43    12.380 53712.22108802 27.28 229.760890  67.078675 11.990
 43    12.389 53712.22108867 29.27 229.757430  67.081745 11.990
 43    12.528 53712.22108931 30.16 229.753970  67.084815 11.990
 43    12.614 53712.22108996 32.04 229.750500  67.087875 11.990
 43    12.581 53712.22109060 30.00 229.747040  67.090945 11.990
 43    12.438 53712.22109125 30.25 229.743580  67.094015 11.990
 43    12.283 53712.22109189 27.80 229.740110  67.097075 11.990
 43    12.202 53712.22109253 26.42 229.736650  67.100145 11.990
 43    12.125 53712.22109318 24.11 229.733180  67.103215 11.990
 43    12.187 53712.22109382 23.24 229.729710  67.106275 11.990
 44    12.605 53747.22099182 20.21 229.778547  67.035079  6.938
 44    12.524 53747.22099246 22.27 229.775097  67.038149  6.938
 44    12.429 53747.22099311 21.67 229.771647  67.041219  6.938
 44    12.349 53747.22099375 20.36 229.768191  67.044285 10.028
 44    12.275 53747.22099440 20.11 229.764731  67.047355 10.028
 44    12.252 53747.22099504 20.91 229.761271  67.050415 10.028
 44    11.700 53747.22099569 22.92 229.757811  67.053485 10.028
 44    11.820 53747.22099633 23.94 229.754361  67.056555 10.028
 44    12.044 53747.22099698 22.54 229.750901  67.059615 10.028
 44    12.132 53747.22099762 26.67 229.747441  67.062685 10.028
 44    12.113 53747.22099827 27.19 229.743981  67.065745 10.028
 44    12.147 53747.22099891 25.73 229.740511  67.068815 10.028
 44    12.192 53747.22099956 25.96 229.737051  67.071885 10.028
 44    12.161 53747.22100020 24.43 229.733591  67.074945 10.028
 44    11.961 53747.22100085 23.34 229.730121  67.078015 10.028
 45    69.549 53782.22102527  7.25 229.783368  67.049486  2.625
 45    68.730 53782.22102592  6.32 229.779918  67.052556  2.625
 45    67.692 53782.22102656  6.29 229.776458  67.055626  2.625
 45    66.660 53782.22102721  6.48 229.772998  67.058696  2.625
 45    67.826 53782.22102785  5.98 229.769548  67.061756  2.625
 45    67.754 53782.22102850  5.57 229.766088  67.064826  2.625
 45    67.328 53782.22102914  4.58 229.762628  67.067896  2.625
 45    67.279 53782.22102979  4.41 229.759168  67.070956  2.625
 45    72.739 53782.22103043  4.18 229.755708  67.074026  2.625
 45    65.492 53782.22103108  3.53 229.752248  67.077096  2.625
 45    74.228 53782.22103172  2.71 229.748788  67.080156  2.625
 45    75.455 53782.22103237  2.60 229.745328  67.083226  2.625
 45    76.183 53782.22103301  2.99 229.741858  67.086296  2.625
 45    76.506 53782.22103365  2.73 229.738398  67.089356  2.625
 45    76.816 53782.22103430  2.13 229.734928  67.092426  2.625
 45    86.720 53782.22103494  2.23 229.731468  67.095486  2.625
 46    70.773 53817.22099169  8.32 229.794155  67.055368  2.594
 46    70.136 53817.22099234  8.25 229.790705  67.058438  2.594
 46    70.773 53817.22099298  7.71 229.787245  67.061508  2.594
 46    70.888 53817.22099363  7.75 229.783795  67.064568  2.594
 46    71.167 53817.22099427  6.55 229.780335  67.067638  2.594
 46    70.640 53817.22099491  5.86 229.776875  67.070708  2.594
 46    70.314 53817.22099556  5.44 229.773425  67.073778  2.594
 46    69.765 53817.22099620  4.76 229.769965  67.076838  2.594
 46    70.022 53817.22099685  4.32 229.766505  67.079908  2.594
 46    69.857 53817.22099749  4.06 229.763045  67.082978  2.594
 46    71.728 53817.22099814  2.95 229.759585  67.086038  2.594
 46    72.411 53817.22099878  2.85 229.756125  67.089108  2.594
 46    80.999 53817.22099943  2.31 229.752655  67.092178  2.594
 46    72.803 53817.22100007  2.52 229.749195  67.095238  2.594
 46    73.989 53817.22100072  2.86 229.745735  67.098308  2.594
 46    74.794 53817.22100136  3.29 229.742265  67.101378  2.594
 46    75.333 53817.22100201  2.81 229.738805  67.104438  2.594
 46    75.815 53817.22100265  3.10 229.735335  67.107508  2.594
 46    75.862 53817.22100330  4.03 229.731865  67.110578  2.594
 46    74.985 53817.22100394  4.24 229.728405  67.113638  2.594
 48    79.444 53887.22106956  9.24 229.782435  67.050871  4.079
 48    77.415 53887.22107020  9.16 229.778975  67.053941  4.079
 48    76.787 53887.22107085  8.08 229.775515  67.057001  4.079
 48    76.487 53887.22107149  8.13 229.772065  67.060071  4.079
 48    76.473 53887.22107214  8.76 229.768605  67.063141  4.079
 48    76.204 53887.22107278 11.22 229.765145  67.066201  4.079
 48    76.197 53887.22107342 10.53 229.761685  67.069271  4.079
 48    76.368 53887.22107407  9.89 229.758225  67.072341  4.079
 48    76.216 53887.22107471 11.97 229.754765  67.075401  4.079
 48    76.234 53887.22107536 10.53 229.751305  67.078471  4.079
 48    76.389 53887.22107600 10.87 229.747835  67.081541  4.079
 48    76.458 53887.22107665 11.54 229.744375  67.084601  4.079
 48    76.683 53887.22107729 11.28 229.740915  67.087671  4.079
 48    77.173 53887.22107794 11.34 229.737445  67.090731  4.079
 48    77.264 53887.22107858 13.12 229.733985  67.093801  4.079
 48    77.656 53887.22107923 13.40 229.730515  67.096871  4.079
 49    69.495 53922.22113869  6.15 229.780131  67.036716  5.922
 49    68.959 53922.22113933  5.91 229.776681  67.039776  5.922
 49    68.173 53922.22113998  5.78 229.773228  67.042844  2.632
 49    67.443 53922.22114062  5.01 229.769778  67.045914  2.632
 49    66.857 53922.22114127  4.83 229.766318  67.048984  2.632
 49    65.972 53922.22114191  4.50 229.762868  67.052044  2.632
 49    67.028 53922.22114256  4.53 229.759408  67.055114  2.632
 49    67.427 53922.22114320  4.76 229.755948  67.058184  2.632
 49    73.212 53922.22114385  4.31 229.752498  67.061254  2.632
 49    71.209 53922.22114449  4.59 229.749038  67.064314  2.632
 49    76.472 53922.22114514  5.03 229.745578  67.067384  2.632
 49    77.352 53922.22114578  4.47 229.742118  67.070454  2.632
 49    78.218 53922.22114643  5.01 229.738658  67.073514  2.632
 49    79.244 53922.22114707  4.68 229.735198  67.076584  2.632
 49    80.059 53922.22114771  4.66 229.731738  67.079654  2.632
 49    80.229 53922.22114836  5.03 229.728268  67.082714  2.632
 50    69.054 53957.22113465  8.90 229.780560  67.043287  5.774
 50    68.174 53957.22113530  8.05 229.777108  67.046355  2.729
 50    67.625 53957.22113594  7.29 229.773658  67.049425  2.729
 50    67.271 53957.22113659  6.57 229.770198  67.052495  2.729
 50    67.158 53957.22113723  5.93 229.766748  67.055555  2.729
 50    66.731 53957.22113788  5.83 229.763288  67.058625  2.729
 50    70.542 53957.22113852  5.37 229.759838  67.061695  2.729
 50    72.632 53957.22113917  5.59 229.756378  67.064765  2.729
 50    73.275 53957.22113981  5.34 229.752918  67.067825  2.729
 50    75.138 53957.22114046  4.71 229.749458  67.070895  2.729
 50    76.080 53957.22114110  4.70 229.745998  67.073965  2.729
 50    80.765 53957.22114174  5.57 229.742538  67.077025  2.729
 50    81.214 53957.22114239  5.94 229.739078  67.080095  2.729
 50    81.925 53957.22114303  5.44 229.735618  67.083165  2.729
 50    77.814 53957.22114368  5.65 229.732148  67.086225  2.729
 50    82.222 53957.22114432  5.49 229.728688  67.089295  2.729
 51    13.759 53992.22105584 45.48 229.779493  67.031184 41.061
 51    13.180 53992.22105649 41.13 229.776033  67.034254 41.061
 51    13.130 53992.22105713 42.86 229.772583  67.037324 41.061
 51    13.222 53992.22105778 40.28 229.769123  67.040384 41.061
 51    13.288 53992.22105842 41.73 229.765673  67.043454 41.061
 51    13.132 53992.22105906 34.51 229.762213  67.046524 41.061
 51    12.889 53992.22105971 31.12 229.758763  67.049584 41.061
 51    12.844 53992.22106035 36.60 229.755303  67.052654 41.061
 51    13.063 53992.22106100 47.58 229.751843  67.055724 41.061
 51    12.697 53992.22106164 35.93 229.748383  67.058784 41.061
 51    12.870 53992.22106229 47.56 229.744923  67.061854 41.061
 51    12.843 53992.22106293 52.26 229.741463  67.064924 41.061
 51    12.811 53992.22106358 53.31 229.738003  67.067984 41.061
 51    12.776 53992.22106422 54.59 229.734533  67.071054 41.061
 51    12.733 53992.22106487 51.95 229.731073  67.074114 41.061
 52    70.091 54027.22112015 12.32 229.781292  67.036222  9.091
 52    68.501 54027.22112080 12.71 229.777832  67.039282  9.091
 52    68.173 54027.22112144 12.72 229.774382  67.042352  9.091
 52    67.362 54027.22112209 12.31 229.770926  67.045423  3.472
 52    66.834 54027.22112273 11.64 229.767466  67.048483  3.472
 52    65.990 54027.22112338 10.07 229.764016  67.051553  3.472
 52    64.907 54027.22112402  9.65 229.760556  67.054623  3.472
 52    64.698 54027.22112467  8.86 229.757096  67.057683  3.472
 52    73.481 54027.22112531  7.97 229.753636  67.060753  3.472
 52    74.880 54027.22112596  7.87 229.750186  67.063823  3.472
 52    86.084 54027.22112660  7.37 229.746716  67.066883  3.472
 52    86.913 54027.22112725  7.47 229.743256  67.069953  3.472
 52    88.486 54027.22112789  7.22 229.739796  67.073023  3.472
 52    89.187 54027.22112854  7.67 229.736336  67.076083  3.472
 52    90.133 54027.22112918  9.02 229.732866  67.079153  3.472
 52    90.316 54027.22112982  9.02 229.729406  67.082223  3.472
 53    68.988 54062.22111592 17.35 229.783956  67.049705  3.173
 53    68.408 54062.22111657 16.24 229.780506  67.052775  3.173
 53    67.267 54062.22111721 16.26 229.777046  67.055845  3.173
 53    67.035 54062.22111785 15.15 229.773586  67.058915  3.173
 53    68.355 54062.22111850 14.31 229.770136  67.061975  3.173
 53    69.954 54062.22111914 12.61 229.766676  67.065045  3.173
 53    68.093 54062.22111979 11.75 229.763216  67.068115  3.173
 53    69.302 54062.22112043 11.51 229.759756  67.071175  3.173
 53    73.607 54062.22112108 10.60 229.756296  67.074245  3.173
 53    74.520 54062.22112172 10.17 229.752836  67.077315  3.173
 53    74.481 54062.22112237 11.31 229.749376  67.080375  3.173
 53    75.508 54062.22112301 10.62 229.745916  67.083445  3.173
 53    75.478 54062.22112366 11.96 229.742446  67.086515  3.173
 53    76.001 54062.22112430 11.23 229.738986  67.089575  3.173
 53    76.291 54062.22112495 11.04 229.735516  67.092645  3.173
 53    76.646 54062.22112559 11.12 229.732056  67.095705  3.173
 55    11.316 54132.22103564 19.70 229.780009  67.035006  4.449
 55    11.226 54132.22103629 19.52 229.776549  67.038076  4.449
 55    10.565 54132.22103693 20.70 229.773099  67.041146  4.449
 55    12.961 54132.22103758 20.36 229.769644  67.044216  5.930
 55    11.236 54132.22103822 20.70 229.766184  67.047276  5.930
 55    11.319 54132.22103887 20.79 229.762734  67.050346  5.930
 55    11.366 54132.22103951 20.69 229.759274  67.053416  5.930
 55    11.368 54132.22104016 21.57 229.755814  67.056476  5.930
 55    11.249 54132.22104080 22.02 229.752354  67.059546  5.930
 55    11.319 54132.22104145 23.24 229.748894  67.062616  5.930
 55    11.376 54132.22104209 23.51 229.745434  67.065676  5.930
 55    11.497 54132.22104274 23.40 229.741974  67.068746  5.930
 55    11.494 54132.22104338 22.63 229.738514  67.071816  5.930
 55    11.408 54132.22104403 23.41 229.735054  67.074876  5.930
 55    11.374 54132.22104467 22.96 229.731584  67.077946  5.930
 56    69.085 54167.22105976 13.16 229.784393  67.049263  3.782
 56    68.528 54167.22106040 11.75 229.780943  67.052333  3.782
 56    67.583 54167.22106105 11.72 229.777483  67.055403  3.782
 56    66.821 54167.22106169  9.51 229.774033  67.058463  3.782
 56    68.612 54167.22106234  8.71 229.770573  67.061533  3.782
 56    68.400 54167.22106298  8.85 229.767113  67.064603  3.782
 56    67.765 54167.22106363  8.52 229.763661  67.067672  2.734
 56    67.215 54167.22106427  8.11 229.760201  67.070732  2.734
 56    66.577 54167.22106492  7.12 229.756741  67.073802  2.734
 56    70.951 54167.22106556  6.63 229.753281  67.076872  2.734
 56    72.096 54167.22106621  6.28 229.749821  67.079932  2.734
 56    72.285 54167.22106685  6.78 229.746361  67.083002  2.734
 56    62.123 54167.22106750  7.05 229.742901  67.086072  2.734
 56    75.862 54167.22106814  6.49 229.739431  67.089132  2.734
 56    76.464 54167.22106878  6.13 229.735971  67.092202  2.734
 56    76.015 54167.22106943  6.38 229.732501  67.095272  2.734
 56    77.322 54167.22107007  6.86 229.729041  67.098332  2.734
 57    68.352 54202.22103941  8.45 229.779803  67.037192  3.119
 57    68.468 54202.22104005  7.75 229.776353  67.040262  3.119
 57    67.581 54202.22104070  8.22 229.772903  67.043322  3.119
 57    66.661 54202.22104134  7.59 229.769443  67.046392  3.119
 57    65.916 54202.22104199  7.98 229.765983  67.049462  3.119
 57    65.204 54202.22104263  6.67 229.762533  67.052532  3.119
 57    64.568 54202.22104328  6.18 229.759073  67.055592  3.119
 57    64.408 54202.22104392  5.57 229.755613  67.058662  3.119
 57    64.177 54202.22104457  5.05 229.752153  67.061732  3.119
 57    75.238 54202.22104521  4.83 229.748701  67.064793  4.067
 57    76.992 54202.22104586  4.82 229.745241  67.067863  4.067
 57    77.789 54202.22104650  5.36 229.741771  67.070923  4.067
 57    78.962 54202.22104715  5.24 229.738311  67.073993  4.067
 57    79.435 54202.22104779  4.83 229.734851  67.077063  4.067
 57    90.189 54202.22104844  4.74 229.731391  67.080123  4.067
 58    19.228 54237.22107679 36.89 229.779281  67.045945 17.164
 58    18.928 54237.22107744 30.23 229.775821  67.049015 17.164
 58    18.890 54237.22107808 31.46 229.772371  67.052085 17.164
 58    18.961 54237.22107873 34.43 229.768911  67.055155 17.164
 58    18.903 54237.22107937 35.69 229.765451  67.058215 17.164
 58    18.973 54237.22108002 34.97 229.762001  67.061285 17.164
 58    18.954 54237.22108066 35.46 229.758541  67.064355 17.164
 58    19.015 54237.22108131 43.59 229.755075  67.067420 18.007
 58    18.932 54237.22108195 36.81 229.751615  67.070490 18.007
 58    18.947 54237.22108260 35.52 229.748155  67.073550 18.007
 58    18.803 54237.22108324 31.46 229.744695  67.076620 18.007
 58    18.792 54237.22108389 30.60 229.741235  67.079690 18.007
 58    18.742 54237.22108453 29.03 229.737775  67.082750 18.007
 58    18.665 54237.22108518 30.26 229.734305  67.085820 18.007
 58    18.878 54237.22108582 34.38 229.730845  67.088880 18.007
 58    18.842 54237.22108646 27.80 229.727375  67.091950 18.007
 59    16.207 54272.22109692 35.27 229.779812  67.049660 14.260
 59    15.639 54272.22109757 23.01 229.776362  67.052730 14.260
 59    15.323 54272.22109821 18.62 229.772902  67.055800 14.260
 59    15.311 54272.22109886 18.43 229.769452  67.058860 14.260
 59    15.464 54272.22109950 17.83 229.765992  67.061930 14.260
 59    15.676 54272.22110015 22.51 229.762532  67.065000 14.260
 59    15.715 54272.22110079 19.15 229.759077  67.068068  3.796
 59    15.691 54272.22110144 15.59 229.755617  67.071128  3.796
 59    15.369 54272.22110208 13.71 229.752157  67.074198  3.796
 59    15.366 54272.22110272 12.70 229.748697  67.077268  3.796
 59    15.265 54272.22110337 14.17 229.745237  67.080328  3.796
 59    21.470 54272.22110401 12.43 229.741767  67.083398  3.796
 59    21.821 54272.22110466 13.15 229.738307  67.086468  3.796
 59    15.401 54272.22110530 12.88 229.734847  67.089528  3.796
 59    15.817 54272.22110595 11.15 229.731377  67.092598  3.796
 60    16.017 54307.22109832 46.20 229.780925  67.045489 16.996
 60    15.817 54307.22109897 44.66 229.777465  67.048549 16.996
 60    15.894 54307.22109961 45.19 229.774015  67.051619 16.996
 60    15.892 54307.22110026 45.78 229.770555  67.054689 16.996
 60    15.748 54307.22110090 38.20 229.767105  67.057749 16.996
 60    15.621 54307.22110155 34.51 229.763645  67.060819 16.996
 60    15.535 54307.22110219 32.21 229.760185  67.063889 16.996
 60    15.267 54307.22110284 31.54 229.756728  67.066955  9.487
 60    14.865 54307.22110348 30.77 229.753268  67.070015  9.487
 60    14.744 54307.22110412 28.81 229.749808  67.073085  9.487
 60    14.978 54307.22110477 26.98 229.746348  67.076155  9.487
 60    15.169 54307.22110541 26.72 229.742888  67.079215  9.487
 60    15.327 54307.22110606 24.99 229.739418  67.082285  9.487
 60    15.582 54307.22110670 24.60 229.735958  67.085355  9.487
 60    15.644 54307.22110735 29.04 229.732488  67.088415  9.487
 60    15.556 54307.22110799 39.65 229.729028  67.091485  9.487
 61    13.888 54342.22107971 43.83 229.784567  67.053232 17.781
 61    13.736 54342.22108035 35.72 229.781107  67.056302 17.781
 61    13.525 54342.22108100 26.00 229.777657  67.059362 17.781
 61    13.149 54342.22108164 21.72 229.774197  67.062432 17.781
 61    12.981 54342.22108229 22.09 229.770737  67.065502 17.781
 61    13.016 54342.22108293 20.33 229.767284  67.068572  9.609
 61    13.074 54342.22108358 19.89 229.763824  67.071632  9.609
 61    13.085 54342.22108422 19.62 229.760364  67.074702  9.609
 61    12.950 54342.22108486 17.85 229.756904  67.077772  9.609
 61    13.689 54342.22108551 16.88 229.753444  67.080832  9.609
 61    13.411 54342.22108615 15.95 229.749984  67.083902  9.609
 61    13.174 54342.22108680 16.62 229.746514  67.086972  9.609
 61    13.185 54342.22108744 16.61 229.743054  67.090032  9.609
 61    13.277 54342.22108809 16.68 229.739594  67.093102  9.609
 61    13.618 54342.22108873 16.88 229.736124  67.096172  9.609
 61    13.154 54342.22108938 17.11 229.732664  67.099232  9.609
 61    11.050 54342.22109002 17.74 229.729194  67.102302  9.609
 62    69.589 54377.22103265  9.97 229.780014  67.041421  4.120
 62    68.907 54377.22103329  9.24 229.776564  67.044491  4.120
 62    67.783 54377.22103394  8.74 229.773104  67.047561  4.120
 62    67.259 54377.22103458  9.71 229.769654  67.050621  4.120
 62    67.160 54377.22103523  8.54 229.766194  67.053691  4.120
 62    69.358 54377.22103587  7.43 229.762734  67.056761  4.120
 62    68.775 54377.22103652  7.04 229.759279  67.059827  5.371
 62    72.894 54377.22103716  6.04 229.755819  67.062897  5.371
 62    67.633 54377.22103781  6.07 229.752359  67.065957  5.371
 62    84.201 54377.22103845  5.72 229.748899  67.069027  5.371
 62    86.033 54377.22103910  5.54 229.745439  67.072097  5.371
 62    86.974 54377.22103974  5.49 229.741979  67.075157  5.371
 62    78.131 54377.22104039  6.33 229.738519  67.078227  5.371
 62    78.682 54377.22104103  7.42 229.735049  67.081287  5.371
 62    79.052 54377.22104167  8.10 229.731589  67.084357  5.371
 62    79.494 54377.22104232  8.52 229.728119  67.087427  5.371
 63    15.970 54412.22102603 26.54 229.780993  67.048445  9.058
 63    16.100 54412.22102668 35.62 229.777533  67.051505  9.058
 63    16.061 54412.22102732 35.45 229.774083  67.054575  9.058
 63    15.971 54412.22102796 37.80 229.770623  67.057645  9.058
 63    15.859 54412.22102861 35.97 229.767171  67.060714 17.802
 63    15.982 54412.22102925 41.81 229.763711  67.063774 17.802
 63    15.820 54412.22102990 35.04 229.760251  67.066844 17.802
 63    15.963 54412.22103054 39.06 229.756791  67.069914 17.802
 63    16.044 54412.22103119 41.77 229.753331  67.072984 17.802
 63    15.885 54412.22103183 35.98 229.749871  67.076044 17.802
 63    15.708 54412.22103248 29.31 229.746411  67.079114 17.802
 63    15.722 54412.22103312 27.73 229.742951  67.082174 17.802
 63    15.896 54412.22103377 25.82 229.739491  67.085244 17.802
 63    15.835 54412.22103441 30.99 229.736021  67.088314 17.802
 63    15.864 54412.22103506 31.00 229.732561  67.091374 17.802
 63    15.816 54412.22103570 22.95 229.729091  67.094444 17.802
 64    13.628 54447.22099711 17.21 229.778544  67.037233  5.370
 64    13.305 54447.22099776 18.33 229.775094  67.040293  5.370
 64    14.181 54447.22099840 18.13 229.771634  67.043363  5.370
 64    14.098 54447.22099905 18.42 229.768184  67.046433  5.370
 64    13.457 54447.22099969 19.69 229.764724  67.049493  5.370
 64    12.560 54447.22100034 24.03 229.761264  67.052563  5.370
 64    12.696 54447.22100098 23.81 229.757814  67.055633  5.370
 64    12.711 54447.22100163 24.10 229.754348  67.058697  6.418
 64    12.464 54447.22100227 24.30 229.750898  67.061767  6.418
 64    12.406 54447.22100291 23.53 229.747438  67.064827  6.418
 64    12.385 54447.22100356 23.00 229.743968  67.067897  6.418
 64    12.361 54447.22100420 22.52 229.740508  67.070967  6.418
 64    12.429 54447.22100485 21.95 229.737048  67.074027  6.418
 64    12.387 54447.22100549 20.56 229.733588  67.077097  6.418
 64    12.243 54447.22100614 20.23 229.730118  67.080167  6.418
 66    68.469 54517.22101098  8.51 229.781009  67.037192  3.002
 66    68.384 54517.22101162  8.24 229.777549  67.040252  3.002
 66    67.843 54517.22101227  7.76 229.774099  67.043322  3.002
 66    67.092 54517.22101291  7.82 229.770639  67.046392  3.002
 66    66.152 54517.22101356  6.88 229.767189  67.049452  3.002
 66    65.375 54517.22101420  7.54 229.763729  67.052522  3.002
 66    64.465 54517.22101485  7.05 229.760269  67.055592  3.002
 66    63.498 54517.22101549  7.97 229.756819  67.058652  3.002
 66    60.877 54517.22101614  8.43 229.753359  67.061722  3.002
 66    63.038 54517.22101678  5.68 229.749899  67.064792  3.002
 66    62.520 54517.22101743  5.75 229.746439  67.067852  3.002
 66    62.006 54517.22101807  5.58 229.742973  67.070920  2.616
 66    61.685 54517.22101872  5.31 229.739513  67.073990  2.616
 66    72.902 54517.22101936  4.21 229.736053  67.077060  2.616
 66    62.682 54517.22102001  4.13 229.732583  67.080120  2.616
 66    74.581 54517.22102065  3.30 229.729123  67.083190  2.616
 67    69.450 54552.22103133  9.96 229.785515  67.050197  3.388
 67    68.647 54552.22103198 10.28 229.782065  67.053267  3.388
 67    67.802 54552.22103262 10.48 229.778605  67.056337  3.388
 67    68.164 54552.22103327 10.15 229.775155  67.059397  3.388
 67    67.999 54552.22103391  9.09 229.771695  67.062467  3.388
 67    67.395 54552.22103456  8.94 229.768235  67.065537  3.388
 67    68.136 54552.22103520  7.16 229.764785  67.068597  3.388
 67    67.160 54552.22103585  7.21 229.761325  67.071667  3.388
 67    66.631 54552.22103649  6.62 229.757865  67.074737  3.388
 67    65.911 54552.22103714  5.93 229.754401  67.077802  2.708
 67    64.922 54552.22103778  5.37 229.750941  67.080872  2.708
 67    63.482 54552.22103842  5.04 229.747481  67.083932  2.708
 67    63.006 54552.22103907  4.86 229.744021  67.087002  2.708
 67    75.209 54552.22103971  4.04 229.740551  67.090072  2.708
 67    75.490 54552.22104036  3.74 229.737091  67.093132  2.708
 67    74.925 54552.22104100  4.14 229.733621  67.096202  2.708
 67    75.214 54552.22104165  3.89 229.730161  67.099262  2.708
 69    16.236 54622.22102695 48.39 229.781097  67.047088 18.701
 69    16.038 54622.22102759 37.59 229.777647  67.050158 18.701
 69    15.922 54622.22102824 28.07 229.774187  67.053228 18.701
 69    15.594 54622.22102888 24.03 229.770737  67.056288 18.701
 69    15.527 54622.22102953 24.46 229.767277  67.059358 18.701
 69    15.513 54622.22103017 25.92 229.763817  67.062428 18.701
 69    15.828 54622.22103082 26.88 229.760357  67.065488 18.701
 69    15.340 54622.22103146 28.81 229.756907  67.068558 18.701
 69    15.594 54622.22103211 30.79 229.753437  67.071628 18.701
 69    15.654 54622.22103275 34.83 229.749985  67.074692 24.354
 69    15.947 54622.22103340 43.37 229.746515  67.077762 24.354
 69    16.001 54622.22103404 51.64 229.743055  67.080822 24.354
 69    15.908 54622.22103469 54.26 229.739595  67.083892 24.354
 69    15.799 54622.22103533 52.27 229.736135  67.086962 24.354
 69    15.795 54622.22103598 53.98 229.732665  67.090022 24.354
 69    15.793 54622.22103662 51.79 229.729205  67.093092 24.354
 70    69.499 54657.22103597 11.57 229.782188  67.044390  7.217
 70    68.471 54657.22103662 11.53 229.778738  67.047460  7.217
 70    67.154 54657.22103726 11.73 229.775288  67.050530  7.217
 70    65.937 54657.22103791 12.01 229.771828  67.053600  7.217
 70    63.296 54657.22103855 11.88 229.768368  67.056660  7.217
 70    17.542 54657.22103920 14.34 229.764918  67.059730  7.217
 70    17.397 54657.22103984 15.42 229.761458  67.062800  7.217
 70    18.093 54657.22104049 16.44 229.757998  67.065860  7.217
 70    17.437 54657.22104113 15.73 229.754538  67.068930  7.217
 70    17.866 54657.22104178 14.12 229.751078  67.072000  7.217
 70    17.370 54657.22104242 12.96 229.747624  67.075063  9.766
 70    17.290 54657.22104306 12.31 229.744164  67.078133  9.766
 70    17.249 54657.22104371 11.69 229.740694  67.081193  9.766
 70    17.010 54657.22104435 13.52 229.737234  67.084263  9.766
 70    17.187 54657.22104500 12.88 229.733774  67.087333  9.766
 70    17.228 54657.22104564 12.22 229.730304  67.090393  9.766
 71    13.092 54692.22102025 18.48 229.782361  67.049954 12.849
 71    13.155 54692.22102090 23.85 229.778911  67.053024 12.849
 71    13.287 54692.22102154 29.25 229.775451  67.056094 12.849
 71    13.534 54692.22102218 30.88 229.772001  67.059164 12.849
 71    13.212 54692.22102283 30.11 229.768541  67.062224 12.849
 71    12.982 54692.22102347 25.51 229.765081  67.065294 12.849
 71    12.749 54692.22102412 25.44 229.761631  67.068364 12.849
 71    12.712 54692.22102476 23.06 229.758171  67.071424 12.849
 71    12.674 54692.22102541 20.70 229.754711  67.074494 12.849
 71    12.460 54692.22102605 20.70 229.751251  67.077564 12.849
 71    12.629 54692.22102670 18.63 229.747790  67.080628 10.305
 71    12.842 54692.22102734 18.92 229.744320  67.083698 10.305
 71    12.869 54692.22102799 20.98 229.740860  67.086758 10.305
 71    12.867 54692.22102863 20.47 229.737400  67.089828 10.305
 71    12.825 54692.22102928 24.71 229.733930  67.092898 10.305
 71    13.059 54692.22102992 25.20 229.730470  67.095958 10.305
 72    13.007 54727.22098800 15.94 229.778509  67.040940 16.090
 72    12.925 54727.22098865 17.36 229.775049  67.044010 16.090
 72    12.885 54727.22098929 18.34 229.771599  67.047080 16.090
 72    12.885 54727.22098994 20.87 229.768139  67.050140 16.090
 72    12.707 54727.22099058 25.26 229.764689  67.053210 16.090
 72    12.846 54727.22099123 28.26 229.761229  67.056280 16.090
 72    12.824 54727.22099187 28.59 229.757769  67.059340 16.090
 72    12.692 54727.22099252 27.86 229.754309  67.062410 16.090
 72    12.531 54727.22099316 26.68 229.750849  67.065480 16.090
 72    12.507 54727.22099380 23.03 229.747389  67.068540 16.090
 72    12.591 54727.22099445 25.90 229.743929  67.071610 16.090
 72    12.618 54727.22099509 20.85 229.740469  67.074680 16.090
 72    21.196 54727.22099574 15.28 229.736999  67.077740 16.090
 72    21.886 54727.22099638 13.22 229.733544  67.080807  5.147
 72    21.848 54727.22099703 12.38 229.730074  67.083877  5.147
 72    12.436 54727.22099767 11.71 229.726614  67.086937  5.147
 73    12.180 54762.22099696 30.93 229.779841  67.047686 22.455
 73    12.301 54762.22099761 34.00 229.776391  67.050756 22.455
 73    12.356 54762.22099825 39.86 229.772931  67.053826 22.455
 73    12.142 54762.22099890 34.75 229.769481  67.056886 22.455
 73    12.120 54762.22099954 37.98 229.766021  67.059956 22.455
 73    12.083 54762.22100019 39.13 229.762571  67.063026 22.455
 73    11.994 54762.22100083 32.04 229.759111  67.066096 22.455
 73    11.942 54762.22100147 35.73 229.755651  67.069156 22.455
 73    11.885 54762.22100212 38.20 229.752191  67.072226 22.455
 73    11.834 54762.22100276 39.95 229.748731  67.075286 22.455
 73    11.776 54762.22100341 32.81 229.745272  67.078356 14.830
 73    11.825 54762.22100405 28.16 229.741802  67.081426 14.830
 73    11.857 54762.22100470 34.65 229.738342  67.084496 14.830
 73    11.848 54762.22100534 39.61 229.734882  67.087556 14.830
 73    11.818 54762.22100599 32.77 229.731412  67.090626 14.830
 73    11.773 54762.22100663 23.95 229.727952  67.093686 14.830
 74    14.081 54797.22098019 22.33 229.777928  67.035538  8.501
 74    13.900 54797.22098083 24.10 229.774468  67.038598  8.501
 74    13.722 54797.22098148 27.11 229.771018  67.041668  8.501
 74    13.885 54797.22098212 27.85 229.767558  67.044738  8.501
 74    13.672 54797.22098277 27.74 229.764108  67.047798  8.501
 74    13.498 54797.22098341 25.65 229.760648  67.050868  8.501
 74    13.405 54797.22098406 25.69 229.757198  67.053938  8.501
 74    13.679 54797.22098470 26.16 229.753738  67.056998  8.501
 74    13.569 54797.22098535 24.59 229.750278  67.060068  8.501
 74    13.469 54797.22098599 23.80 229.746818  67.063138  8.501
 74    13.548 54797.22098664 24.30 229.743358  67.066198  8.501
 74    13.382 54797.22098728 23.80 229.739892  67.069265  4.484
 74    13.416 54797.22098793 22.80 229.736432  67.072335  4.484
 74    13.501 54797.22098857 21.92 229.732972  67.075405  4.484
 75    68.964 54832.22098620 12.53 229.782688  67.045699  3.826
 75    68.449 54832.22098685 11.86 229.779238  67.048769  3.826
 75    67.581 54832.22098749 12.77 229.775778  67.051829  3.826
 75    67.137 54832.22098813 11.45 229.772328  67.054899  3.826
 75    65.386 54832.22098878 12.35 229.768867  67.057970  3.183
 75    66.505 54832.22098942 11.06 229.765417  67.061030  3.183
 75    65.920 54832.22099007  9.83 229.761957  67.064100  3.183
 75    65.522 54832.22099071  9.90 229.758497  67.067170  3.183
 75    64.354 54832.22099136  9.53 229.755037  67.070230  3.183
 75    59.477 54832.22099200  9.01 229.751577  67.073300  3.183
 75    71.432 54832.22099265  7.68 229.748117  67.076370  3.183
 75    62.462 54832.22099329  8.50 229.744657  67.079430  3.183
 75    72.421 54832.22099394  7.83 229.741187  67.082500  3.183
 75    86.924 54832.22099458  7.75 229.737727  67.085570  3.183
 75    87.573 54832.22099523  7.68 229.734267  67.088630  3.183
 75    87.790 54832.22099587  7.41 229.730797  67.091700  3.183
 76    68.388 54867.22097646 10.38 229.778028  67.038683  3.372
 76    67.913 54867.22097710 10.70 229.774578  67.041753  3.372
 76    67.453 54867.22097775  9.93 229.771128  67.044823  3.372
 76    66.706 54867.22097839  9.91 229.767668  67.047883  3.372
 76    66.051 54867.22097903  9.35 229.764208  67.050953  3.372
 76    64.844 54867.22097968  8.83 229.760758  67.054023  3.372
 76    63.840 54867.22098032  9.03 229.757298  67.057083  3.372
 76    63.957 54867.22098097  8.63 229.753838  67.060153  3.372
 76    63.321 54867.22098161  8.49 229.750378  67.063223  3.372
 76    63.330 54867.22098226  7.44 229.746918  67.066283  3.372
 76    63.148 54867.22098290  7.62 229.743457  67.069352  2.909
 76    62.465 54867.22098355  7.76 229.739997  67.072422  2.909
 76    79.314 54867.22098419  5.95 229.736537  67.075492  2.909
 76    79.598 54867.22098484  5.48 229.733067  67.078552  2.909
 76    80.118 54867.22098548  5.32 229.729607  67.081622  2.909
 77    69.314 54902.22099695  9.79 229.783288  67.049803  3.301
 77    68.480 54902.22099760  9.98 229.779838  67.052873  3.301
 77    67.892 54902.22099824  9.86 229.776378  67.055933  3.301
 77    67.636 54902.22099889  9.31 229.772928  67.059003  3.301
 77    67.836 54902.22099953  8.32 229.769468  67.062073  3.301
 77    67.692 54902.22100018  8.29 229.766008  67.065143  3.301
 77    67.468 54902.22100082  7.19 229.762558  67.068203  3.301
 77    67.052 54902.22100147  6.87 229.759098  67.071273  3.301
 77    66.577 54902.22100211  6.35 229.755638  67.074343  3.301
 77    65.526 54902.22100276  6.00 229.752176  67.077407  2.823
 77    70.561 54902.22100340  5.77 229.748716  67.080477  2.823
 77    73.087 54902.22100404  4.85 229.745256  67.083537  2.823
 77    73.601 54902.22100469  4.58 229.741796  67.086607  2.823
 77    76.853 54902.22100533  3.94 229.738326  67.089677  2.823
 77    76.516 54902.22100598  3.98 229.734866  67.092737  2.823
 77    77.108 54902.22100662  4.10 229.731396  67.095807  2.823
 78    68.892 54937.22096714  6.04 229.779619  67.042281  2.890
 78    68.242 54937.22096778  6.19 229.776169  67.045351  2.890
 78    67.591 54937.22096843  5.33 229.772709  67.048421  2.890
 78    66.828 54937.22096907  6.30 229.769259  67.051481  2.890
 78    65.857 54937.22096972  5.53 229.765799  67.054551  2.890
 78    64.785 54937.22097036  5.81 229.762339  67.057621  2.890
 78    65.239 54937.22097100  4.85 229.758889  67.060681  2.890
 78    64.874 54937.22097165  4.25 229.755429  67.063751  2.890
 78    64.737 54937.22097229  3.63 229.751969  67.066821  2.890
 78    63.427 54937.22097294  3.56 229.748511  67.069884  2.819
 78    70.825 54937.22097358  3.07 229.745041  67.072954  2.819
 78    71.898 54937.22097423  2.73 229.741581  67.076014  2.819
 78    78.260 54937.22097487  2.44 229.738121  67.079084  2.819
 78    79.065 54937.22097552  1.97 229.734661  67.082154  2.819
 78    79.306 54937.22097616  1.41 229.731191  67.085214  2.819
 78    79.458 54937.22097681  1.80 229.727731  67.088284  2.819
 79    82.068 54972.22100036 14.56 229.780248  67.044543  3.564
 79    80.162 54972.22100101 14.24 229.776798  67.047613  3.564
 79    79.117 54972.22100165 14.20 229.773338  67.050673  3.564
 79    76.782 54972.22100230 13.81 229.769888  67.053743  3.564
 79    74.317 54972.22100294 13.42 229.766428  67.056813  3.564
 79    72.831 54972.22100359 13.22 229.762968  67.059883  3.564
 79    71.636 54972.22100423 13.39 229.759508  67.062943  3.564
 79    73.810 54972.22100487 13.60 229.756048  67.066013  3.564
 79    74.827 54972.22100552 12.45 229.752598  67.069083  3.564
 79    76.310 54972.22100616 12.14 229.749137  67.072147  7.792
 79    77.184 54972.22100681 12.34 229.745667  67.075217  7.792
 79    77.944 54972.22100745 12.32 229.742207  67.078277  7.792
 79    78.597 54972.22100810 12.83 229.738747  67.081347  7.792
 79    78.808 54972.22100874 12.87 229.735287  67.084417  7.792
 79    79.080 54972.22100939 13.15 229.731817  67.087477  7.792
 79    79.029 54972.22101003 14.05 229.728357  67.090547  7.792
 80    69.132 55007.22101799  8.72 229.781639  67.046473  2.897
 80    68.873 55007.22101863  8.30 229.778189  67.049543  2.897
 80    72.045 55007.22101928  6.63 229.774739  67.052613  2.897
 80    69.259 55007.22101992  6.25 229.771279  67.055673  2.897
 80    70.947 55007.22102057  6.27 229.767819  67.058743  2.897
 80    71.245 55007.22102121  6.05 229.764369  67.061813  2.897
 80    70.876 55007.22102186  5.55 229.760909  67.064883  2.897
 80    72.261 55007.22102250  5.33 229.757449  67.067943  2.897
 80    74.286 55007.22102314  4.76 229.753989  67.071013  2.897
 80    75.468 55007.22102379  5.46 229.750529  67.074083  2.897
 80    76.242 55007.22102443  4.97 229.747070  67.077145 10.719
 80    76.858 55007.22102508  5.31 229.743610  67.080215 10.719
 80    77.354 55007.22102572  5.71 229.740140  67.083275 10.719
 80    77.789 55007.22102637  5.60 229.736680  67.086345 10.719
 80    77.783 55007.22102701  6.87 229.733220  67.089415 10.719
 80    78.351 55007.22102766  6.65 229.729750  67.092475 10.719
 81    14.518 55042.22100711 52.19 229.779398  67.048120 23.435
 81    14.361 55042.22100776 42.09 229.775948  67.051190 23.435
 81    14.276 55042.22100840 35.14 229.772488  67.054250 23.435
 81    14.352 55042.22100905 38.37 229.769028  67.057320 23.435
 81    14.220 55042.22100969 39.39 229.765578  67.060390 23.435
 81    14.236 55042.22101034 38.30 229.762118  67.063460 23.435
 81    14.187 55042.22101098 42.73 229.758658  67.066520 23.435
 81    14.174 55042.22101163 43.50 229.755198  67.069590 23.435
 81    14.096 55042.22101227 47.87 229.751738  67.072660 23.435
 81    14.080 55042.22101291 49.61 229.748278  67.075723 24.679
 81    14.056 55042.22101356 49.72 229.744818  67.078793 24.679
 81    14.040 55042.22101420 51.67 229.741358  67.081853 24.679
 81    14.078 55042.22101485 51.72 229.737888  67.084923 24.679
 81    14.153 55042.22101549 51.40 229.734428  67.087993 24.679
 81    14.166 55042.22101614 51.60 229.730958  67.091053 24.679
 82    14.308 55077.22098707 51.64 229.784588  67.050461 32.544
 82    14.232 55077.22098771 54.79 229.781138  67.053531 32.544
 82    14.192 55077.22098836 54.64 229.777688  67.056601 32.544
 82    14.233 55077.22098900 52.89 229.774228  67.059661 32.544
 82    14.024 55077.22098965 53.56 229.770768  67.062731 32.544
 82    14.023 55077.22099029 52.96 229.767318  67.065801 32.544
 82    14.021 55077.22099094 49.96 229.763858  67.068871 32.544
 82    14.019 55077.22099158 49.65 229.760398  67.071931 32.544
 82    14.012 55077.22099222 51.82 229.756938  67.075001 32.544
 82    13.995 55077.22099287 49.79 229.753478  67.078071 32.544
 82    13.981 55077.22099351 51.15 229.750013  67.081136 31.861
 82    13.955 55077.22099416 51.66 229.746553  67.084196 31.861
 82    13.924 55077.22099480 51.95 229.743093  67.087266 31.861
 82    13.890 55077.22099545 51.39 229.739623  67.090336 31.861
 82    13.855 55077.22099609 53.18 229.736163  67.093406 31.861
 82    13.797 55077.22099674 50.78 229.732693  67.096466 31.861
 82    13.763 55077.22099738 46.79 229.729233  67.099536 31.861
 83    68.554 55112.22093962 11.63 229.773143  67.047703  3.081
 83    67.878 55112.22094027 10.85 229.769683  67.050773  3.081
 83    67.924 55112.22094091 10.27 229.766233  67.053833  3.081
 83    69.389 55112.22094156  9.94 229.762773  67.056903  3.081
 83    66.942 55112.22094220 10.02 229.759313  67.059973  3.081
 83    66.410 55112.22094284  9.19 229.755853  67.063033  3.081
 83    74.938 55112.22094349  9.11 229.752393  67.066103  3.081
 83    76.621 55112.22094413  8.87 229.748933  67.069173  3.081
 83    86.312 55112.22094478  8.56 229.745473  67.072233  3.081
 83    78.382 55112.22094542  9.32 229.742016  67.075302  8.806
 83    88.915 55112.22094607  9.40 229.738556  67.078372  8.806
 83    79.191 55112.22094671  9.72 229.735086  67.081432  8.806
 83    89.631 55112.22094736  8.69 229.731626  67.084502  8.806
 83    90.142 55112.22094800  9.18 229.728156  67.087572  8.806
 83    79.756 55112.22094865  8.95 229.724696  67.090632  8.806
 84    13.924 55147.22094054 26.89 229.781341  67.046018 16.708
 84    13.975 55147.22094119 30.54 229.777891  67.049078 16.708
 84    13.859 55147.22094183 31.34 229.774431  67.052148 16.708
 84    13.917 55147.22094248 30.03 229.770981  67.055218 16.708
 84    13.783 55147.22094312 31.93 229.767521  67.058278 16.708
 84    13.850 55147.22094377 31.10 229.764061  67.061348 16.708
 84    13.791 55147.22094441 31.79 229.760611  67.064418 16.708
 84    13.823 55147.22094506 35.85 229.757151  67.067478 16.708
 84    13.830 55147.22094570 40.61 229.753691  67.070548 16.708
 84    13.854 55147.22094635 38.72 229.750231  67.073618 16.708
 84    13.737 55147.22094699 33.03 229.746771  67.076678 16.708
 84    13.606 55147.22094764 26.16 229.743311  67.079748 16.708
 84    13.551 55147.22094828 24.55 229.739841  67.082818 16.708
 84    13.921 55147.22094893 24.85 229.736381  67.085878 16.708
 84    13.867 55147.22094957 23.96 229.732917  67.088943  6.889
 84    13.823 55147.22095021 28.40 229.729457  67.092013  6.889
 85    13.488 55182.22091696 21.56 229.780414  67.035015  7.279
 85    13.465 55182.22091760 23.14 229.776954  67.038075  7.279
 85    13.251 55182.22091825 22.81 229.773504  67.041145  7.279
 85    13.093 55182.22091889 24.37 229.770054  67.044215  7.279
 85    13.118 55182.22091954 23.05 229.766594  67.047275  7.279
 85    12.945 55182.22092018 23.65 229.763134  67.050345  7.279
 85    12.760 55182.22092083 23.28 229.759684  67.053415  7.279
 85    12.761 55182.22092147 23.15 229.756224  67.056475  7.279
 85    12.896 55182.22092212 22.01 229.752764  67.059545  7.279
 85    12.805 55182.22092276 21.62 229.749304  67.062615  7.279
 85    12.913 55182.22092341 20.86 229.745844  67.065675  7.279
 85    12.918 55182.22092405 20.85 229.742384  67.068745  7.279
 85    12.791 55182.22092469 20.32 229.738924  67.071815  7.279
 85    12.770 55182.22092534 19.50 229.735454  67.074875  7.279
 85    12.669 55182.22092598 18.73 229.731994  67.077945  7.279
 86    68.473 55217.22093724 15.98 229.779786  67.050617  4.101
 86    68.147 55217.22093789 14.05 229.776326  67.053677  4.101
 86    66.770 55217.22093853 13.87 229.772876  67.056747  4.101
 86    66.934 55217.22093918 13.34 229.769416  67.059817  4.101
 86    64.086 55217.22093982 13.15 229.765956  67.062877  4.101
 86    67.633 55217.22094047 12.07 229.762496  67.065947  4.101
 86    72.212 55217.22094111 10.22 229.759046  67.069017  4.101
 86    73.166 55217.22094176  9.30 229.755579  67.072082  4.416
 86    74.449 55217.22094240  8.71 229.752119  67.075152  4.416
 86    75.209 55217.22094305  9.59 229.748659  67.078212  4.416
 86    75.734 55217.22094369  9.72 229.745199  67.081282  4.416
 86    76.114 55217.22094434 10.46 229.741739  67.084342  4.416
 86    76.147 55217.22094498 10.29 229.738269  67.087412  4.416
 86    76.449 55217.22094562 10.30 229.734809  67.090482  4.416
 86    76.299 55217.22094627 11.00 229.731349  67.093542  4.416
 87    71.011 55252.22091401 11.69 229.780680  67.039574  3.385
 87    68.777 55252.22091465 11.84 229.777230  67.042644  3.385
 87    68.527 55252.22091529 11.31 229.773780  67.045714  3.385
 87    67.366 55252.22091594 12.60 229.770320  67.048774  3.385
 87    66.588 55252.22091658 10.53 229.766860  67.051844  3.385
 87    65.258 55252.22091723 10.93 229.763410  67.054914  3.385
 87    64.422 55252.22091787 10.19 229.759950  67.057984  3.385
 87    64.259 55252.22091852  9.80 229.756490  67.061044  3.385
 87    73.015 55252.22091916  9.63 229.753030  67.064114  3.385
 87    74.592 55252.22091981  8.69 229.749570  67.067174  3.385
 87    75.620 55252.22092045  9.10 229.746114  67.070242  4.121
 87    77.057 55252.22092110  8.86 229.742654  67.073312  4.121
 87    77.869 55252.22092174  8.91 229.739184  67.076372  4.121
 87    78.369 55252.22092239  9.17 229.735724  67.079442  4.121
 87    78.738 55252.22092303  9.23 229.732264  67.082512  4.121
 87    79.113 55252.22092368  8.83 229.728794  67.085572  4.121
 88    69.480 55287.22092956 11.88 229.784069  67.051100  3.878
 88    69.015 55287.22093020 11.03 229.780619  67.054170  3.878
 88    68.282 55287.22093085  9.52 229.777159  67.057230  3.878
 88    68.429 55287.22093149  8.98 229.773709  67.060300  3.878
 88    68.757 55287.22093214  7.71 229.770249  67.063370  3.878
 88    68.697 55287.22093278  7.12 229.766789  67.066440  3.878
 88    68.221 55287.22093343  6.87 229.763339  67.069500  3.878
 88    67.581 55287.22093407  7.13 229.759879  67.072570  3.878
 88    68.897 55287.22093472  5.79 229.756419  67.075640  3.878
 88    73.714 55287.22093536  5.25 229.752952  67.078705  3.766
 88    74.286 55287.22093601  6.37 229.749492  67.081775  3.766
 88    74.657 55287.22093665  6.14 229.746032  67.084835  3.766
 88    75.196 55287.22093729  6.72 229.742572  67.087905  3.766
 88    75.718 55287.22093794  6.82 229.739102  67.090975  3.766
 88    76.345 55287.22093858  5.72 229.735642  67.094035  3.766
 88    75.581 55287.22093923  6.79 229.732172  67.097105  3.766
 89    82.414 55322.22090396  9.81 229.782358  67.044287  4.162
 89    78.721 55322.22090460 10.23 229.778908  67.047357  4.162
 89    78.650 55322.22090525  9.48 229.775458  67.050427  4.162
 89    77.137 55322.22090589  9.25 229.771998  67.053497  4.162
 89    76.324 55322.22090654  9.65 229.768538  67.056557  4.162
 89    72.691 55322.22090718  9.28 229.765088  67.059627  4.162
 89    72.373 55322.22090783  9.10 229.761628  67.062697  4.162
 89    73.227 55322.22090847  9.34 229.758168  67.065757  4.162
 89    85.250 55322.22090912  8.14 229.754708  67.068827  4.162
 89    86.202 55322.22090976  7.69 229.751248  67.071897  4.162
 89    86.938 55322.22091040  8.39 229.747793  67.074962 10.205
 89    77.384 55322.22091105 10.10 229.744333  67.078032 10.205
 89    77.680 55322.22091169 11.52 229.740863  67.081092 10.205
 89    78.208 55322.22091234 11.80 229.737403  67.084162 10.205
 89    78.435 55322.22091298 11.33 229.733943  67.087232 10.205
 89    78.672 55322.22091363 12.25 229.730473  67.090292 10.205
 90    14.173 55357.22090359 51.66 229.782746  67.045885 22.918
 90    14.177 55357.22090423 52.37 229.779296  67.048955 22.918
 90    14.097 55357.22090488 46.86 229.775846  67.052025 22.918
 90    13.982 55357.22090552 41.59 229.772386  67.055085 22.918
 90    13.966 55357.22090617 36.87 229.768926  67.058155 22.918
 90    13.871 55357.22090681 35.33 229.765476  67.061225 22.918
 90    13.845 55357.22090746 31.95 229.762016  67.064295 22.918
 90    13.932 55357.22090810 37.82 229.758556  67.067355 22.918
 90    13.830 55357.22090875 35.08 229.755096  67.070425 22.918
 90    13.761 55357.22090939 32.08 229.751636  67.073495 22.918
 90    13.704 55357.22091004 29.08 229.748178  67.076558 21.166
 90    13.869 55357.22091068 33.00 229.744718  67.079628 21.166
 90    13.819 55357.22091133 41.77 229.741258  67.082688 21.166
 90    13.811 55357.22091197 46.18 229.737788  67.085758 21.166
 90    13.821 55357.22091262 50.08 229.734328  67.088828 21.166
 90    13.833 55357.22091326 51.87 229.730858  67.091888 21.166
 91    68.813 55392.22090488  6.84 229.779227  67.041211  3.093
 91    68.066 55392.22090552  7.25 229.775777  67.044281  3.093
 91    67.346 55392.22090617  7.20 229.772327  67.047351  3.093
 91    66.666 55392.22090681  6.81 229.768867  67.050411  3.093
 91    66.088 55392.22090746  6.91 229.765407  67.053481  3.093
 91    61.742 55392.22090810 10.06 229.761957  67.056551  3.093
 91    65.503 55392.22090875  5.24 229.758497  67.059611  3.093
 91    73.260 55392.22090939  5.10 229.755037  67.062681  3.093
 91    74.247 55392.22091004  4.57 229.751577  67.065751  3.093
 91    76.326 55392.22091068  5.11 229.748117  67.068811  3.093
 91    86.360 55392.22091133  4.53 229.744658  67.071882  7.364
 91    87.319 55392.22091197  5.04 229.741198  67.074952  7.364
 91    88.623 55392.22091261  4.18 229.737738  67.078012  7.364
 91    78.906 55392.22091326  4.14 229.734268  67.081082  7.364
 91    89.822 55392.22091390  4.88 229.730808  67.084152  7.364
 91    79.755 55392.22091455  5.76 229.727338  67.087212  7.364
 92    13.891 55427.22091990 49.97 229.782436  67.045263 23.494
 92    13.902 55427.22092055 50.47 229.778976  67.048323 23.494
 92    13.924 55427.22092119 47.14 229.775526  67.051393 23.494
 92    13.787 55427.22092184 40.84 229.772066  67.054463 23.494
 92    13.706 55427.22092248 32.79 229.768616  67.057523 23.494
 92    13.622 55427.22092313 34.30 229.765156  67.060593 23.494
 92    13.823 55427.22092377 34.42 229.761696  67.063663 23.494
 92    13.818 55427.22092442 34.29 229.758236  67.066733 23.494
 92    13.637 55427.22092506 32.98 229.754776  67.069793 23.494
 92    13.695 55427.22092571 31.51 229.751316  67.072863 23.494
 92    13.511 55427.22092635 26.82 229.747856  67.075933 23.494
 92    13.122 55427.22092699 26.53 229.744396  67.078994 15.793
 92    13.433 55427.22092764 25.06 229.740936  67.082064 15.793
 92    13.464 55427.22092828 33.06 229.737466  67.085124 15.793
 92    13.478 55427.22092893 38.69 229.734006  67.088194 15.793
 92    13.551 55427.22092957 43.23 229.730536  67.091264 15.793
 93    13.348 55462.22088675 52.10 229.785381  67.053658 24.591
 93    13.253 55462.22088739 43.14 229.781931  67.056728 24.591
 93    13.208 55462.22088804 39.49 229.778471  67.059798 24.591
 93    13.232 55462.22088868 44.30 229.775021  67.062868 24.591
 93    13.200 55462.22088933 45.91 229.771561  67.065928 24.591
 93    13.032 55462.22088997 40.19 229.768101  67.068998 24.591
 93    12.989 55462.22089062 31.17 229.764641  67.072068 24.591
 93    12.694 55462.22089126 26.51 229.761181  67.075128 24.591
 93    12.995 55462.22089191 23.59 229.757731  67.078198 24.591
 93    12.439 55462.22089255 20.78 229.754261  67.081268 24.591
 93    12.667 55462.22089320 20.64 229.750806  67.084333 13.767
 93    12.642 55462.22089384 20.62 229.747336  67.087403 13.767
 93    12.708 55462.22089448 22.16 229.743876  67.090463 13.767
 93    12.782 55462.22089513 21.98 229.740416  67.093533 13.767
 93    12.729 55462.22089577 28.87 229.736946  67.096603 13.767
 93    12.771 55462.22089642 34.63 229.733486  67.099663 13.767
 93    12.814 55462.22089706 31.62 229.730016  67.102733 13.767
