# NaN NaN NaN ;Mean Elev.(m), Avg Gradient(m/km), RMS Gradient(m/km) - SRTM1     
#    1.147  -4.976  18.523 ;Mean Elev.(m), Avg Gradient(m/km), RMS Gradient(m/km) - ASTER GDEM
#   17.412  -4.929  16.598 ;Mean Elev.(m), Avg Gradient(m/km), RMS Gradient(m/km) - GMTED2010 
  8 228.712689  67.458125    90.172    90.335  6 52491.84005794 10.908
 10 228.715261  67.457523    90.139    90.465  6 52561.84008726 19.705
 12 228.717362  67.457783    90.150    90.637  7 52631.84004231 16.123
 13 228.706600  67.459790    89.913    89.983  6 52666.84006316 14.373
 14 228.719835  67.450721    92.142    90.131  3 52701.84003465 11.854
 15 228.704034  67.458516    90.479    90.272  6 52736.84007507  8.794
 17 228.718351  67.457507    91.670    91.606  6 52806.84009825 11.124
 18 228.712855  67.453416    36.720    24.411  4 52841.84015830 36.728
 19 228.710842  67.457365    11.878    12.105  6 52876.84019635 39.180
 20 228.703587  67.457944    89.519    89.380  6 52911.84015636 15.655
 21 228.728207  67.455572    90.230    90.713  6 52946.84011116 20.169
 23 228.699869  67.460422    89.731    89.538  6 53016.84014568 11.093
 24 228.720678  67.456993    90.200    90.356  6 53051.84012413 10.766
 25 228.691000  67.459677    89.936    89.887  6 53086.84016124  7.337
 26 228.713699  67.456985    91.448    91.422  7 53121.84013106  5.378
 27 228.706522  67.458420    91.951    91.864  7 53156.84018643 19.990
 28 228.710380  67.457109    17.910    17.703  6 53191.84017887 38.352
 29 228.706779  67.458610    89.655    89.658  6 53226.84018117 11.652
 30 228.691988  67.460039    89.717    89.731  6 53261.84015491 10.204
 31 228.706084  67.458312    89.955    90.215  6 53296.84018964 22.579
 32 228.706149  67.457097    89.757    89.786  6 53331.84016200 18.450
 33 228.698877  67.460450    89.903    89.676  6 53366.84010762 13.790
 35 228.698159  67.457988    89.549    89.593  6 53436.84012490 12.661
 36 228.711507  67.457751    90.451    91.003  7 53471.84017609 10.554
 37 228.705866  67.459913    19.053    19.009  6 53506.84020740 41.452
 38 228.701826  67.457406    89.746    89.621  6 53541.84021386 13.477
 39 228.698746  67.460259    12.866    12.859  6 53576.84020190 33.279
 40 228.691425  67.459621    89.549    89.391  5 53611.84015419 10.590
 41 228.717782  67.456563    90.530    90.931  7 53646.84015849 18.353
 42 228.697610  67.458301    90.913    90.625  6 53681.84017478  6.652
 43 228.701360  67.459971    90.565    90.537  6 53716.84010189  6.725
 44 228.725104  67.455837    91.399    91.570  7 53751.84002082  9.626
 45 228.705858  67.457142    90.278    90.317  6 53786.84005132  9.904
 46 228.690078  67.458939    89.746    89.885  6 53821.84000670  9.270
 47 228.709871  67.458225    92.523    92.467  6 53856.84009626  2.661
 48 228.715085  67.457460    92.887    92.897  6 53891.84010888 12.301
 49 228.699373  67.458503    12.101    11.917  6 53926.84017023 39.918
 50 228.694343  67.460071    26.753    10.868  5 53961.84015518 29.217
 51 228.731066  67.455907    36.994    40.660  6 53996.84009751 19.430
 52 228.716669  67.456639    90.492    91.185  7 54031.84015011 22.814
 53 228.707353  67.459610    90.512    90.388  6 54066.84014383 18.264
 54 228.695267  67.459253    89.638    89.475  6 54101.84010537 15.766
 55 228.715452  67.457451    90.328    90.345  6 54136.84007142 12.942
 56 228.697645  67.458659    89.958    89.808  6 54171.84008217 11.370
 57 228.716287  67.457845    91.227    91.407  6 54206.84007665  8.413
 58 228.712913  67.462139    92.921    92.603  4 54241.84010858  2.170
 59 228.708282  67.458181    14.436    14.391  6 54276.84012393 43.713
 60 228.707954  67.457838    90.709    90.879  6 54311.84012492 10.658
 61 228.695530  67.458592    89.640    89.621  6 54346.84009825 15.759
 62 228.715403  67.457916    89.617    89.229  6 54381.84006165 23.068
 63 228.701454  67.459569    90.223    90.109  6 54416.84004705 14.031
 64 228.718717  67.457289    90.520    90.638  6 54451.84003073 14.619
 65 228.707915  67.458188    90.333    90.354  6 54486.84004393 12.743
 66 228.714508  67.457570    90.738    90.699  6 54521.84004409  9.964
 67 228.697651  67.457751    90.988    91.129  6 54556.84005464  9.402
 69 228.703946  67.457631    24.915    11.561  6 54626.84005608 17.892
 70 228.705598  67.457055    27.465    15.081  6 54661.84006391 19.286
 71 228.700582  67.459094    24.222    10.900  6 54696.84003968 29.761
 72 228.714634  67.456909    90.382    90.754  7 54731.84001986 13.381
 73 228.706440  67.458079    90.190    90.397  6 54766.84001891 17.153
 74 228.715950  67.457876    90.594    90.698  6 54801.84001363 14.041
 75 228.707440  67.459380    90.322    89.990  6 54836.84001082 15.169
 76 228.715477  67.457425    90.612    90.485  6 54871.84001216 12.524
 77 228.695429  67.460230    90.068    89.919  6 54906.84001897 11.495
 78 228.713070  67.457082    90.678    90.419  6 54941.84000484  9.741
 79 228.708444  67.459159    93.281    93.515  6 54976.84003265 16.523
 80 228.703136  67.457498    90.572    89.969  6 55011.84004194 13.137
 81 228.710573  67.459161    90.255    90.047  6 55046.84003321 11.173
 82 228.694518  67.458069    90.222    90.129  5 55081.84000623 12.730
 83 228.714271  67.456946    90.368    90.244  6 55116.83996558 17.321
 84 228.702989  67.457928    89.908    89.974  6 55151.83996388 20.292
 85 228.714413  67.456725    90.123    90.474  6 55186.83995196 18.898
 86 228.702507  67.457910    89.845    89.948  6 55221.83996236 17.019
 87 228.713287  67.458266    90.376    89.920  6 55256.83994787 15.356
 88 228.697284  67.460404    90.180    90.161  6 55291.83995030 11.325
 89 228.706434  67.458414    89.908    89.880  6 55326.83993227 18.016
 90 228.706423  67.462317    90.155    89.855  3 55361.83992808 13.919
 91 228.712999  67.456469    37.991    41.871  6 55396.83993599 21.431
 92 228.710420  67.459043    91.049    90.889  6 55431.83994354 11.281
 93 228.695784  67.460598    11.383    12.059  6 55466.83990367 41.537
