# NaN NaN NaN ;Mean Elev.(m), Avg Gradient(m/km), RMS Gradient(m/km) - SRTM1     
#   90.491  -2.909  10.029 ;Mean Elev.(m), Avg Gradient(m/km), RMS Gradient(m/km) - ASTER GDEM
#  107.281  -2.330   8.810 ;Mean Elev.(m), Avg Gradient(m/km), RMS Gradient(m/km) - GMTED2010 
  7   101.355 52446.21219556 42.25 236.797633  62.701505 28.123
  7   101.297 52446.21219621 42.68 236.795063  62.704645 28.123
  7   101.320 52446.21219685 47.97 236.792503  62.707785 28.123
  7   101.162 52446.21219750 52.86 236.789933  62.710925 28.123
  7   101.130 52446.21219814 51.67 236.787373  62.714065 28.123
  7   101.042 52446.21219879 48.52 236.784803  62.717205 28.123
  7   100.951 52446.21219943 53.10 236.782243  62.720345 28.123
  8   100.756 52481.21218952 34.54 236.795954  62.716749 16.828
  8   100.528 52481.21219016 22.27 236.793394  62.719889 16.828
  8   100.159 52481.21219081 17.20 236.790824  62.723029 16.828
  8   100.053 52481.21219145 19.58 236.788254  62.726169 16.828
  8   100.519 52481.21219210 19.72 236.785694  62.729309 16.828
  8   100.572 52481.21219274 26.55 236.783124  62.732439 16.828
  9   100.548 52516.21214468 49.59 236.796604  62.735734 24.121
  9    99.180 52516.21214533 51.44 236.794034  62.738864 24.121
  9    99.068 52516.21214597 51.97 236.791464  62.742004 24.121
 10    99.062 52551.21218542 51.19 236.796782  62.698051 32.629
 10    99.003 52551.21218607 53.30 236.794222  62.701191 32.629
 10    99.158 52551.21218671 49.40 236.791652  62.704331 32.629
 10    99.022 52551.21218736 49.99 236.789092  62.707471 32.629
 10    98.830 52551.21218800 52.06 236.786522  62.710611 32.629
 10    98.867 52551.21218865 51.64 236.783962  62.713751 32.629
 10    98.901 52551.21218929 49.05 236.781392  62.716891 32.629
 11    98.340 52586.21216339 48.69 236.799314  62.727307 22.031
 11    98.081 52586.21216403 51.45 236.796754  62.730447 22.031
 11    98.138 52586.21216468 50.42 236.794184  62.733587 22.031
 11    98.015 52586.21216532 46.52 236.791614  62.736727 22.031
 11    97.811 52586.21216597 43.44 236.789044  62.739857 22.031
 12   100.701 52621.21214126 24.96 236.798643  62.725924  8.844
 12    99.955 52621.21214190 24.20 236.796073  62.729064  8.844
 12    99.872 52621.21214255 19.34 236.793513  62.732204  8.844
 12    99.701 52621.21214319 17.64 236.790943  62.735344  8.844
 12    99.573 52621.21214383 18.11 236.788373  62.738484  8.844
 15   137.014 52726.21217056  6.25 236.794334  62.721248  3.777
 15   138.699 52726.21217120  6.27 236.791764  62.724388  3.777
 15   139.800 52726.21217185  6.77 236.789194  62.727528  3.777
 15   141.046 52726.21217249  7.09 236.786634  62.730668  3.777
 15   142.766 52726.21217313  8.24 236.784064  62.733808  3.777
 16   101.181 52761.21218676 36.63 236.794672  62.720349 25.730
 16   100.912 52761.21218740 27.40 236.792112  62.723489 25.730
 16   100.877 52761.21218805 27.14 236.789542  62.726629 25.730
 16   101.093 52761.21218869 29.86 236.786982  62.729769 25.730
 16   100.952 52761.21218934 38.94 236.784412  62.732909 25.730
 17   102.974 52796.21214324 46.55 236.799863  62.708429 20.273
 17   102.688 52796.21214388 46.63 236.797303  62.711569 20.273
 17   102.792 52796.21214453 46.93 236.794733  62.714709 20.273
 17   102.379 52796.21214517 45.22 236.792168  62.717845 19.327
 17   102.585 52796.21214582 43.88 236.789598  62.720985 19.327
 17   102.847 52796.21214646 45.92 236.787028  62.724125 19.327
 17   102.948 52796.21214711 45.34 236.784468  62.727265 19.327
 17   102.233 52796.21214775 42.14 236.781898  62.730395 19.327
 18   102.271 52831.21221021 50.30 236.800341  62.708677 14.077
 18   101.602 52831.21221086 50.89 236.797781  62.711817 14.077
 18   101.261 52831.21221150 48.34 236.795211  62.714957 14.077
 18   101.353 52831.21221215 48.32 236.792645  62.718092 14.825
 18   101.122 52831.21221279 46.87 236.790075  62.721232 14.825
 18   100.991 52831.21221344 48.04 236.787505  62.724372 14.825
 18   101.087 52831.21221408 48.26 236.784945  62.727512 14.825
 18   100.967 52831.21221473 43.91 236.782375  62.730652 14.825
 19    99.343 52866.21225654 50.59 236.797738  62.723257 22.042
 19    99.288 52866.21225719 50.05 236.795168  62.726397 22.042
 19    99.174 52866.21225783 51.69 236.792606  62.729532 16.578
 19    99.203 52866.21225848 49.72 236.790036  62.732672 16.578
 19    99.076 52866.21225912 50.10 236.787466  62.735812 16.578
 20   100.070 52901.21228484 48.59 236.794516  62.725037 16.861
 20    98.648 52901.21228549 50.94 236.791946  62.728177 16.861
 20    98.606 52901.21228613 48.10 236.789386  62.731317 16.861
 20    98.700 52901.21228678 47.12 236.786816  62.734457 16.861
 21    98.330 52936.21222622 52.41 236.799815  62.727843 22.699
 21    98.321 52936.21222686 53.26 236.797255  62.730983 22.699
 21    98.283 52936.21222751 46.94 236.794685  62.734123 22.699
 21    98.257 52936.21222815 49.53 236.792115  62.737253 22.699
 21    98.188 52936.21222880 46.59 236.789555  62.740393 22.699
 22    98.967 52971.21224631 27.40 236.800138  62.705907  9.327
 22    98.891 52971.21224696 29.74 236.797578  62.709047  9.327
 22    98.985 52971.21224760 36.94 236.795008  62.712187  9.327
 22    98.722 52971.21224825 27.41 236.792447  62.715324 14.082
 22    98.664 52971.21224889 38.19 236.789877  62.718464 14.082
 22    98.834 52971.21224954 33.36 236.787307  62.721604 14.082
 22    99.046 52971.21225018 30.45 236.784747  62.724744 14.082
 22    98.538 52971.21225083 29.19 236.782177  62.727874 14.082
 23    99.740 53006.21226047 16.47 236.799998  62.708231  3.889
 23    99.771 53006.21226112 16.73 236.797428  62.711371  3.889
 23    99.720 53006.21226176 17.67 236.794868  62.714511  3.889
 23    99.608 53006.21226241 18.55 236.792298  62.717651  3.889
 23    99.639 53006.21226305 16.80 236.789738  62.720789  4.470
 23    99.630 53006.21226370 16.20 236.787168  62.723929  4.470
 23    99.462 53006.21226434 18.21 236.784598  62.727069  4.470
 23    99.449 53006.21226499 16.96 236.782038  62.730209  4.470
 24    99.009 53041.21221101 12.93 236.796050  62.699158  3.665
 24    99.339 53041.21221165 12.06 236.793490  62.702298  3.665
 24    99.376 53041.21221230 11.58 236.790919  62.705436  3.239
 24    99.374 53041.21221294 12.50 236.788359  62.708576  3.239
 24    99.343 53041.21221358 13.28 236.785789  62.711716  3.239
 24    99.192 53041.21221423 14.07 236.783219  62.714856  3.239
 24    99.335 53041.21221487 12.44 236.780659  62.717986  3.239
 25    98.695 53076.21224784  8.66 236.793779  62.721755  2.403
 25    98.815 53076.21224849  8.22 236.791209  62.724895  2.403
 25    98.528 53076.21224913  8.00 236.788639  62.728035  2.403
 25    98.521 53076.21224978  8.26 236.786079  62.731175  2.403
 26   112.341 53111.21221313  3.71 236.797174  62.695206  3.021
 26   113.164 53111.21221377  3.01 236.794604  62.698346  3.021
 26   133.839 53111.21221635  2.19 236.784344  62.710906  3.021
 26   135.444 53111.21221699  1.96 236.781784  62.714046  3.021
 26   115.234 53111.21221764  4.42 236.779214  62.717186  3.021
 27   101.883 53146.21225775 48.14 236.800634  62.705280 28.177
 27   101.913 53146.21225840 48.41 236.798064  62.708420 28.177
 27   101.855 53146.21225904 50.95 236.795504  62.711560 28.177
 27   101.779 53146.21225968 50.99 236.792934  62.714700 28.177
 27   101.622 53146.21226033 50.20 236.790374  62.717840 28.177
 27   101.575 53146.21226097 49.88 236.787804  62.720980 28.177
 27   101.494 53146.21226162 49.82 236.785234  62.724120 28.177
 27   101.609 53146.21226226 50.26 236.782674  62.727260 28.177
 28   100.356 53181.21226866 52.68 236.796278  62.723718 25.712
 28   100.245 53181.21226930 51.98 236.793708  62.726858 25.712
 28   100.204 53181.21226995 53.71 236.791138  62.729998 25.712
 28   100.234 53181.21227059 47.49 236.788568  62.733138 25.712
 28   100.048 53181.21227124 43.97 236.786008  62.736278 25.712
 29   137.987 53216.21229184  6.76 236.789998  62.724846  7.912
 29   139.212 53216.21229248  8.47 236.787428  62.727986  7.912
 29   139.458 53216.21229312  8.79 236.784858  62.731126  7.912
 30    98.449 53251.21227033 48.88 236.798109  62.725627 27.505
 30    98.521 53251.21227098 56.07 236.795549  62.728767 27.505
 30    98.335 53251.21227162 50.91 236.792979  62.731907 27.505
 30    98.316 53251.21227227 47.95 236.790419  62.735047 27.505
 30    98.195 53251.21227291 46.67 236.787849  62.738187 27.505
 31    98.734 53286.21225831 50.82 236.796961  62.697263 30.548
 31    98.688 53286.21225896 52.36 236.794391  62.700403 30.548
 31    98.651 53286.21225960 51.86 236.791831  62.703533 30.548
 31    98.665 53286.21226025 51.58 236.789271  62.706673 30.548
 31    98.499 53286.21226089 52.31 236.786701  62.709813 30.548
 31    98.523 53286.21226154 51.58 236.784131  62.712953 30.548
 31    98.519 53286.21226218 49.65 236.781571  62.716093 30.548
 31    98.366 53286.21226283 45.95 236.779001  62.719233 30.548
 32    97.851 53321.21223960 45.14 236.798061  62.725001 23.751
 32    97.655 53321.21224024 48.03 236.795491  62.728141 23.751
 32    97.602 53321.21224088 47.49 236.792921  62.731281 23.751
 32    97.569 53321.21224153 48.14 236.790351  62.734421 23.751
 32    97.448 53321.21224217 43.93 236.787781  62.737561 23.751
 34    99.729 53391.21221744  8.69 236.797470  62.702258  3.027
 34    99.837 53391.21221809  8.89 236.794900  62.705398  3.027
 34    99.839 53391.21221873  8.52 236.792340  62.708528  3.027
 35   130.559 53426.21221822  8.15 236.799896  62.726376  4.769
 35   135.622 53426.21221887  8.26 236.797326  62.729516  4.769
 35   136.203 53426.21221951  7.93 236.794756  62.732656  4.769
 35   136.834 53426.21222016  8.00 236.792196  62.735796  4.769
 35   140.724 53426.21222080  7.15 236.789626  62.738936  4.769
 36    99.196 53461.21222534  7.38 236.800763  62.706520  2.872
 36   110.968 53461.21222598  7.22 236.798193  62.709660  2.872
 36   113.748 53461.21222663  6.62 236.795623  62.712800  2.872
 36   116.676 53461.21222727  6.79 236.793063  62.715940  2.872
 36   111.913 53461.21222791  6.91 236.790493  62.719080  2.872
 36   111.952 53461.21222856  7.74 236.787923  62.722220  2.872
 37   103.957 53496.21230426 44.85 236.798483  62.703060 19.270
 37   103.849 53496.21230490 33.11 236.795923  62.706200 19.270
 37   103.636 53496.21230554 29.79 236.793353  62.709340 19.270
 37   103.556 53496.21230619 29.85 236.790793  62.712480 19.270
 37   103.583 53496.21230683 30.69 236.788223  62.715620 19.270
 37   103.631 53496.21230748 32.30 236.785663  62.718760 19.270
 37   103.700 53496.21230812 34.11 236.783093  62.721900 19.270
 37   103.621 53496.21230877 46.99 236.780527  62.725037 12.607
 38   102.136 53531.21228635 25.83 236.797836  62.726289  9.231
 38   101.745 53531.21228699 19.58 236.795266  62.729429  9.231
 38   101.575 53531.21228763 18.42 236.792706  62.732569  9.231
 38   101.420 53531.21228828 17.29 236.790136  62.735709  9.231
 39   107.726 53566.21231049 14.76 236.795102  62.718409  4.707
 39   107.189 53566.21231113 13.63 236.792532  62.721549  4.707
 39   102.709 53566.21231178 13.04 236.789962  62.724689  4.707
 39   100.106 53566.21231242 12.82 236.787402  62.727829  4.707
 39   100.100 53566.21231307 12.60 236.784832  62.730969  4.707
 40   108.560 53601.21225562  7.48 236.799819  62.727774  6.284
 40   108.093 53601.21225627  8.81 236.797249  62.730914  6.284
 40   107.515 53601.21225691  8.52 236.794679  62.734054  6.284
 40   105.652 53601.21225756  8.44 236.792119  62.737194  6.284
 40    98.853 53601.21225820  9.91 236.789549  62.740334  6.284
 41   100.192 53636.21224807 52.00 236.797308  62.701203 24.748
 41    99.926 53636.21224872 49.75 236.794748  62.704343 24.748
 41    99.818 53636.21224936 52.85 236.792178  62.707483 24.748
 41    99.661 53636.21225001 47.61 236.789618  62.710613 24.748
 41    99.707 53636.21225065 44.69 236.787048  62.713753 24.748
 41    99.548 53636.21225130 49.32 236.784488  62.716893 24.748
 41    99.540 53636.21225194 46.06 236.781918  62.720033 24.748
 42    98.009 53671.21226942 19.62 236.801114  62.703855  6.162
 42    98.357 53671.21227007 20.20 236.798554  62.706995  6.162
 42    98.526 53671.21227071 19.94 236.795984  62.710135  6.162
 42    98.570 53671.21227136 19.23 236.793424  62.713275  6.162
 42    98.701 53671.21227200 17.77 236.790854  62.716415  6.162
 42    98.704 53671.21227265 16.84 236.788294  62.719555  6.162
 42    98.542 53671.21227329 16.07 236.785724  62.722695  6.162
 42    98.583 53671.21227394 15.92 236.783159  62.725831  5.787
 42    98.576 53671.21227458 16.64 236.780589  62.728971  5.787
 43   100.397 53706.21220580 19.60 236.804359  62.727008  7.234
 43   100.435 53706.21220644 18.34 236.801789  62.730148  7.234
 43   100.007 53706.21220708 20.61 236.799229  62.733288  7.234
 43   100.077 53706.21220773 19.62 236.796656  62.736426  7.647
 43    99.773 53706.21220837 20.98 236.794086  62.739566  7.647
 43    99.951 53706.21220902 20.01 236.791526  62.742706  7.647
 44    99.863 53741.21212033 14.77 236.806211  62.735231  5.471
 44    99.905 53741.21212098 14.99 236.803641  62.738361  5.471
 44   100.166 53741.21212162 15.16 236.801081  62.741501  5.471
 44   100.821 53741.21212355 14.35 236.793371  62.750921  5.471
 44   100.729 53741.21212420 14.21 236.790801  62.754061  5.471
 46   139.185 53811.21212236  3.52 236.803180  62.731784  2.443
 46   141.070 53811.21212301  3.56 236.800620  62.734924  2.443
 46   142.976 53811.21212365  3.73 236.798050  62.738064  2.443
 46   143.996 53811.21212430  4.09 236.795480  62.741204  2.443
 46   145.671 53811.21212494  4.42 236.792920  62.744344  2.443
 47   132.067 53846.21216496  5.30 236.800453  62.700477  2.391
 47   132.847 53846.21216560  4.37 236.797883  62.703617  2.391
 47   134.825 53846.21216625  4.08 236.795323  62.706757  2.391
 47   135.745 53846.21216689  4.11 236.792753  62.709897  2.391
 47   137.293 53846.21216753  4.07 236.790193  62.713037  2.391
 47   138.967 53846.21216818  3.81 236.787623  62.716177  2.391
 47   140.062 53846.21216882  3.59 236.785053  62.719317  2.391
 47   141.549 53846.21216947  3.96 236.782493  62.722457  2.391
 48   101.947 53881.21219277 50.68 236.795557  62.719801 24.563
 48   101.805 53881.21219341 51.17 236.792987  62.722941 24.563
 48   101.842 53881.21219406 50.19 236.790417  62.726081 24.563
 48   101.720 53881.21219470 50.16 236.787854  62.729216 14.619
 48   101.745 53881.21219535 51.72 236.785284  62.732356 14.619
 49   100.452 53916.21224928 17.01 236.800439  62.704462  4.907
 49   100.449 53916.21224992 17.04 236.797869  62.707602  4.907
 49   100.815 53916.21225057 18.41 236.795309  62.710742  4.907
 49   100.713 53916.21225121 18.22 236.792739  62.713882  4.907
 49   100.707 53916.21225186 17.17 236.790179  62.717022  4.907
 49   100.834 53916.21225250 16.98 236.787609  62.720162  4.907
 49   104.009 53916.21225314 18.19 236.785049  62.723302  4.907
 49   100.983 53916.21225379 21.44 236.782479  62.726442  4.907
 50   100.232 53951.21225679 52.17 236.799246  62.707372 29.778
 50    99.547 53951.21225743 51.79 236.796686  62.710512 29.778
 50    99.631 53951.21225808 50.93 236.794116  62.713652 29.778
 50    99.620 53951.21225872 50.09 236.791556  62.716792 29.778
 50    99.382 53951.21225936 48.52 236.788986  62.719932 29.778
 50    99.445 53951.21226001 46.75 236.786426  62.723072 29.778
 50    99.352 53951.21226065 52.98 236.783856  62.726212 29.778
 50    99.286 53951.21226130 48.87 236.781286  62.729352 29.778
 52    99.508 54021.21223286 51.54 236.799853  62.705401 30.631
 52    98.590 54021.21223350 51.57 236.797283  62.708541 30.631
 52    98.765 54021.21223414 50.87 236.794723  62.711681 30.631
 52    98.608 54021.21223479 50.09 236.792153  62.714821 30.631
 52    98.489 54021.21223543 51.15 236.789583  62.717961 30.631
 52    98.452 54021.21223608 48.92 236.787023  62.721101 30.631
 52    98.510 54021.21223672 49.08 236.784453  62.724241 30.631
 52    98.343 54021.21223737 48.12 236.781883  62.727381 30.631
 53    97.578 54056.21222801 39.77 236.797470  62.725128 19.255
 53    97.831 54056.21222865 33.32 236.794910  62.728268 19.255
 53    97.523 54056.21222930 46.31 236.792340  62.731408 19.255
 53    97.465 54056.21222994 51.78 236.789770  62.734538 19.255
 53    97.646 54056.21223059 41.93 236.787200  62.737678 19.255
 54    98.492 54091.21221337 24.28 236.800904  62.725678  9.481
 54    98.643 54091.21221401 24.34 236.798334  62.728818  9.481
 54    98.725 54091.21221466 27.63 236.795774  62.731958  9.481
 54    98.715 54091.21221530 26.58 236.793204  62.735098  9.481
 54    98.451 54091.21221595 19.57 236.790634  62.738238  9.481
 55    98.413 54126.21213988 11.69 236.799588  62.701384 11.770
 55    98.605 54126.21214053 10.96 236.797018  62.704524 11.770
 55    98.716 54126.21214117 11.01 236.794458  62.707664 11.770
 55    98.827 54126.21214182 10.74 236.791888  62.710804 11.770
 55    98.867 54126.21214246 11.37 236.789328  62.713944 11.770
 55    98.864 54126.21214311 13.70 236.786758  62.717084 11.770
 55    98.921 54126.21214375 28.73 236.784188  62.720224 11.770
 55    99.200 54126.21214440 35.05 236.781618  62.723364 11.770
 56    98.518 54161.21218072  9.54 236.794928  62.721564  2.827
 56    98.482 54161.21218137  9.00 236.792358  62.724694  2.827
 56   103.077 54161.21218201  8.32 236.789798  62.727834  2.827
 56   104.447 54161.21218266  7.75 236.787228  62.730974  2.827
 56    98.273 54161.21218330  8.29 236.784658  62.734114  2.827
 57    98.390 54196.21214207  8.45 236.800469  62.703302  2.816
 57    98.479 54196.21214272  7.81 236.797909  62.706442  2.816
 57    98.711 54196.21214336  7.72 236.795339  62.709582  2.816
 57    99.076 54196.21214401  7.18 236.792779  62.712722  2.816
 58   102.439 54231.21219177 48.87 236.800473  62.711513 20.542
 58   101.382 54231.21219306 50.96 236.795341  62.717792 20.804
 58   101.167 54231.21219371 51.22 236.792771  62.720932 20.804
 58   101.209 54231.21219435 49.25 236.790201  62.724072 20.804
 58   101.250 54231.21219500 50.73 236.787641  62.727212 20.804
 58   101.273 54231.21219564 51.42 236.785071  62.730342 20.804
 59   101.949 54266.21221128 35.85 236.793929  62.722189  8.550
 59   102.134 54266.21221193 36.00 236.791359  62.725329  8.550
 59   101.925 54266.21221257 38.71 236.788799  62.728459  8.550
 59   102.034 54266.21221321 39.82 236.786229  62.731599  8.550
 60   110.325 54301.21221588 16.14 236.796058  62.721912  7.118
 60   110.363 54301.21221653 15.93 236.793488  62.725052  7.118
 60   110.004 54301.21221717 17.10 236.790928  62.728192  7.118
 60   101.177 54301.21221782 26.01 236.788358  62.731332  7.118
 60   100.941 54301.21221846 28.48 236.785788  62.734462  7.118
 61    99.807 54336.21220436 52.41 236.797427  62.725268 24.042
 61    99.508 54336.21220501 52.00 236.794857  62.728408 24.042
 61    99.616 54336.21220565 51.41 236.792297  62.731538 24.042
 61    99.563 54336.21220630 49.99 236.789727  62.734678 24.042
 61    99.398 54336.21220694 47.53 236.787157  62.737818 24.042
 62   128.997 54371.21214511 11.03 236.800642  62.706415 10.571
 62   111.402 54371.21214575 12.88 236.798072  62.709555 10.571
 62   111.185 54371.21214640 13.09 236.795512  62.712695 10.571
 62   134.451 54371.21214704 12.34 236.792942  62.715835 10.571
 62   136.772 54371.21214769 11.03 236.790372  62.718975 10.571
 62   138.787 54371.21214833 10.25 236.787812  62.722115 10.571
 62   146.924 54371.21214898  8.70 236.785242  62.725255 10.571
 62   148.409 54371.21214962  9.35 236.782672  62.728395 10.571
 63    99.047 54406.21214892 50.98 236.794510  62.724485 25.395
 63    99.096 54406.21214957 49.97 236.791950  62.727625 25.395
 63    98.957 54406.21215021 51.43 236.789380  62.730765 25.395
 63    99.003 54406.21215086 49.43 236.786810  62.733905 25.395
 64    99.577 54441.21210283 19.36 236.796767  62.702331  6.469
 64    99.609 54441.21210347 22.43 236.794197  62.705461  6.469
 64    99.357 54441.21210412 24.15 236.791633  62.708607  8.967
 64    99.443 54441.21210476 25.75 236.789063  62.711747  8.967
 64    99.180 54441.21210541 25.12 236.786503  62.714887  8.967
 64    99.220 54441.21210605 25.73 236.783933  62.718027  8.967
 64    99.080 54441.21210669 22.54 236.781363  62.721167  8.967
 65    99.867 54476.21213615 17.54 236.794683  62.721658  6.366
 65    99.780 54476.21213680 16.46 236.792113  62.724798  6.366
 65    99.806 54476.21213744 15.24 236.789543  62.727938  6.366
 65    99.827 54476.21213809 16.20 236.786973  62.731078  6.366
 65    99.758 54476.21213873 14.17 236.784413  62.734218  6.366
 66    99.595 54511.21211852 10.29 236.800164  62.701722  3.749
 66    99.588 54511.21211917 10.02 236.797604  62.704862  3.749
 66    99.726 54511.21211981 10.54 236.795034  62.708002  3.749
 66    99.711 54511.21212046 10.98 236.792474  62.711132  3.749
 66    99.501 54511.21212110 11.60 236.789900  62.714277  3.834
 66    99.434 54511.21212175 12.61 236.787340  62.717417  3.834
 66    99.508 54511.21212239 10.89 236.784770  62.720557  3.834
 66    99.179 54511.21212304  9.51 236.782200  62.723697  3.834
 67   135.153 54546.21215076  8.43 236.796260  62.723690  3.487
 67   136.136 54546.21215141  8.17 236.793690  62.726830  3.487
 67   138.973 54546.21215205  7.35 236.791130  62.729970  3.487
 67   140.602 54546.21215270  7.13 236.788560  62.733100  3.487
 67   142.600 54546.21215334  6.66 236.785990  62.736240  3.487
 68   136.186 54581.21211831  6.65 236.793243  62.722399  3.590
 68   136.852 54581.21211896  6.98 236.790683  62.725529  3.590
 68   138.698 54581.21211960  5.55 236.788113  62.728669  3.590
 68   141.830 54581.21212025  4.28 236.785543  62.731809  3.590
 69   102.014 54616.21213959 43.39 236.795725  62.722035 15.169
 69   101.861 54616.21214024 44.68 236.793155  62.725175 15.169
 69   101.926 54616.21214088 44.88 236.790595  62.728315 15.169
 69   101.780 54616.21214153 48.41 236.788025  62.731445 15.169
 69   101.841 54616.21214217 45.73 236.785455  62.734585 15.169
 70   132.244 54651.21215058  7.85 236.799459  62.712130  8.661
 70   136.434 54651.21215187  7.24 236.794329  62.718410  8.661
 70   137.591 54651.21215251  7.37 236.791760  62.721548 13.335
 70   139.331 54651.21215316  7.23 236.789190  62.724688 13.335
 70   140.909 54651.21215380  6.89 236.786630  62.727828 13.335
 70   147.083 54651.21215445  7.65 236.784060  62.730968 13.335
 72   127.558 54721.21209396 10.28 236.800052  62.701656 11.470
 72   129.525 54721.21209460  9.14 236.797492  62.704796 11.470
 72   100.916 54721.21209525 12.90 236.794922  62.707936 11.470
 72   101.405 54721.21209589 14.58 236.792352  62.711076 11.470
 72   135.303 54721.21209654  9.30 236.789796  62.714213 16.923
 72   137.055 54721.21209718  8.53 236.787226  62.717353 16.923
 72   138.729 54721.21209782  8.86 236.784656  62.720493 16.923
 72   138.550 54721.21209847 10.03 236.782086  62.723633 16.923
 74    98.227 54791.21208706 37.37 236.798677  62.700512 15.293
 74    98.261 54791.21208771 39.58 236.796117  62.703642 15.293
 74    98.267 54791.21208835 42.62 236.793547  62.706792 15.293
 74    98.172 54791.21208899 44.34 236.790987  62.709922 15.293
 74    98.051 54791.21208964 44.05 236.788417  62.713065 18.572
 74    97.898 54791.21209028 46.59 236.785847  62.716205 18.572
 74    97.986 54791.21209093 46.50 236.783287  62.719345 18.572
 74    97.873 54791.21209157 45.41 236.780717  62.722485 18.572
 75    99.826 54826.21211425 15.14 236.800616  62.710400  6.722
 75    99.716 54826.21211554 38.61 236.795486  62.716680  6.722
 75   100.556 54826.21211618 19.80 236.792915  62.719818  3.352
 75    99.447 54826.21211682 13.18 236.790355  62.722958  3.352
 75    99.360 54826.21211747 12.65 236.787785  62.726098  3.352
 75    99.290 54826.21211811 12.92 236.785215  62.729238  3.352
 75    99.153 54826.21211876 13.35 236.782645  62.732368  3.352
 76    99.429 54861.21208090 11.74 236.801410  62.701904  4.991
 76    99.944 54861.21208155 10.95 236.798850  62.705044  4.991
 76    99.788 54861.21208219 10.64 236.796278  62.708182  2.979
 76    99.936 54861.21208284 10.22 236.793718  62.711322  2.979
 76    99.709 54861.21208348  9.67 236.791148  62.714462  2.979
 76    99.674 54861.21208413 10.27 236.788578  62.717602  2.979
 76    99.350 54861.21208477  9.82 236.786018  62.720742  2.979
 76    99.192 54861.21208542  9.05 236.783448  62.723872  2.979
 76    98.963 54861.21208606  8.44 236.780878  62.727012  2.979
 78    98.378 54931.21207864  9.14 236.799841  62.703593  4.084
 78    98.529 54931.21207928  7.89 236.797281  62.706733  4.084
 79   105.212 54966.21211778 38.46 236.794542  62.720764 16.143
 79   105.093 54966.21211842 33.62 236.791972  62.723904 16.143
 79   105.193 54966.21211907 27.83 236.789412  62.727044 16.143
 79   105.258 54966.21211971 22.25 236.786842  62.730184 16.143
 79   105.232 54966.21212036 26.20 236.784272  62.733314 16.143
 80   102.844 55001.21213575 30.35 236.800052  62.711093 11.032
 80   102.295 55001.21213704 23.36 236.794922  62.717373 11.032
 80   102.190 55001.21213769 21.93 236.792358  62.720512  2.900
 80   102.050 55001.21213833 20.96 236.789788  62.723652  2.900
 80   102.092 55001.21213898 21.01 236.787228  62.726792  2.900
 80   102.075 55001.21213962 20.64 236.784658  62.729922  2.900
 81   100.201 55036.21212376 52.17 236.794601  62.721847 25.739
 81   100.211 55036.21212440 49.99 236.792031  62.724987 25.739
 81   100.142 55036.21212505 52.57 236.789471  62.728127 25.739
 81   100.245 55036.21212569 50.32 236.786901  62.731257 25.739
 81   100.059 55036.21212634 46.82 236.784332  62.734402 11.998
 82   100.324 55071.21211282 53.00 236.798650  62.725297 23.727
 82   100.290 55071.21211347 52.92 236.796080  62.728427 23.727
 82   100.185 55071.21211411 52.96 236.793510  62.731577 23.727
 82   100.143 55071.21211476 49.05 236.790950  62.734707 23.727
 82   100.114 55071.21211540 48.39 236.788380  62.737847 23.727
 83   112.404 55106.21205194 11.64 236.799460  62.701984 10.036
 83   110.630 55106.21205259 13.70 236.796900  62.705124 10.036
 83   109.960 55106.21205323 13.11 236.794330  62.708264 10.036
 83    99.299 55106.21205387 18.29 236.791770  62.711404 10.036
 83   108.068 55106.21205452 16.00 236.789200  62.714544 10.036
 83   135.557 55106.21205516 13.61 236.786638  62.717680 17.515
 83   138.095 55106.21205581 10.09 236.784068  62.720820 17.515
 83   139.511 55106.21205645  9.85 236.781498  62.723960 17.515
 84    98.376 55141.21206233 49.61 236.793811  62.724424 24.629
 84    98.461 55141.21206298 49.30 236.791251  62.727564 24.629
 84    98.314 55141.21206362 51.74 236.788681  62.730704 24.629
 84    98.394 55141.21206426 47.12 236.786111  62.733844 24.629
 85   100.227 55176.21202089 16.90 236.798894  62.702093  5.951
 85   100.167 55176.21202154 18.51 236.796324  62.705233  5.951
 85   100.063 55176.21202218 20.71 236.793764  62.708373  5.951
 85   100.038 55176.21202282 25.14 236.791195  62.711508  7.946
 85   100.048 55176.21202347 26.63 236.788625  62.714648  7.946
 85    99.966 55176.21202411 24.81 236.786065  62.717788  7.946
 85    99.932 55176.21202476 20.09 236.783495  62.720928  7.946
 85    99.981 55176.21202540 18.02 236.780925  62.724068  7.946
 86    99.859 55211.21205644 11.81 236.793717  62.721291  3.738
 86    99.908 55211.21205708 10.72 236.791147  62.724431  3.738
 86   103.002 55211.21205773 10.02 236.788587  62.727571  3.738
 86   103.109 55211.21205837  9.76 236.786017  62.730711  3.738
 87    99.731 55246.21202570 11.38 236.800638  62.704918  3.880
 87    99.821 55246.21202635 12.35 236.798078  62.708058  3.880
 87    99.818 55246.21202699 16.40 236.795508  62.711198  3.880
 87   100.044 55246.21202764 14.14 236.792948  62.714338  3.880
 87    99.806 55246.21202828 13.90 236.790376  62.717473  4.155
 87    99.617 55246.21202892 13.12 236.787816  62.720613  4.155
 87    99.529 55246.21202957 10.00 236.785246  62.723753  4.155
 87   102.220 55246.21203021  8.61 236.782676  62.726893  4.155
 88    99.312 55281.21205073  9.45 236.795512  62.724332  3.379
 88    99.307 55281.21205137  9.51 236.792942  62.727472  3.379
 88   103.421 55281.21205202  9.33 236.790382  62.730612  3.379
 88   103.216 55281.21205266  8.48 236.787812  62.733742  3.379
 89   102.404 55316.21201741 30.07 236.793549  62.720670 16.471
 89   102.304 55316.21201805 26.85 236.790979  62.723810 16.471
 89   102.291 55316.21201870 26.94 236.788419  62.726950 16.471
 89   102.497 55316.21201934 29.81 236.785849  62.730090 16.471
 90    99.843 55351.21202270 51.12 236.795661  62.725012 22.868
 90    99.804 55351.21202334 54.82 236.793091  62.728152 22.868
 90    99.814 55351.21202399 49.49 236.790531  62.731282 22.868
 90    99.676 55351.21202463 50.47 236.787961  62.734422 22.868
 91   110.569 55386.21201309 13.58 236.799958  62.701976  9.103
 91   100.519 55386.21201374 14.76 236.797398  62.705116  9.103
 91   100.309 55386.21201438 17.90 236.794828  62.708256  9.103
 91   102.140 55386.21201502 17.50 236.792268  62.711396  9.103
 91   137.984 55386.21201696 12.39 236.784569  62.720812 13.846
 91   138.760 55386.21201760 12.02 236.781999  62.723952 13.846
 92    99.458 55421.21204037 40.57 236.795456  62.721555 17.823
 92    99.334 55421.21204102 46.67 236.792886  62.724695 17.823
 92    99.148 55421.21204166 50.04 236.790326  62.727835 17.823
 92    99.135 55421.21204231 46.84 236.787756  62.730975 17.823
 92    99.152 55421.21204295 46.94 236.785186  62.734105 17.823
 93   100.578 55456.21201613 45.87 236.800125  62.725012 19.316
 93    99.179 55456.21201677 48.30 236.797558  62.728153 17.533
 93    99.147 55456.21201742 52.81 236.794988  62.731293 17.533
 93    99.058 55456.21201806 51.29 236.792428  62.734423 17.533
 93    99.038 55456.21201871 48.76 236.789858  62.737563 17.533
