# NaN NaN NaN ;Mean Elev.(m), Avg Gradient(m/km), RMS Gradient(m/km) - SRTM1     
#    5.469  -2.007  17.608 ;Mean Elev.(m), Avg Gradient(m/km), RMS Gradient(m/km) - ASTER GDEM
#    6.067  -1.365  16.692 ;Mean Elev.(m), Avg Gradient(m/km), RMS Gradient(m/km) - GMTED2010 
  8 226.466613  67.390510    49.283    47.814  6 52478.84610293 11.840
  9 226.469093  67.391557     5.914     5.850  5 52513.84604743 42.216
 10 226.476732  67.385047     7.262     6.960  7 52548.84609207 38.022
 11 226.473223  67.387470    90.448    93.208  7 52583.84608488 15.811
 12 226.463170  67.397061    88.077    90.049  5 52618.84605977 14.477
 13 226.479197  67.384064    93.098    92.915  7 52653.84604134 13.165
 14 226.464125  67.394910    88.804    88.758  6 52688.84603755 10.586
 15 226.473284  67.389484    92.883    93.684  6 52723.84608355  6.575
 17 226.481756  67.382856    94.574    94.652  7 52793.84605856  6.161
 18 226.481993  67.382321     8.670     8.342  7 52828.84612612 40.718
 19 226.480811  67.384431     8.096     7.973  6 52863.84617056 33.653
 20 226.466575  67.391880    94.238    96.357  5 52898.84619900  6.381
 21 226.463503  67.398616    78.845    77.263  5 52933.84614251 13.130
 22 226.476783  67.385815    93.818    93.763  7 52968.84615623 13.085
 23 226.466024  67.392714    87.311    87.380  6 53003.84617609 10.464
 24 226.460529  67.397230    89.000    88.452  5 53038.84612452  8.238
 25 226.466425  67.390522    87.594    89.407  6 53073.84615464  8.243
 26 226.462143  67.401073    95.151    97.084  5 53108.84612399  4.237
 27 226.474868  67.388340    88.754    90.821  6 53143.84616485  4.218
 28 226.473191  67.388738     9.320     9.428  6 53178.84618268 43.539
 29 226.467356  67.388335     6.471     6.717  6 53213.84620417 42.183
 30 226.464903  67.393337     6.154     5.750  5 53248.84617282 39.047
 31 226.475881  67.385558    94.240    94.257  6 53283.84616741 12.411
 32 226.477945  67.387159    91.437    90.843  6 53318.84616076 11.831
 33 226.468173  67.391527    90.405    89.761  6 53353.84612695 11.887
 34 226.478170  67.383998    88.120    89.504  6 53388.84612807 11.923
 35 226.472560  67.388196    80.934    84.310  6 53423.84612690 10.794
 36 226.482438  67.382809    94.003    93.950  6 53458.84613267  7.300
 38 226.472208  67.386901    71.033    79.705  6 53528.84619414  9.717
 39 226.464090  67.394457    72.140    72.528  5 53563.84622332  8.992
 41 226.476543  67.385145    37.125    38.447  6 53633.84616173 19.497
 42 226.467835  67.389280    91.447    91.574  6 53668.84618315 14.272
 43 226.469423  67.389142    92.106    91.548  6 53703.84612388  5.340
 44 226.461617  67.396581    79.582    83.622  5 53738.84603200  6.479
 45 226.478376  67.385990    92.075    91.598  6 53773.84605012  6.968
 46 226.465572  67.394697    89.281    88.999  5 53808.84603423  8.874
 48 226.476242  67.385221    21.154    21.179  6 53878.84610562 38.170
 49 226.466528  67.389562    71.978    82.171  6 53913.84615950  9.139
 50 226.463497  67.393992     7.677     7.994  5 53948.84617099 44.125
 51 226.463668  67.393111     7.538     7.769  5 53983.84611111 44.352
 52 226.479318  67.384870    79.709    81.844  6 54018.84614431  7.284
 53 226.478291  67.385396    93.734    94.148  7 54053.84613587 15.572
 54 226.466657  67.391159    94.080    93.765  5 54088.84612679 14.103
 55 226.481656  67.383579    93.528    94.193  7 54123.84605028 11.412
 56 226.471661  67.390450    90.058    89.907  6 54158.84609129 10.138
 57 226.480894  67.384781    91.894    92.481  6 54193.84605242  8.308
 58 226.472338  67.388107    92.728    92.573  6 54228.84610374  3.643
 59 226.472512  67.387470    90.796    93.135  7 54263.84612220  6.548
 60 226.471173  67.387138    70.036    71.917  6 54298.84612638  9.195
 61 226.468586  67.392056     7.885     8.035  6 54333.84611589 43.587
 63 226.468899  67.390326    80.179    77.145  6 54403.84605987 11.812
 64 226.482643  67.382957    82.512    78.635  6 54438.84601787 11.552
 65 226.474831  67.386427    83.376    82.409  6 54473.84604652 12.723
 66 226.481064  67.384655    93.346    93.382  6 54508.84602941 12.318
 67 226.471485  67.389992    91.597    90.393  6 54543.84606039 11.715
 68 226.472846  67.385947    88.885    91.646  6 54578.84602995  6.837
 69 226.469832  67.387883    41.754    42.647  6 54613.84605092 19.390
 70 226.472881  67.387750    92.658    92.778  6 54648.84605940  6.135
 71 226.468056  67.391903    69.760    70.606  6 54683.84605717  9.464
 72 226.481364  67.383546    28.396    28.891  6 54718.84600515 24.307
 73 226.471059  67.386593    89.427    92.636  6 54753.84603142 15.248
 74 226.479825  67.384523    83.164    78.906  7 54788.84599797 12.191
 75 226.473606  67.385495    90.781    90.154  6 54823.84602659 10.513
 76 226.481296  67.382966    92.980    92.846  6 54858.84599179  9.729
 77 226.467969  67.391503    81.394    81.977  6 54893.84602781  9.498
 78 226.477585  67.384928    86.046    87.100  7 54928.84599084  7.744
 79 226.469858  67.387196     8.426     8.658  6 54963.84602798 28.610
 80 226.468061  67.389335    66.647    72.593  6 54998.84604833 10.927
 81 226.474645  67.388242    89.586    91.044  6 55033.84603633  6.580
 82 226.465278  67.391191    54.620    54.785  6 55068.84602482 11.603
 83 226.479006  67.385072    76.631    77.998  7 55103.84596504 10.589
 84 226.470180  67.387670    94.811    95.579  6 55138.84597278 16.431
 85 226.480175  67.382934    94.387    94.871  7 55173.84593371 14.035
 86 226.473554  67.387897    91.852    91.454  6 55208.84596736 12.528
 87 226.477718  67.385161    92.302    92.251  7 55243.84593880 11.382
 88 226.466711  67.390690    87.889    88.225  6 55278.84596087 10.451
 89 226.473565  67.388461    92.645    92.387  6 55313.84592442  8.386
 90 226.467170  67.389146    57.468    65.522  6 55348.84593179 12.541
 91 226.478662  67.386464    71.335    67.965  5 55383.84592364 11.694
 92 226.474474  67.388074     6.702     7.087  6 55418.84595057 41.226
 93 226.465849  67.392990    90.927    89.714  5 55453.84592928  6.355
 94 226.461873  67.396553    74.514    77.251  5 55488.84584929 14.990
