# NaN NaN NaN ;Mean Elev.(m), Avg Gradient(m/km), RMS Gradient(m/km) - SRTM1     
#    4.253 -11.031  20.741 ;Mean Elev.(m), Avg Gradient(m/km), RMS Gradient(m/km) - ASTER GDEM
#   13.902  -9.796  19.204 ;Mean Elev.(m), Avg Gradient(m/km), RMS Gradient(m/km) - GMTED2010 
  6 227.979207  67.357955    99.311    99.724  5 52420.22509945  9.036
  8 228.000867  67.354485    70.485    74.250  8 52490.22509737 24.873
 10 227.978490  67.358340    83.645    80.083  5 52560.22512611 11.841
 11 227.981166  67.359659    79.991    79.895  6 52595.22513339 14.165
 12 227.977157  67.358968    79.542    79.461  6 52630.22506661 12.477
 14 227.978729  67.357593    79.925    80.136  6 52700.22506761  7.047
 15 228.000833  67.355620    47.297    48.285  8 52735.22509876  9.119
 16 228.004476  67.356198   100.792   100.619  9 52770.22508562 14.127
 17 227.969117  67.359736    11.755    12.011  4 52805.22512472 46.614
 18 227.977634  67.359139    77.499    78.599  6 52840.22518548  9.114
 19 227.983356  67.356838     8.820     9.568  5 52875.22522404 36.274
 20 228.005515  67.355990     9.111     8.838  9 52910.22519384 43.975
 21 227.976094  67.358325    79.335    79.280  6 52945.22513749 14.494
 23 227.989326  67.361945    86.324    84.984  5 53015.22518281  5.594
 24 227.979130  67.356158    17.135    17.605  4 53050.22515654 13.185
 25 227.988738  67.357252    91.571    91.896  6 53085.22519255  3.309
 26 227.976134  67.357949    90.887    91.152  6 53120.22516329  3.363
 27 227.976313  67.358349    97.415    97.691  5 53155.22521646 13.104
 28 227.992604  67.358297    85.536    88.301  7 53190.22520640  4.460
 29 227.998116  67.356106    25.285    28.417  6 53225.22521519 32.701
 30 227.999865  67.355830    12.855    12.778  9 53260.22518964 34.461
 31 227.976201  67.353446     9.166     9.166  2 53295.22521862 42.324
 32 227.989572  67.358163    10.030    10.265  7 53330.22519196 19.122
 33 228.005002  67.356778    85.081    84.963  8 53365.22514057  7.787
 35 227.999708  67.358248    89.502    89.275  6 53435.22515615  5.587
 36 227.975669  67.357862    86.874    89.991  5 53470.22520266  4.900
 38 227.987970  67.357150    17.062    14.522  6 53540.22524244 18.304
 39 227.993463  67.357335    88.849    89.848  6 53575.22523626  7.260
 40 228.004065  67.355980    90.243    90.421  9 53610.22518652  4.381
 41 227.974232  67.358823    79.425    79.358  5 53645.22519109  7.575
 42 227.985433  67.358832    11.805    11.738  6 53680.22520783 37.931
 43 228.004915  67.356078    92.049    92.912  8 53715.22513478  2.869
 44 227.971049  67.363330    17.005    13.485  3 53750.22505351 14.779
 45 227.999619  67.354914    91.311    93.024  8 53785.22508161  4.743
 46 228.011958  67.357633    86.561    82.796  8 53820.22504067  4.833
 47 227.976100  67.358069    80.901    80.873  6 53855.22512580  6.823
 48 227.991829  67.357787    95.815    95.816  6 53890.22513549  9.714
 49 227.973715  67.358965    79.811    79.663  5 53925.22520100  6.074
 51 227.967722  67.357568    89.817    91.272  5 53995.22512523  7.872
 52 227.984517  67.353801     7.519     7.519  2 54030.22518034 35.404
 55 227.976952  67.358183    89.784    90.088  6 54135.22510076  8.722
 57 227.974899  67.358563    79.787    79.923  5 54205.22510540  6.647
 59 227.988511  67.358434    49.511    49.221  7 54275.22515503 14.682
 61 228.005517  67.355316    10.942    10.952  8 54345.22513088 22.272
 62 227.976941  67.360942    13.875    14.949  3 54380.22509333 24.382
 63 227.992824  67.358578    87.648    89.561  7 54415.22508021  8.733
 65 227.990062  67.357388    88.266    88.658  6 54485.22507531  8.570
 66 227.982063  67.357414    90.662    91.590  6 54520.22507380  5.565
 67 228.000008  67.355756    86.407    86.136  8 54555.22508602  4.542
 68 227.990003  67.352421     9.116     9.116  2 54590.22506879  2.783
 69 227.996241  67.353485    12.044    13.661  3 54625.22508535 46.502
 70 227.985774  67.357484    13.654    13.561  6 54660.22509467 44.026
 71 227.993232  67.360727     1.930     9.727  4 54695.22507372 41.575
 72 227.980094  67.358383    85.905    86.431  5 54730.22505005  6.204
 73 227.988829  67.357718    10.732    10.752  6 54765.22505148 37.581
 75 227.990405  67.357368    91.209    91.263  6 54835.22504284  7.807
 77 228.000878  67.355213    91.009    91.980  8 54905.22505080  4.679
 78 227.979359  67.358719    85.227    86.996  6 54940.22503301  4.441
 79 227.984461  67.358412    98.574    98.434  6 54975.22506257 14.571
 80 227.991070  67.357925    14.840    13.551  6 55010.22507388 15.347
 81 227.986622  67.358368    11.923    11.218  6 55045.22506489 16.666
 82 228.009501  67.349671    11.201    11.202  4 55080.22503770 42.164
 83 227.981916  67.358304    88.653    89.684  6 55115.22499704 13.906
 84 227.989696  67.357190    79.329    79.595  6 55150.22499602 15.715
 85 227.976676  67.358281    79.527    79.793  5 55185.22498157 14.094
 86 227.991186  67.358231    79.596    79.593  6 55220.22499422 11.857
 87 227.981284  67.358396    79.608    79.528  5 55255.22497740 11.157
 88 228.002998  67.354683    79.277    78.857  8 55290.22498262  7.102
 89 227.985281  67.358291    88.717    90.023  6 55325.22496350 10.022
 90 227.988935  67.360036    87.579    88.217  6 55360.22496105  6.171
 91 227.979912  67.358835    91.862    90.893  6 55395.22496632  5.871
 92 227.988795  67.357731    10.161    10.188  6 55430.22497618 20.745
 93 228.005054  67.357470     9.939    10.084  8 55465.22493730 24.736
