# NaN NaN NaN ;Mean Elev.(m), Avg Gradient(m/km), RMS Gradient(m/km) - SRTM1     
#   17.001  -3.038  26.056 ;Mean Elev.(m), Avg Gradient(m/km), RMS Gradient(m/km) - ASTER GDEM
#   30.129  -3.020  25.364 ;Mean Elev.(m), Avg Gradient(m/km), RMS Gradient(m/km) - GMTED2010 
  7 231.184390  65.781029     7.104     7.020  3 52447.82848185 25.247
  8 231.188519  65.784931    29.214    29.392  5 52482.82847000 27.236
  9 231.187923  65.786144    34.263    30.071  5 52517.82842661 20.758
 10 231.189692  65.773040    29.711    27.940  8 52552.82847848 28.370
 11 231.189193  65.779089    28.152    28.236  6 52587.82845659 41.835
 12 231.187849  65.787672    59.787    64.992  3 52622.82841440 19.254
 13 231.189646  65.773992    65.785    65.776  7 52657.82842945 11.465
 15 231.189372  65.774984    67.245    67.020  7 52727.82845225  6.258
 16 231.182600  65.794490    40.015    30.462  3 52762.82846240 19.905
 19 231.199939  65.777934    28.461    28.602  4 52867.82854634 34.839
 20 231.187793  65.782207    28.066    28.115  6 52902.82856339 26.762
 21 231.185407  65.791680    27.363    27.345  4 52937.82850000 29.106
 22 231.194066  65.778570    60.687    64.819  6 52972.82853465 14.034
 23 231.188814  65.784826    66.339    65.761  5 53007.82854330  8.529
 24 231.197131  65.775735    68.026    67.078  4 53042.82850056  7.394
 25 231.187475  65.785904    65.097    65.071  4 53077.82853230  8.397
 26 231.190777  65.772712    68.105    68.304  7 53112.82850489  5.354
 27 231.194076  65.784131    31.337    31.270  4 53147.82854701 39.221
 28 231.197858  65.780375    28.832    29.042  4 53182.82854825 23.366
 29 231.188911  65.780312    28.276    28.414  6 53217.82857258 25.174
 30 231.185564  65.791851    44.597    47.693  4 53252.82854847 14.315
 31 231.199174  65.781608    69.057    69.057  2 53287.82854964 13.759
 32 231.196651  65.778123    65.740    66.458  5 53322.82852633 11.641
 33 231.189583  65.783703    64.814    65.209  4 53357.82849082 12.221
 34 231.198490  65.776573    67.609    68.142  4 53392.82850706  5.273
 35 231.188465  65.781405    68.135    67.878  6 53427.82850133  5.511
 36 231.202421  65.776371    69.464    69.464  2 53462.82851956  5.025
 37 231.189066  65.783311    32.395    32.526  6 53497.82859066 32.897
 38 231.189016  65.778634    30.756    30.746  7 53532.82857302 23.342
 40 231.186709  65.785996    28.223    28.297  5 53602.82853671 23.201
 41 231.188349  65.769920    32.869    27.878  6 53637.82853751 22.062
 42 231.184789  65.776990    27.200    27.242  3 53672.82855701 46.045
 43 231.192856  65.786690    66.898    66.898  2 53707.82848659  6.915
 44 231.184308  65.790976    65.194    65.586  3 53742.82839740  9.834
 45 231.190880  65.772313    67.784    68.303  7 53777.82842683  7.720
 46 231.184294  65.788603    65.205    65.614  4 53812.82840001  8.490
 47 231.190202  65.772462    67.700    67.639  8 53847.82845739  5.869
 49 231.186743  65.783874    37.080    29.678  5 53917.82853716 24.870
 50 231.187460  65.787878    28.651    28.673  4 53952.82854014 21.992
 52 231.198748  65.776740    27.282    27.257  4 54022.82852113 31.970
 53 231.200745  65.780355    66.588    66.649  3 54057.82851292 13.296
 54 231.188938  65.789545    65.799    66.160  4 54092.82849295 12.185
 55 231.204440  65.777282    71.578    71.578  2 54127.82843071  8.839
 56 231.193667  65.787186    66.495    66.495  2 54162.82846242  9.355
 57 231.196553  65.775462    66.606    66.598  5 54197.82843375  5.233
 58 231.191488  65.775888    36.832    36.974  7 54232.82847777 28.600
 59 231.187358  65.775434    41.463    42.279  6 54267.82849656 18.027
 60 231.191281  65.779184    30.941    29.302  6 54302.82849988 19.052
 61 231.188622  65.782476    28.598    28.530  5 54337.82848524 39.035
 62 231.189481  65.770717    38.765    37.824  8 54372.82843454 16.095
 63 231.183092  65.775392    27.363    27.363  2 54407.82843211 47.410
 65 231.195126  65.782698    66.972    65.714  3 54477.82841945  9.827
 66 231.203494  65.777633    72.569    72.569  2 54512.82840850  5.279
 67 231.189203  65.783274    65.289    64.846  5 54547.82843332  8.193
 68 231.189598  65.774789    68.057    67.784  7 54582.82840489  4.024
 69 231.190742  65.777846    37.459    33.448  7 54617.82842502 20.219
 70 231.186272  65.776465    35.663    32.467  5 54652.82843752 16.783
 72 231.204521  65.778376    35.880    35.880  2 54722.82838375 16.481
 73 231.189803  65.781327    27.458    27.378  6 54757.82840208 40.900
 74 231.203458  65.778570    66.862    66.862  2 54792.82837736 10.674
 75 231.188842  65.775031    67.367    67.615  7 54827.82840113  8.381
 76 231.201746  65.778915    66.948    66.427  3 54862.82837129  6.687
 77 231.188912  65.783219    66.363    65.718  6 54897.82839987  5.556
 78 231.192195  65.773897    67.556    67.329  8 54932.82836761  4.054
 79 231.190229  65.778350    33.158    33.221  6 54967.82840139 43.100
 80 231.189839  65.780727    30.909    30.893  6 55002.82842101 24.310
 81 231.190802  65.778384    34.504    29.709  7 55037.82840796 18.821
 82 231.187449  65.783931    40.449    39.307  5 55072.82839307 18.412
 83 231.198912  65.777045    48.015    48.470  4 55107.82834033 16.723
 84 231.189700  65.783034    28.070    28.033  6 55142.82834448 36.731
 85 231.204849  65.777247    69.334    69.334  2 55177.82831183 11.105
 86 231.188995  65.778800    64.300    64.725  7 55212.82833979 12.421
 87 231.193193  65.773266    67.352    67.460  7 55247.82831436  7.647
 88 231.188303  65.783256    66.611    67.639  5 55282.82833274  9.317
 89 231.190330  65.780993    30.758    30.762  5 55317.82830233 31.723
 90 231.189007  65.781842    29.112    29.187  5 55352.82830545 30.394
 91 231.193590  65.773240    29.537    29.356  6 55387.82830369 20.544
 92 231.190113  65.778761    35.056    34.953  6 55422.82832367 16.826
 93 231.187209  65.783932    41.181    39.330  5 55457.82829562 19.968
