# NaN NaN NaN ;Mean Elev.(m), Avg Gradient(m/km), RMS Gradient(m/km) - SRTM1     
#   46.609 -23.395  38.336 ;Mean Elev.(m), Avg Gradient(m/km), RMS Gradient(m/km) - ASTER GDEM
#   62.938 -23.319  38.359 ;Mean Elev.(m), Avg Gradient(m/km), RMS Gradient(m/km) - GMTED2010 
  9   170.047 52540.81278117  1.61 235.497397  64.262546  2.750
  9   128.796 52540.81278181  7.29 235.494567  64.259426  2.750
 10    70.530 52575.81282527 19.61 235.491966  64.279330  9.029
 10    72.162 52575.81282592 21.02 235.489126  64.276220  9.029
 10    70.762 52575.81282656 23.61 235.486296  64.273100  9.029
 10    71.766 52575.81282720 19.58 235.483456  64.269980  9.029
 11    72.305 52610.81278748 29.28 235.485859  64.277014 11.055
 11    74.488 52610.81278813 29.54 235.483029  64.273904 11.055
 11    72.743 52610.81278877 25.33 235.480199  64.270784 11.055
 13    74.842 52680.81274916 37.32 235.493241  64.277528 17.589
 13    75.408 52680.81274981 36.82 235.490401  64.274408 17.589
 13    69.807 52680.81275045 43.00 235.487571  64.271288 17.589
 13    73.247 52680.81275110 25.21 235.484741  64.268168 17.589
 15    72.909 52750.81282594 22.06 235.480212  64.286109 10.529
 15    73.752 52750.81282658 28.53 235.477382  64.282989 10.529
 15    63.899 52750.81282723 29.74 235.474542  64.279879 10.529
 16   245.994 52785.81277074  2.09 235.503743  64.273529  3.723
 16   249.831 52785.81277138  1.17 235.500903  64.270419  3.723
 16   241.401 52785.81277203  1.03 235.498073  64.267299  3.723
 16   234.716 52785.81277267  0.39 235.495233  64.264179  3.723
 17   120.644 52820.81284518  0.37 235.500635  64.273678  3.711
 17    85.742 52820.81284583  7.05 235.497795  64.270568  3.711
 17    81.244 52820.81284647 13.27 235.494965  64.267448  3.711
 17    77.105 52820.81284712 17.14 235.492125  64.264328  3.711
 22    72.187 52995.81288327  7.87 235.495189  64.278093  7.594
 22    72.801 52995.81288391  8.81 235.492349  64.274983  7.594
 22    71.514 52995.81288456  9.98 235.489519  64.271863  7.594
 22    71.225 52995.81288520  9.45 235.486679  64.268743  7.594
 26    74.718 53135.81285428 18.53 235.502163  64.275770 10.735
 26    73.084 53135.81285493 19.38 235.499323  64.272660 10.735
 26    74.077 53135.81285557 19.27 235.496493  64.269540 10.735
 26    74.758 53135.81285621 20.04 235.493653  64.266420 10.735
 26    73.066 53135.81285686 21.64 235.490823  64.263300 10.735
 28    72.324 53205.81292044 31.72 235.493230  64.280226  7.795
 28    72.303 53205.81292109 32.24 235.490400  64.277106  7.795
 28    73.831 53205.81292173 36.26 235.487570  64.273996  7.795
 29    71.505 53240.81288854 20.81 235.491510  64.279375  4.907
 29    71.043 53240.81288918 21.62 235.488670  64.276265  4.907
 30   154.284 53275.81285756  4.38 235.507319  64.273067  6.177
 30   128.167 53275.81285821  5.69 235.504489  64.269957  6.177
 30   128.830 53275.81285885  6.57 235.501649  64.266837  6.177
 31    70.976 53310.81290085 32.02 235.494930  64.280257 13.449
 31    68.496 53310.81290150 35.16 235.492100  64.277137 13.449
 31    69.972 53310.81290214 32.62 235.489260  64.274017 13.449
 31    69.820 53310.81290279 30.60 235.486430  64.270907 13.449
 31    69.776 53310.81290343 28.60 235.483600  64.267787 13.449
 36    72.658 53485.81292564 18.02 235.491701  64.280100  5.854
 36    73.633 53485.81292629 17.31 235.488871  64.276980  5.854
 36    72.661 53485.81292693 18.15 235.486031  64.273870  5.854
 39    73.974 53590.81288486 12.72 235.492107  64.278593  9.537
 39    73.491 53590.81288550 14.34 235.489267  64.275473  9.537
 39    73.795 53590.81288615 17.43 235.486437  64.272363  9.537
 39    72.408 53590.81288679 17.78 235.483607  64.269243  9.537
 41    72.343 53660.81289484 32.55 235.497934  64.279215 12.096
 41    71.517 53660.81289549 34.09 235.495104  64.276095 12.096
 41    71.354 53660.81289613 33.29 235.492264  64.272985 12.096
 41    73.058 53660.81289678 37.32 235.489434  64.269865 12.096
 41    72.280 53660.81289742 31.76 235.486594  64.266745 12.096
 42    72.083 53695.81286606 10.63 235.489188  64.281156  9.404
 42    72.457 53695.81286671 10.48 235.486348  64.278036  9.404
 42    72.842 53695.81286735 11.76 235.483518  64.274916  9.404
 42    72.294 53695.81286800 13.63 235.480688  64.271806  9.404
 43    73.075 53730.81278870  9.10 235.487241  64.282198  6.737
 43    72.916 53730.81278934  8.93 235.484401  64.279078  6.737
 43    73.013 53730.81278999  8.97 235.481571  64.275958  6.737
 43    74.311 53730.81279063  8.07 235.478741  64.272848  6.737
 44   175.146 53765.81275893  4.89 235.503957  64.274484  7.377
 44    71.168 53765.81275958  6.11 235.501117  64.271374  7.377
 44    72.041 53765.81276022  5.91 235.498287  64.268254  7.377
 44    72.728 53765.81276087  5.91 235.495447  64.265134  7.377
 46    71.038 53835.81276716  2.73 235.504458  64.273525  4.344
 46    72.127 53835.81276781  2.79 235.501628  64.270405  4.344
 46    70.722 53835.81276845  4.10 235.498788  64.267295  4.344
 46    71.945 53835.81276910  3.17 235.495958  64.264175  4.344
 46    80.526 53835.81276974  3.17 235.493118  64.261055  4.344
 48    75.652 53905.81286069 30.67 235.494283  64.278899  7.802
 48    76.093 53905.81286134 32.84 235.491443  64.275779  7.802
 48    76.798 53905.81286198 37.23 235.488613  64.272669  7.802
 48    75.537 53905.81286262 36.39 235.485783  64.269549  7.802
 49    72.762 53940.81289135 28.61 235.488169  64.282355  5.378
 49    72.607 53940.81289199 29.61 235.485339  64.279245  5.378
 49    72.366 53940.81289264 35.50 235.482499  64.276125  5.378
 49    71.786 53940.81289328 36.79 235.479669  64.273005  5.378
 50    71.372 53975.81284830 24.35 235.484750  64.282390  4.498
 50    71.751 53975.81284894 25.85 235.481920  64.279270  4.498
 50    68.207 53975.81284958 27.67 235.479080  64.276150  4.498
 51    70.531 54010.81284878 35.25 235.506737  64.273845 20.598
 51    71.688 54010.81284942 35.88 235.503897  64.270725 20.598
 51    71.101 54010.81285007 36.62 235.501057  64.267605 20.598
 51    70.176 54010.81285071 40.35 235.498227  64.264495 20.598
 51    68.633 54010.81285136 40.93 235.495397  64.261375 20.598
 51    68.713 54010.81285200 37.40 235.492557  64.258255 20.598
 52    70.991 54045.81286459 30.91 235.500604  64.274507 12.556
 52    69.983 54045.81286524 32.67 235.497764  64.271387 12.556
 52    70.513 54045.81286588 32.44 235.494934  64.268267 12.556
 52    69.267 54045.81286653 33.57 235.492104  64.265157 12.556
 52    70.265 54045.81286717 29.44 235.489274  64.262037 12.556
 53    71.484 54080.81285697  7.23 235.489192  64.280630  4.472
 53    71.659 54080.81285762  7.33 235.486362  64.277510  4.472
 53    72.091 54080.81285826  7.34 235.483522  64.274390  4.472
 53    71.590 54080.81285890  8.14 235.480692  64.271270  4.472
 58    74.356 54255.81283918 37.24 235.493252  64.277959 11.490
 58    75.545 54255.81283982 37.11 235.490422  64.274839 11.490
 58    75.481 54255.81284047 37.85 235.487592  64.271719 11.490
 58    75.122 54255.81284111 36.57 235.484752  64.268609 11.490
 59    74.950 54290.81284149 29.97 235.493916  64.276672 10.709
 59    76.365 54290.81284214 28.66 235.491086  64.273552 10.709
 59    75.159 54290.81284278 33.71 235.488246  64.270432 10.709
 59    74.892 54290.81284343 31.79 235.485416  64.267322 10.709
 60    72.500 54325.81283841 25.25 235.495168  64.280338  4.865
 60    73.207 54325.81283905 26.14 235.492334  64.277216 11.610
 60    74.693 54325.81283970 33.72 235.489504  64.274096 11.610
 60    71.464 54325.81284034 37.41 235.486664  64.270976 11.610
 60    72.273 54325.81284099 32.41 235.483834  64.267866 11.610
 61    72.537 54360.81279080 20.93 235.482783  64.281854  7.361
 61    73.432 54360.81279144 26.36 235.479957  64.278737  4.487
 61    69.811 54360.81279209 25.67 235.477117  64.275617  4.487
 62    71.188 54395.81277893 32.73 235.497086  64.277269 13.512
 62    69.642 54395.81277957 34.51 235.494246  64.274149 13.512
 62    72.125 54395.81278022 33.83 235.491416  64.271039 13.512
 62    68.346 54395.81278086 37.45 235.488576  64.267919 13.512
 63    72.072 54430.81274076 12.95 235.489597  64.281874  8.276
 63    74.245 54430.81274141 12.65 235.486767  64.278754  8.276
 63    75.388 54430.81274205 13.14 235.483927  64.275634  8.276
 63    75.774 54430.81274270 14.44 235.481097  64.272524  8.276
 64    72.585 54465.81275927  8.05 235.500744  64.276755  6.221
 64    72.260 54465.81275991  8.46 235.497904  64.273635  6.221
 64    72.375 54465.81276056  9.21 235.495074  64.270515  6.221
 64    72.342 54465.81276120  9.58 235.492244  64.267405  6.221
 64    72.449 54465.81276185  9.22 235.489404  64.264285  6.221
 65    73.556 54500.81275397  5.41 235.489627  64.278979  4.094
 65    73.785 54500.81275462  5.26 235.486787  64.275859  4.094
 65    73.432 54500.81275526  6.05 235.483957  64.272749  4.094
 66    73.256 54535.81277376  4.90 235.496360  64.279674  4.900
 66    73.243 54535.81277441  4.41 235.493530  64.276554  4.900
 66    72.981 54535.81277505  4.70 235.490690  64.273434  4.900
 66    72.517 54535.81277570  4.89 235.487860  64.270314  4.900
 66    83.135 54535.81277634  5.24 235.485030  64.267204  4.900
 69    74.185 54640.81277759 24.96 235.491287  64.279132  5.307
 69    74.968 54640.81277823 24.99 235.488457  64.276012  5.307
 70    71.603 54675.81277990 22.89 235.491986  64.278057  5.017
 70    71.966 54675.81278055 29.74 235.489156  64.274937  5.017
 70    71.931 54675.81278119 37.13 235.486316  64.271817  5.017
 70    66.990 54675.81278183 36.95 235.483486  64.268697  5.017
 72    73.743 54745.81274766 32.08 235.495530  64.277148 22.895
 72    76.007 54745.81274830 32.98 235.492700  64.274028 22.895
 72    74.124 54745.81274895 33.58 235.489860  64.270908 22.895
 72    75.095 54745.81274959 33.82 235.487030  64.267788 22.895
 73    70.104 54780.81272027 30.46 235.493417  64.280368 12.645
 73    69.135 54780.81272091 32.96 235.490587  64.277248 12.645
 73    68.599 54780.81272156 32.00 235.487747  64.274128 12.645
 73    69.346 54780.81272220 29.66 235.484917  64.271008 12.645
 75   177.834 54850.81271825  1.05 235.491279  64.281478  3.957
 75   176.693 54850.81271889  1.63 235.488449  64.278368  3.957
 75   175.133 54850.81271954  1.31 235.485619  64.275248  3.957
 75   119.891 54850.81272018  2.58 235.482779  64.272128  3.957
 79    71.702 54990.81276345 31.83 235.492352  64.278430  6.938
 79    74.414 54990.81276409 27.63 235.489522  64.275310  6.938
 79    76.147 54990.81276474 28.17 235.486682  64.272190  6.938
 79    74.403 54990.81276538 29.94 235.483852  64.269070  6.938
 80    74.396 55025.81275570 25.97 235.486197  64.273322  9.180
 80    74.454 55025.81275635 32.76 235.483367  64.270202  9.180
 81    83.393 55060.81274780  9.87 235.494579  64.279986  9.360
 81    73.681 55060.81274844 11.11 235.491739  64.276876  9.360
 81    83.211 55060.81274909 11.44 235.488909  64.273756  9.360
 81    84.428 55060.81274973 12.56 235.486069  64.270636  9.360
 82    74.275 55095.81269801 13.49 235.484431  64.284562  5.287
 82    73.006 55095.81269866 13.16 235.481591  64.281452  5.287
 82    72.607 55095.81269930 14.40 235.478761  64.278332  5.287
 82    74.646 55095.81269995 13.09 235.475931  64.275212  5.287
 83    67.524 55130.81269101 38.13 235.494651  64.276722 20.928
 83    67.778 55130.81269166 39.14 235.491811  64.273602 20.928
 83    67.418 55130.81269230 40.27 235.488981  64.270482 20.928
 83    68.452 55130.81269295 38.39 235.486151  64.267372 20.928
 84    72.025 55165.81266039 11.63 235.493009  64.281439 10.234
 84    72.212 55165.81266103 12.53 235.490169  64.278329 10.234
 84    72.087 55165.81266168 13.78 235.487339  64.275209 10.234
 84    72.428 55165.81266232 14.29 235.484499  64.272089 10.234
 85    72.568 55200.81268247  7.61 235.496607  64.278254  4.899
 85    72.082 55200.81268376  9.20 235.490937  64.272014  4.899
 85    73.651 55200.81268441  8.31 235.488107  64.268894  4.899
 85    74.222 55200.81268505  7.96 235.485277  64.265784  4.899
 86    75.030 55235.81266683  4.60 235.486608  64.280935  4.282
 86    75.876 55235.81266748  6.02 235.483778  64.277815  4.282
 86    73.039 55235.81266812  4.95 235.480938  64.274695  4.282
 87    71.996 55270.81267677  4.18 235.494776  64.279678  6.795
 87    72.258 55270.81267741  4.23 235.491946  64.276558  6.795
 87    70.779 55270.81267805  5.90 235.489106  64.273438  6.795
 87    71.812 55270.81267870  6.96 235.486276  64.270318  6.795
 88    74.116 55305.81264788 14.32 235.484159  64.281235  8.992
 88    74.143 55305.81264853 15.56 235.481329  64.278115  8.992
 88    73.619 55305.81264917 17.19 235.478499  64.274995  8.992
 89    95.061 55340.81264946  7.70 235.487414  64.270360  4.495
 89    91.019 55340.81265011 10.77 235.484584  64.267240  4.495
 90   107.075 55375.81264055  2.45 235.491056  64.279431  4.670
 90    93.619 55375.81264120  7.20 235.488226  64.276311  4.670
 90    72.045 55375.81264184 19.96 235.485386  64.273191  4.670
 90    71.269 55375.81264249 29.15 235.482556  64.270071  4.670
 91    72.462 55410.81266300 33.48 235.498360  64.277889  6.373
 91    71.213 55410.81266364 36.13 235.495530  64.274769  6.373
 92    72.771 55445.81265617 33.59 235.493359  64.279575 11.840
 92    72.823 55445.81265682 33.18 235.490529  64.276455 11.840
 92    73.092 55445.81265746 35.56 235.487699  64.273335 11.840
 92    66.293 55445.81265811 39.69 235.484859  64.270215 11.840
 93    70.150 55480.81258919 24.56 235.484379  64.284896 10.994
 93    70.204 55480.81258984 25.32 235.481549  64.281776 10.994
 93    68.817 55480.81259048 28.76 235.478719  64.278666 10.994
 93    68.317 55480.81259113 28.64 235.475889  64.275546 10.994
