# NaN NaN NaN ;Mean Elev.(m), Avg Gradient(m/km), RMS Gradient(m/km) - SRTM1     
#   17.030  -3.646   9.358 ;Mean Elev.(m), Avg Gradient(m/km), RMS Gradient(m/km) - ASTER GDEM
#   44.141  -3.455  10.346 ;Mean Elev.(m), Avg Gradient(m/km), RMS Gradient(m/km) - GMTED2010 
  7    32.317 52452.22078436 49.66 231.246309  65.663293 29.394
  7    32.435 52452.22078500 50.99 231.243189  65.666383 29.394
  7    32.336 52452.22078565 52.22 231.240069  65.669483 29.394
  8    35.723 52487.22076359 26.32 231.267840  65.654530 16.364
  8    33.047 52487.22076682 30.07 231.252249  65.670004  5.704
  9    34.386 52522.22073378 34.31 231.272502  65.653448 20.661
  9    33.739 52522.22073442 27.80 231.269392  65.656548 20.661
  9    33.274 52522.22073507 23.39 231.266272  65.659638 20.661
  9    32.802 52522.22073571 21.38 231.263162  65.662738 20.661
  9    32.701 52522.22073636 19.39 231.260042  65.665828 20.661
  9    33.050 52522.22073700 24.78 231.256928  65.668922  3.768
 11    32.625 52592.22078158 33.30 231.253600  65.660237 11.392
 11    32.452 52592.22078222 33.10 231.250480  65.663337 11.392
 11    32.830 52592.22078287 35.12 231.247370  65.666427 11.392
 11    32.787 52592.22078351 36.28 231.244250  65.669527 11.392
 13    50.567 52662.22074450 16.27 231.257671  65.659119  4.263
 13    49.258 52662.22074515 16.23 231.254563  65.662211  3.107
 13    59.164 52662.22074579 15.43 231.251443  65.665311  3.107
 13    60.647 52662.22074644 15.11 231.248323  65.668401  3.107
 13    61.299 52662.22074708 14.67 231.245203  65.671501  3.107
 14    51.319 52697.22072311 11.29 231.239319  65.664364  6.731
 14    51.159 52697.22072375 11.49 231.236197  65.667458  4.323
 14    49.766 52697.22072440 10.97 231.233077  65.670548  4.323
 15    49.086 52732.22074300  9.46 231.274908  65.651715  3.195
 15    54.309 52732.22074364  7.13 231.271788  65.654805  3.195
 15    48.256 52732.22074429  8.62 231.268678  65.657905  3.195
 15    57.413 52732.22074493  9.21 231.265558  65.660995  3.195
 15    49.286 52732.22074558  9.76 231.262444  65.664087  3.378
 15    48.504 52732.22074622  9.03 231.259324  65.667187  3.378
 15    62.571 52732.22074687  8.30 231.256204  65.670277  3.378
 17    32.927 52802.22076411 48.43 231.239543  65.662426 28.198
 17    32.858 52802.22076475 41.27 231.236423  65.665526 28.198
 17    32.750 52802.22076540 51.04 231.233303  65.668616 28.198
 17    32.603 52802.22076604 50.89 231.230183  65.671716 28.198
 18    32.095 52837.22082886 41.34 231.248521  65.661039 18.274
 18    32.543 52837.22082950 41.14 231.245401  65.664139 18.274
 18    32.385 52837.22083015 44.39 231.242281  65.667229 18.274
 18    32.414 52837.22083079 38.83 231.239161  65.670329 18.274
 19    31.672 52872.22087019 51.39 231.248151  65.666669 21.990
 19    31.644 52872.22087084 49.41 231.245031  65.669759 21.990
 20    32.280 52907.22085724 27.75 231.270375  65.653917 21.362
 20    31.900 52907.22085788 20.34 231.267265  65.657017 21.362
 20    30.974 52907.22086046 14.41 231.254795  65.669397 21.362
 21    33.898 52942.22078800 41.27 231.244693  65.662282 18.225
 21    33.861 52942.22078864 41.99 231.241573  65.665372 18.225
 21    32.917 52942.22078929 42.77 231.238453  65.668472 18.225
 21    32.926 52942.22078993 40.66 231.235335  65.671565 23.787
 23    50.215 53012.22084376  9.83 231.252482  65.665014  7.318
 23    51.267 53012.22084441 10.00 231.249362  65.668104  7.318
 24    58.855 53047.22081092 10.40 231.241371  65.663774  7.975
 24    60.014 53047.22081157  9.95 231.238251  65.666864  7.975
 24    60.519 53047.22081221 11.26 231.235131  65.669954  7.975
 25    59.583 53082.22084581  9.21 231.248586  65.665802  5.445
 25    61.107 53082.22084645  8.67 231.245466  65.668892  5.445
 26    58.609 53117.22081634  5.86 231.237853  65.664379  7.792
 26    60.405 53117.22081698  5.99 231.234733  65.667469  7.792
 26    59.454 53117.22081763  7.31 231.231613  65.670569  7.792
 28    33.549 53187.22085022 26.73 231.265211  65.656222 16.620
 28    34.298 53187.22085086 24.15 231.262092  65.659315 11.759
 29    36.536 53222.22087253 22.75 231.268310  65.654969 20.948
 29    33.038 53222.22087317 19.22 231.265190  65.658069 20.948
 29    32.870 53222.22087382 19.23 231.262070  65.661159 20.948
 29    33.274 53222.22087446 14.91 231.258960  65.664259 20.948
 29    32.587 53222.22087511 13.67 231.255840  65.667349 20.948
 29    31.648 53222.22087575 13.24 231.252724  65.670442  9.371
 31    51.743 53292.22086859 13.84 231.232917  65.664608 14.623
 31    50.572 53292.22086923 13.23 231.229797  65.667708 14.623
 31    49.690 53292.22086988 13.30 231.226667  65.670798 14.623
 32    33.912 53327.22083970 22.19 231.268404  65.653483 12.650
 32    34.147 53327.22084034 22.10 231.265294  65.656573 12.650
 32    33.635 53327.22084099 22.45 231.262174  65.659673 12.650
 32    33.838 53327.22084163 21.58 231.259054  65.662763 12.650
 32    33.506 53327.22084228 20.41 231.255944  65.665863 12.650
 35    35.401 53432.22080728 10.31 231.277580  65.651522  4.408
 35    53.073 53432.22080793  7.73 231.274460  65.654622  4.408
 35    57.266 53432.22080857  8.00 231.271350  65.657712  4.408
 35    58.388 53432.22080922  7.41 231.268230  65.660812  4.408
 35    60.573 53432.22080986  7.53 231.265120  65.663902  4.408
 35    61.975 53432.22081051  7.07 231.262000  65.667002  4.408
 35    63.425 53432.22081115  7.28 231.258880  65.670092  4.408
 36    58.919 53467.22084659  7.58 231.235292  65.668987  4.645
 36    60.880 53467.22084724  8.00 231.232162  65.672087  4.645
 38    33.273 53537.22088917 49.35 231.262616  65.656855 28.703
 38    33.160 53537.22088982 50.09 231.259506  65.659945 28.703
 38    33.097 53537.22089046 47.64 231.256386  65.663045 28.703
 38    33.147 53537.22089111 51.51 231.253266  65.666135 28.703
 38    33.075 53537.22089175 50.67 231.250146  65.669235 28.703
 39    31.784 53572.22089586 14.45 231.248026  65.667938 12.706
 39    31.459 53572.22089650 12.86 231.244906  65.671038 12.706
 40    34.027 53607.22084070 29.28 231.280442  65.651018 14.075
 40    31.232 53607.22084263 22.82 231.271102  65.660298 14.075
 40    31.161 53607.22084327 18.04 231.267982  65.663398 14.075
 40    30.775 53607.22084392 17.21 231.264872  65.666488 14.075
 40    30.222 53607.22084456 17.19 231.261752  65.669588 14.075
 41    31.826 53642.22084463 22.62 231.239750  65.662586 18.338
 41    31.762 53642.22084527 19.09 231.236630  65.665676 18.338
 41    31.548 53642.22084591 15.35 231.233510  65.668776 18.338
 41    31.094 53642.22084656 15.94 231.230390  65.671866 18.338
 42    31.298 53677.22086305 47.68 231.250479  65.661641 17.724
 42    31.251 53677.22086370 45.32 231.247359  65.664741 17.724
 42    31.260 53677.22086434 44.77 231.244239  65.667831 17.724
 42    31.404 53677.22086499 44.11 231.241119  65.670931 17.724
 43    65.461 53712.22078889  7.29 231.283531  65.648938  5.158
 43    53.453 53712.22078954  7.72 231.280421  65.652028  5.158
 43    55.956 53712.22079018  7.73 231.277301  65.655128  5.158
 43    57.598 53712.22079083  8.33 231.274191  65.658218  5.158
 43    32.313 53712.22079212 16.79 231.267961  65.664408  5.158
 43    32.470 53712.22079276 15.91 231.264841  65.667508  5.158
 43    32.654 53712.22079341 13.98 231.261721  65.670598  5.158
 44    50.637 53747.22070494 12.86 231.239124  65.664052  5.736
 44    50.820 53747.22070558 13.49 231.236004  65.667152  5.736
 45    50.877 53782.22073324 13.39 231.269173  65.653629  6.896
 45    49.597 53782.22073388 12.90 231.266053  65.656729  6.896
 45    50.329 53782.22073452 12.71 231.262943  65.659819  6.896
 45    50.024 53782.22073517 11.23 231.259823  65.662919  6.896
 45    50.237 53782.22073581 11.21 231.256703  65.666009  6.896
 45    61.984 53782.22073646 11.14 231.253593  65.669109  6.896
 46    37.269 53817.22069707 13.76 231.291931  65.646985  5.531
 46    36.559 53817.22069772 12.84 231.288821  65.650085  5.531
 46    35.601 53817.22069836 13.44 231.285701  65.653175  5.531
 46    47.166 53817.22069901 13.04 231.282591  65.656275  5.531
 46    34.209 53817.22069965 13.02 231.279481  65.659365  5.531
 46    47.752 53817.22070030 12.55 231.276361  65.662465  5.531
 46    47.397 53817.22070094 11.41 231.273251  65.665555  5.531
 46    46.855 53817.22070159 11.76 231.270131  65.668655  5.531
 47    32.120 53852.22077418 16.93 231.238575  65.664382 10.083
 47    32.220 53852.22077483 18.95 231.235455  65.667472 10.083
 47    32.361 53852.22077547 21.47 231.232335  65.670572 10.083
 48    35.261 53887.22077752 37.84 231.268654  65.655049 24.237
 48    35.135 53887.22077816 36.67 231.265534  65.658149 24.237
 49    31.001 53922.22085181 19.42 231.239898  65.665480 13.332
 49    32.174 53922.22085245 13.86 231.236778  65.668580 13.332
 49    31.941 53922.22085310 13.62 231.233658  65.671670 13.332
 51    31.636 53992.22076960 49.34 231.236735  65.663222 25.044
 51    31.719 53992.22077025 51.93 231.233615  65.666312 25.044
 51    31.525 53992.22077089 53.19 231.230485  65.669412 25.044
 51    31.761 53992.22077154 46.49 231.227370  65.672503 27.687
 52    31.065 54027.22083263 43.65 231.244736  65.662007 16.412
 52    31.344 54027.22083327 27.02 231.241616  65.665107 16.412
 52    30.511 54027.22083392 24.13 231.238496  65.668197 16.412
 52    30.258 54027.22083456 20.58 231.235376  65.671297 16.412
 55    50.201 54132.22074876 12.05 231.240323  65.663911  7.635
 55    49.108 54132.22074941 12.55 231.237203  65.667001  7.635
 55    31.492 54132.22075005 15.44 231.234083  65.670101  7.635
 56    34.935 54167.22076772 13.27 231.269788  65.653350 14.121
 56    33.410 54167.22076837 13.14 231.266668  65.656440 14.121
 56    48.866 54167.22076901 11.74 231.263558  65.659530 14.121
 56    48.660 54167.22076966 11.67 231.260438  65.662630 14.121
 56    49.142 54167.22077030 11.38 231.257318  65.665720 14.121
 56    47.229 54167.22077094 12.16 231.254208  65.668820 14.121
 57    30.887 54202.22075188 10.75 231.243233  65.663032 11.703
 57    30.476 54202.22075253 12.36 231.240113  65.666122 11.703
 57    29.796 54202.22075317 14.36 231.236993  65.669212 11.703
 57    25.469 54202.22075382 15.08 231.233873  65.672312 11.703
 58    35.685 54237.22078669 27.89 231.255703  65.659357 17.891
 58    35.334 54237.22078927 44.13 231.243223  65.671727 17.891
 59    31.914 54272.22080553 24.01 231.262584  65.656851 14.736
 59    32.313 54272.22080617 25.68 231.259464  65.659941 14.736
 59    32.644 54272.22080682 28.11 231.256354  65.663041 14.736
 59    32.921 54272.22080746 33.81 231.253234  65.666131 14.736
 59    32.804 54272.22080811 41.66 231.250114  65.669231 14.736
 60    33.724 54307.22080822 29.02 231.257173  65.658898 17.594
 60    32.688 54307.22080886 31.99 231.254063  65.661988 17.594
 60    33.052 54307.22080951 36.79 231.250943  65.665078 17.594
 60    32.985 54307.22081015 47.84 231.247823  65.668178 17.594
 60    32.954 54307.22081080 48.18 231.244703  65.671268 17.594
 61    32.103 54342.22078638 34.45 231.276520  65.651122  7.026
 61    31.886 54342.22078702 27.76 231.273410  65.654222  7.026
 61    31.772 54342.22078767 24.73 231.270290  65.657312  7.026
 61    31.532 54342.22078831 20.30 231.267180  65.660402  7.026
 61    31.393 54342.22078896 15.38 231.264060  65.663502  7.026
 61    31.221 54342.22078960 14.19 231.260940  65.666592  7.026
 61    31.134 54342.22079025 13.43 231.257830  65.669692  7.026
 62    36.975 54377.22074512 18.04 231.243670  65.667221 12.744
 62    35.152 54377.22074577 16.79 231.240550  65.670311 12.744
 63    31.808 54412.22073657 44.98 231.254184  65.664941 17.218
 63    32.254 54412.22073721 45.43 231.251064  65.668041 17.218
 63    31.319 54412.22073786 45.65 231.247944  65.671131 17.218
 64    57.259 54447.22070958 11.10 231.242113  65.663055  8.161
 64    58.044 54447.22071023 11.55 231.238993  65.666155  8.161
 64    60.901 54447.22071087 12.18 231.235873  65.669245  8.161
 64    48.034 54447.22071152 12.33 231.232753  65.672345  8.161
 66    52.009 54517.22072345  9.84 231.244466  65.663026  4.987
 66    52.880 54517.22072410  9.43 231.241346  65.666116  4.987
 66    49.835 54517.22072474  9.62 231.238226  65.669216  4.987
 67    50.158 54552.22073930 10.43 231.270955  65.654272  7.239
 67    50.822 54552.22073994 10.14 231.267845  65.657362  7.239
 67    50.707 54552.22074058  9.13 231.264725  65.660458  3.655
 67    49.612 54552.22074123  8.99 231.261605  65.663558  3.655
 67    50.336 54552.22074187  8.50 231.258495  65.666648  3.655
 67    48.123 54552.22074252  8.29 231.255375  65.669748  3.655
 68    58.539 54587.22071882  4.37 231.252211  65.661320 10.949
 68    59.814 54587.22071946  5.06 231.249101  65.664420 10.949
 68    61.379 54587.22072011  4.21 231.245981  65.667510 10.949
 68    62.349 54587.22072075  4.87 231.242861  65.670610 10.949
 69    33.335 54622.22073620 48.68 231.260492  65.657372 21.840
 69    33.032 54622.22073685 49.19 231.257372  65.660472 21.840
 69    33.141 54622.22073749 48.72 231.254252  65.663562 21.840
 69    32.974 54622.22073813 51.53 231.251132  65.666662 21.840
 69    33.505 54622.22073878 48.87 231.248012  65.669752 21.840
 70    37.369 54657.22074587 13.97 231.258187  65.657771  5.048
 70    37.671 54657.22074651 12.72 231.255067  65.660871  5.048
 70    49.184 54657.22074780 13.03 231.248827  65.667061  5.048
 70    32.245 54657.22074845 13.31 231.245717  65.670151  5.048
 71    35.282 54692.22072821 23.48 231.268036  65.654035 21.949
 71    32.957 54692.22072886 20.74 231.264916  65.657135 21.949
 71    32.636 54692.22072950 17.70 231.261806  65.660225 21.949
 71    32.646 54692.22073015 13.92 231.258682  65.663320  8.300
 71    32.489 54692.22073079 13.64 231.255572  65.666420  8.300
 71    31.995 54692.22073144 12.97 231.252452  65.669510  8.300
 72    33.885 54727.22069919 46.86 231.248549  65.660551 27.499
 72    33.751 54727.22069983 45.64 231.245424  65.663650 23.958
 72    31.329 54727.22070048 52.74 231.242304  65.666740 23.958
 72    31.340 54727.22070112 51.56 231.239184  65.669830 23.958
 74    32.128 54797.22069331 28.24 231.238262  65.664491 14.211
 74    32.014 54797.22069395 27.52 231.235142  65.667591 14.211
 74    32.084 54797.22069460 23.59 231.232022  65.670681 14.211
 75    34.029 54832.22069545 16.75 231.261904  65.655979  8.728
 75    33.317 54832.22069610 16.50 231.258784  65.659079  8.728
 75    33.234 54832.22069674 15.56 231.255664  65.662169  8.728
 75    33.986 54832.22069739 15.23 231.252554  65.665269  8.728
 75    33.683 54832.22069803 15.98 231.249434  65.668359  8.728
 75    33.410 54832.22069868 15.16 231.246314  65.671459  8.728
 76    55.398 54867.22068829 11.02 231.244854  65.661435  5.484
 76    33.138 54867.22068893 12.30 231.241734  65.664525  5.484
 76    48.047 54867.22068958 11.47 231.238614  65.667625  5.484
 76    33.526 54867.22069022 11.40 231.235494  65.670715  5.484
 77    35.902 54902.22070491 11.90 231.268705  65.653922  8.446
 77    37.169 54902.22070556 11.16 231.265595  65.657012  8.446
 77    36.618 54902.22070620 10.85 231.262475  65.660107  4.799
 77    48.783 54902.22070685 10.33 231.259365  65.663207  4.799
 77    35.521 54902.22070749 10.83 231.256245  65.666297  4.799
 77    47.017 54902.22070814  9.99 231.253125  65.669397  4.799
 78    49.283 54937.22067832  9.79 231.249602  65.661896  4.933
 78    48.356 54937.22067897  9.42 231.246482  65.664986  4.933
 78    49.370 54937.22067961  8.80 231.243362  65.668076  4.933
 78    46.798 54937.22068026  9.14 231.240242  65.671176  4.933
 79    41.637 54972.22071219 27.97 231.247167  65.667202 12.623
 79    41.530 54972.22071284 26.73 231.244037  65.670292 12.623
 80    34.594 55007.22072724 42.65 231.260860  65.656757 22.985
 80    34.238 55007.22072788 40.76 231.257745  65.659852 16.293
 80    32.644 55007.22072853 34.43 231.254625  65.662952 16.293
 80    32.839 55007.22072917 44.98 231.251505  65.666042 16.293
 80    32.746 55007.22072982 51.50 231.248395  65.669142 16.293
 81    31.557 55042.22071830 14.09 231.249630  65.667726  5.548
 81    31.665 55042.22071894 12.08 231.246510  65.670816  5.548
 82    31.500 55077.22069696 20.26 231.260803  65.663791  3.693
 82    31.575 55077.22069761 18.15 231.257683  65.666891  3.693
 82    31.775 55077.22069825 15.67 231.254573  65.669981  3.693
 83    52.021 55112.22064952 13.06 231.249948  65.661195  9.834
 83    30.903 55112.22065081 23.37 231.243708  65.667385  9.834
 83    30.754 55112.22065145 17.70 231.240588  65.670475  9.834
 84    30.552 55147.22065044 27.94 231.257430  65.659441 10.156
 84    30.550 55147.22065108 30.70 231.254310  65.662531 10.156
 84    30.753 55147.22065173 38.25 231.251190  65.665631 10.156
 84    30.747 55147.22065237 36.03 231.248070  65.668721 10.156
 85    50.496 55182.22063008 14.98 231.240656  65.663917  5.721
 85    49.941 55182.22063072 15.14 231.237536  65.667007  5.721
 85    34.477 55182.22063137 15.40 231.234416  65.670107  5.721
 86    36.877 55217.22064521 13.80 231.265581  65.654736  9.526
 86    50.252 55217.22064585 12.92 231.262461  65.657836  9.526
 86    49.014 55217.22064714 13.12 231.256231  65.664026  9.526
 86    43.841 55217.22064778 12.80 231.253111  65.667116  9.526
 86    47.151 55217.22064843 12.68 231.249991  65.670206  9.526
 87    50.050 55252.22062648 11.12 231.244276  65.665435  9.291
 87    48.397 55252.22062712 11.81 231.241156  65.668535  9.291
 87    47.065 55252.22062777 13.05 231.238036  65.671625  9.291
 88    49.517 55287.22063688 10.95 231.272683  65.652075  4.042
 88    49.961 55287.22063752 10.49 231.269573  65.655175  4.042
 88    50.064 55287.22063816  9.98 231.266463  65.658265  4.042
 88    50.268 55287.22063881  9.73 231.263340  65.661362  6.554
 88    49.902 55287.22063945  9.75 231.260230  65.664462  6.554
 88    49.002 55287.22064010 10.09 231.257110  65.667552  6.554
 88    48.311 55287.22064074 10.11 231.253990  65.670652  6.554
 90    33.936 55357.22061284 22.12 231.261937  65.656161 23.286
 90    32.004 55357.22061542 11.22 231.249473  65.668546  4.928
 90    35.129 55357.22061606  9.95 231.246353  65.671636  4.928
 91    31.478 55392.22061671 17.82 231.245992  65.663932 10.247
 91    31.895 55392.22061735 11.76 231.242872  65.667022 10.247
 91    31.683 55392.22061800 11.63 231.239752  65.670122 10.247
 92    31.934 55427.22062980 47.99 231.258613  65.658629 29.382
 92    31.936 55427.22063044 42.12 231.255500  65.661723 20.103
 92    31.814 55427.22063109 49.43 231.252380  65.664823 20.103
 92    31.812 55427.22063173 50.76 231.249260  65.667913 20.103
 92    31.681 55427.22063238 49.81 231.246140  65.671013 20.103
 93    31.809 55462.22059342 48.05 231.277350  65.651534 22.361
 93    31.800 55462.22059407 48.75 231.274230  65.654634 22.361
 93    31.963 55462.22059471 41.22 231.271120  65.657724 22.361
 93    31.598 55462.22059536 31.35 231.268000  65.660824 22.361
 93    31.529 55462.22059600 29.57 231.264890  65.663914 22.361
 93    31.579 55462.22059664 31.85 231.261764  65.667010 10.031
 93    31.481 55462.22059729 45.35 231.258654  65.670110 10.031
