# NaN NaN NaN ;Mean Elev.(m), Avg Gradient(m/km), RMS Gradient(m/km) - SRTM1     
#    8.172  -2.928   8.146 ;Mean Elev.(m), Avg Gradient(m/km), RMS Gradient(m/km) - ASTER GDEM
#   19.011  -2.789   8.714 ;Mean Elev.(m), Avg Gradient(m/km), RMS Gradient(m/km) - GMTED2010 
  7 229.743718  67.072879   102.049    95.179 10 52452.22107930 11.555
  8 229.756144  67.073445    15.097    15.167 16 52487.22106047 34.235
  9 229.757851  67.075478    71.855    71.878 16 52522.22103130  7.225
 11 229.754988  67.066765    12.727    12.709 16 52592.22107587 43.968
 12 229.752550  67.065412    13.423    13.445 16 52627.22099280 30.843
 13 229.755671  67.068725    67.534    68.017 16 52662.22103944 11.336
 14 229.754562  67.056893    62.602    62.716 15 52697.22101450 11.991
 15 229.758223  67.075194    47.360    43.720 17 52732.22104084 12.587
 16 229.757934  67.076639    73.769    73.890 17 52767.22105015 10.580
 17 229.755053  67.054976    72.430    71.981 15 52802.22105550  6.097
 18 229.752470  67.064401    74.362    73.110 16 52837.22112251  7.224
 19 229.755315  67.066957    13.267    13.031 16 52872.22116320 26.157
 20 229.757045  67.074367    12.590    12.447 17 52907.22115443 23.496
 21 229.755030  67.059447    11.919    11.920 16 52942.22108036 48.711
 23 229.755212  67.069985    71.058    72.519 15 53012.22113774  7.830
 24 229.755333  67.057896    66.047    64.322 16 53047.22110264  7.923
 25 229.754683  67.067697    69.855    70.228 17 53082.22113914  6.792
 26 229.755262  67.055426    73.116    72.250 14 53117.22110741  5.492
 27 229.755260  67.061302    79.263    80.757 16 53152.22115759 12.451
 28 229.756287  67.071976    71.873    72.152 16 53187.22114645  7.118
 29 229.756614  67.073870    12.844    12.851 16 53222.22116940 48.838
 30 229.756979  67.075260    11.815    11.817 16 53257.22114567 52.053
 31 229.755377  67.051038    11.803    11.807 17 53292.22115869 49.804
 32 229.756711  67.072348    12.285    12.325 16 53327.22113657 30.740
 35 229.757937  67.078153    72.696    72.951 17 53432.22110577  5.404
 36 229.753805  67.058423    73.738    72.789 15 53467.22113734  3.930
 37 229.753486  67.065666    82.863    81.497 16 53502.22119158 12.469
 38 229.755719  67.071141    16.090    15.984 15 53537.22118508 38.367
 39 229.755595  67.068312    71.576    71.760 16 53572.22118886  9.757
 40 229.759486  67.079256    13.263    13.261 18 53607.22113950 51.781
 41 229.757182  67.053627    70.046    71.259 14 53642.22113570  6.485
 42 229.755062  67.065080    47.488    47.839 16 53677.22115670 35.553
 43 229.759149  67.080211    12.427    12.414 18 53712.22108834 27.101
 44 229.754351  67.056550    12.180    12.208 15 53747.22099633 23.836
 45 229.757435  67.072492    71.685    72.099 16 53782.22103011  4.701
 46 229.761301  67.084507    72.653    72.655 20 53817.22099782  5.188
 48 229.756489  67.073871    76.841    76.562 16 53887.22107439 10.844
 49 229.754218  67.059715    72.334    72.644 16 53922.22114352  4.986
 50 229.754641  67.066293    73.601    73.234 16 53957.22113949  6.182
 51 229.755294  67.052654    13.016    13.006 15 53992.22106035 48.439
 52 229.755361  67.059220    76.002    76.679 16 54027.22112499 10.098
 53 229.758023  67.072711    71.871    71.843 16 54062.22112076 13.366
 55 229.755809  67.056479    11.405    11.342 15 54132.22104016 21.895
 56 229.756736  67.073801    70.218    70.620 17 54167.22106492  8.826
 57 229.755608  67.058660    71.596    72.129 15 54202.22104392  6.440
 58 229.753343  67.068952    18.903    18.916 16 54237.22108163 35.700
 59 229.755613  67.071131    16.369    15.691 15 54272.22110144 24.475
 60 229.754993  67.068485    15.479    15.527 16 54307.22110316 40.209
 61 229.756896  67.077768    13.174    13.189 17 54342.22108486 32.370
 62 229.754086  67.064426    74.495    73.233 16 54377.22103748  7.745
 63 229.755060  67.071444    15.906    15.913 16 54412.22103087 36.254
 64 229.754345  67.058697    12.887    12.739 15 54447.22100163 21.945
 66 229.755078  67.060189    65.723    64.198 16 54517.22101582  6.794
 67 229.757857  67.074734    68.797    68.302 17 54552.22103649  7.547
 69 229.755165  67.070092    15.781    15.822 16 54622.22103178 48.316
 70 229.756262  67.067396    32.877    36.843 16 54657.22104081 13.451
 71 229.756430  67.072961    12.934    12.949 16 54692.22102509 25.411
 72 229.752577  67.063942    14.399    12.724 16 54727.22099284 23.855
 73 229.753912  67.070690    11.983    11.999 16 54762.22100180 36.377
 74 229.755459  67.055468    13.623    13.626 14 54797.22098438 25.241
 75 229.756758  67.068700    70.494    69.779 16 54832.22099104 10.231
 76 229.753833  67.060154    68.030    64.670 15 54867.22098097  8.616
 77 229.757362  67.072806    70.200    70.619 16 54902.22100179  7.348
 78 229.753689  67.065284    69.955    70.184 16 54937.22097197  4.359
 79 229.754316  67.067546    77.031    76.995 16 54972.22100520 13.349
 80 229.755711  67.069478    73.673    73.703 16 55007.22102282  6.295
 81 229.755196  67.069589    14.200    14.168 15 55042.22101163 48.545
 82 229.756927  67.075000    14.013    14.023 17 55077.22099222 52.077
 83 229.748931  67.069169    76.732    76.622 15 55112.22094413  9.662
 84 229.755415  67.069014    13.819    13.833 16 55147.22094538 33.412
 85 229.756217  67.056478    12.976    12.984 15 55182.22092147 22.194
 86 229.755576  67.072080    71.855    72.513 15 55217.22094176 12.001
 87 229.754753  67.062577    71.911    73.207 16 55252.22091884 10.260
 88 229.758140  67.074104    71.428    71.978 16 55287.22093439  7.943
 89 229.756431  67.067294    78.769    78.429 16 55322.22090879 10.028
 90 229.756822  67.068891    13.906    13.906 16 55357.22090842 46.519
 91 229.753303  67.064215    74.928    73.854 16 55392.22090971  6.154
 92 229.756505  67.068262    13.648    13.653 16 55427.22092474 43.007
 93 229.757718  67.078199    12.912    12.971 17 55462.22089191 42.102
