# NaN NaN NaN ;Mean Elev.(m), Avg Gradient(m/km), RMS Gradient(m/km) - SRTM1     
#  104.167  -2.893  12.927 ;Mean Elev.(m), Avg Gradient(m/km), RMS Gradient(m/km) - ASTER GDEM
#  121.086  -2.985   5.782 ;Mean Elev.(m), Avg Gradient(m/km), RMS Gradient(m/km) - GMTED2010 
  8   158.156 52496.80127040  8.68 237.936119  62.064954  3.844
  8   156.419 52496.80127105  8.43 237.933649  62.061804  3.844
  8   152.759 52496.80127169  9.69 237.931189  62.058654  3.844
  8   148.496 52496.80127234 11.40 237.928719  62.055514  3.844
  8   126.996 52496.80127298 13.26 237.926259  62.052364  3.844
  9   110.727 52531.80125712 44.71 237.947527  62.062042 21.097
  9   110.588 52531.80125776 46.26 237.945057  62.058902 21.097
  9   110.641 52531.80125840 43.88 237.942587  62.055752 21.097
  9   110.619 52531.80125905 46.36 237.940127  62.052602 21.097
 10   155.422 52566.80127929 11.88 237.948020  62.064094  6.070
 10   147.177 52566.80127994 12.93 237.945550  62.060944  6.070
 10   145.709 52566.80128058 12.30 237.943080  62.057794  6.070
 10   145.319 52566.80128123 11.95 237.940620  62.054644  6.070
 10   123.416 52566.80128187 13.40 237.938150  62.051504  6.070
 11   109.218 52601.80128798 46.75 237.928921  62.067805 16.954
 11   108.661 52601.80128862 46.01 237.926451  62.064655 16.954
 11   109.743 52601.80128926 43.82 237.923989  62.061503 10.784
 11   110.057 52601.80128991 37.80 237.921519  62.058363 10.784
 11   108.060 52601.80129055 41.45 237.919059  62.055213 10.784
 12   111.231 52636.80125468 22.62 237.942274  62.062640  7.744
 12   111.646 52636.80125533 26.78 237.939804  62.059490  7.744
 12   111.701 52636.80125597 27.47 237.937344  62.056350  7.744
 12   111.554 52636.80125661 29.16 237.934874  62.053200  7.744
 12   111.631 52636.80125726 26.49 237.932404  62.050050  7.744
 13   111.169 52671.80125926 20.19 237.931342  62.062325  5.609
 13   111.082 52671.80125990 22.13 237.928882  62.059185  5.609
 13   111.291 52671.80126055 21.29 237.926412  62.056035  5.609
 13   111.271 52671.80126119 20.38 237.923952  62.052885  5.609
 14   146.995 52706.80125831  9.82 237.944613  62.063179  5.409
 14   146.604 52706.80125895  6.88 237.942143  62.060029  5.409
 14   122.006 52706.80125960  9.99 237.939673  62.056889  5.409
 14   143.289 52706.80126024  5.73 237.937213  62.053739  5.409
 14   141.161 52706.80126089  5.27 237.934743  62.050589  5.409
 15   149.097 52741.80129022  6.87 237.932304  62.067763  4.081
 15   150.624 52741.80129086  2.54 237.929844  62.064623  4.081
 15   148.734 52741.80129151  2.02 237.927374  62.061473  4.081
 15   151.107 52741.80129215  0.15 237.924904  62.058323  4.081
 16   112.596 52776.80123436 39.80 237.924166  62.060194 14.126
 16   112.443 52776.80123501 49.15 237.921706  62.057044 14.126
 16   112.284 52776.80123565 49.79 237.919236  62.053894 14.126
 17   112.709 52811.80131140 47.25 237.944148  62.063562 10.247
 17   111.690 52811.80131204 50.76 237.941688  62.060412 10.247
 17   112.788 52811.80131268 49.12 237.939218  62.057272 10.247
 17   112.764 52811.80131333 48.70 237.936748  62.054122 10.247
 17   111.853 52811.80131397 47.50 237.934288  62.050972 10.247
 18   147.131 52846.80136622 12.62 237.945656  62.063731 18.459
 18   120.701 52846.80136687 13.15 237.943186  62.060581 18.459
 18   121.100 52846.80136751 13.54 237.940714  62.057433  4.894
 18   123.592 52846.80136816 12.67 237.938254  62.054293  4.894
 18   126.202 52846.80136880 13.00 237.935784  62.051143  4.894
 21   110.107 52951.80132146 40.85 237.953112  62.061529  8.495
 21   110.175 52951.80132211 43.34 237.950652  62.058379  8.495
 21   110.625 52951.80132275 45.56 237.948182  62.055239  8.495
 21   110.545 52951.80132340 45.57 237.945712  62.052089  8.495
 22   110.475 52986.80133858 24.75 237.943562  62.060755  5.424
 22   110.466 52986.80133923 23.12 237.941092  62.057615  5.424
 22   110.725 52986.80133987 22.27 237.938632  62.054465  5.424
 22   110.941 52986.80134052 21.30 237.936162  62.051315  5.424
 23   109.989 53021.80132881 18.77 237.929577  62.056618  5.065
 23   110.092 53021.80132945 17.47 237.927117  62.053468  5.065
 24   147.707 53056.80131806  5.46 237.947274  62.062067  4.464
 24   155.957 53056.80131870  1.29 237.944810  62.058920  4.065
 24   153.568 53056.80131934  1.28 237.942340  62.055770  4.065
 24   151.048 53056.80131999  3.42 237.939880  62.052630  4.065
 25   157.907 53091.80135487  4.06 237.925064  62.071218  5.948
 25   156.644 53091.80135552  3.48 237.922594  62.068068  5.948
 25   155.284 53091.80135616  2.97 237.920131  62.064916  4.139
 25   149.539 53091.80135681  2.78 237.917671  62.061776  4.139
 25   147.364 53091.80135745  3.10 237.915201  62.058626  4.139
 25   145.097 53091.80135810  1.74 237.912741  62.055476  4.139
 26   110.587 53126.80132695 24.03 237.944732  62.059729  6.602
 26   110.991 53126.80132759 19.72 237.942262  62.056579  6.602
 26   111.392 53126.80132824 21.31 237.939792  62.053439  6.602
 26   111.413 53126.80132888 29.23 237.937332  62.050289  6.602
 28   111.820 53196.80138759 40.49 237.941089  62.066337 17.873
 28   109.767 53196.80138824 45.83 237.938623  62.063188  8.157
 28   110.666 53196.80138888 41.56 237.936153  62.060048  8.157
 28   111.279 53196.80138952 34.01 237.933693  62.056898  8.157
 29   109.786 53231.80136901 49.10 237.939733  62.062942 20.993
 29   110.277 53231.80136965 51.45 237.937266  62.059790 10.932
 29   110.440 53231.80137030 48.80 237.934806  62.056650 10.932
 29   110.533 53231.80137094 47.26 237.932336  62.053500 10.932
 30   109.933 53266.80133838 41.74 237.921866  62.065388 23.818
 30   109.541 53266.80133903 49.86 237.919403  62.062242 11.574
 30   109.767 53266.80133967 49.63 237.916943  62.059092 11.574
 30   110.242 53266.80134032 45.76 237.914473  62.055942 11.574
 31   109.920 53301.80139028 46.01 237.937376  62.066433 15.129
 31   109.394 53301.80139092 49.30 237.934913  62.063287  9.791
 31   110.375 53301.80139157 44.69 237.932443  62.060137  9.791
 31   110.179 53301.80139221 48.91 237.929983  62.056997  9.791
 31   110.316 53301.80139285 45.92 237.927513  62.053847  9.791
 32   109.490 53336.80136085 41.64 237.935276  62.065599 12.724
 32   109.261 53336.80136149 44.13 237.932811  62.062449  9.465
 32   109.093 53336.80136214 39.84 237.930341  62.059309  9.465
 32   109.785 53336.80136278 31.87 237.927871  62.056159  9.465
 32   109.293 53336.80136343 44.73 237.925411  62.053009  9.465
 33   110.281 53371.80129650 16.58 237.929712  62.068879  9.662
 33   110.225 53371.80129714 15.03 237.927242  62.065729  9.662
 33   110.126 53371.80129778 16.49 237.924775  62.062574  4.249
 33   110.008 53371.80129843 15.82 237.922315  62.059434  4.249
 33   110.066 53371.80129907 14.83 237.919855  62.056284  4.249
 33   109.701 53371.80129972 14.37 237.917385  62.053134  4.249
 34   118.287 53406.80133340 11.03 237.944758  62.064714  5.650
 34   147.266 53406.80133405  5.50 237.942286  62.061567  3.950
 34   145.964 53406.80133469  4.59 237.939826  62.058427  3.950
 34   143.337 53406.80133534  3.61 237.937356  62.055277  3.950
 34   151.325 53406.80133598  2.90 237.934896  62.052127  3.950
 35   109.306 53441.80131937 15.01 237.927033  62.066896 10.012
 35   109.337 53441.80132001 14.31 237.924570  62.063751  3.614
 35   109.466 53441.80132066 12.80 237.922100  62.060601  3.614
 35   109.248 53441.80132130 13.21 237.919640  62.057451  3.614
 35   109.155 53441.80132194 11.70 237.917170  62.054301  3.614
 37   113.762 53511.80140205 42.34 237.934902  62.060772 22.497
 37   113.643 53511.80140269 49.60 237.932431  62.057619  7.888
 37   112.745 53511.80140334 52.33 237.929971  62.054479  7.888
 37   112.967 53511.80140398 43.08 237.927501  62.051329  7.888
 38   112.051 53546.80141999 30.32 237.924976  62.059591  8.278
 38   112.012 53546.80142063 30.63 237.922506  62.056441  8.278
 38   112.207 53546.80142128 29.25 237.920046  62.053291  8.278
 39   112.972 53581.80139036  9.46 237.932289  62.064733 23.425
 39   120.240 53581.80139101  9.98 237.929823  62.061581  8.379
 39   125.571 53581.80139165  8.32 237.927363  62.058441  8.379
 39   125.714 53581.80139230 10.78 237.924893  62.055291  8.379
 39   123.731 53581.80139294 14.91 237.922433  62.052141  8.379
 40   149.837 53616.80134520  5.28 237.924676  62.068184 16.330
 40   118.612 53616.80134585 11.33 237.922206  62.065034 16.330
 40   120.077 53616.80134649 11.55 237.919738  62.061889  4.323
 40   121.192 53616.80134714 11.13 237.917278  62.058739  4.323
 40   121.672 53616.80134778 13.96 237.914808  62.055589  4.323
 41   110.266 53651.80136238 34.92 237.939726  62.060329 10.510
 41   109.877 53651.80136302 29.09 237.937256  62.057189 10.510
 41   109.782 53651.80136366 24.58 237.934796  62.054039 10.510
 41   110.055 53651.80136431 18.78 237.932326  62.050889 10.510
 42   110.203 53686.80136637 47.26 237.933002  62.065864 13.851
 42   109.761 53686.80136701 45.64 237.930533  62.062715  9.423
 42   110.635 53686.80136766 45.27 237.928063  62.059565  9.423
 42   110.737 53686.80136830 45.32 237.925603  62.056425  9.423
 42   110.069 53686.80136895 43.68 237.923133  62.053275  9.423
 43   111.375 53721.80129182 14.98 237.930452  62.067312  7.652
 43   111.222 53721.80129246 16.67 237.927982  62.064162  7.652
 43   111.416 53721.80129311 17.40 237.925515  62.061007  4.033
 43   111.483 53721.80129375 16.75 237.923055  62.057867  4.033
 43   111.844 53721.80129440 14.72 237.920585  62.054717  4.033
 44   118.307 53756.80122334 12.35 237.951821  62.061594  3.073
 44   117.409 53756.80122399 14.23 237.949351  62.058444  3.073
 44   111.518 53756.80122463 13.06 237.946881  62.055304  3.073
 44   119.065 53756.80122528 11.72 237.944421  62.052154  3.073
 45   122.072 53791.80124861 11.30 237.939330  62.065708  7.519
 45   117.528 53791.80124926 11.35 237.936867  62.062557  2.987
 45   115.359 53791.80124990 11.55 237.934397  62.059417  2.987
 45   111.462 53791.80125055 11.96 237.931927  62.056267  2.987
 45   120.529 53791.80125119 10.79 237.929467  62.053117  2.987
 46   160.599 53826.80121236  1.14 237.952344  62.060708  3.438
 46   151.081 53826.80121301  0.40 237.949873  62.057561  2.848
 46   152.080 53826.80121365  0.29 237.947403  62.054411  2.848
 46   166.774 53826.80121430  1.61 237.944933  62.051271  2.848
 47   118.914 53861.80130092 25.47 237.938946  62.063503 18.320
 47   118.633 53861.80130156 26.59 237.936476  62.060353 18.320
 47   118.973 53861.80130221 27.95 237.934014  62.057204  4.949
 47   119.073 53861.80130285 26.52 237.931544  62.054064  4.949
 47   123.791 53861.80130350 25.03 237.929084  62.050914  4.949
 48   113.565 53896.80132177 46.58 237.940812  62.062913 11.052
 48   112.744 53896.80132242 51.68 237.938352  62.059773 11.052
 48   113.917 53896.80132306 47.16 237.935882  62.056623 11.052
 48   113.824 53896.80132371 44.76 237.933422  62.053473 11.052
 48   113.551 53896.80132435 33.99 237.930952  62.050323 11.052
 49   113.520 53931.80137106 46.44 237.928185  62.066974 23.755
 49   114.007 53931.80137171 43.08 237.925715  62.063824 23.755
 49   114.093 53931.80137235 45.13 237.923245  62.060674 23.755
 49   113.078 53931.80137299 46.54 237.920780  62.057521  6.986
 50   112.192 53966.80134655 47.76 237.927990  62.066451 19.497
 50   112.105 53966.80134719 44.28 237.925520  62.063301 19.497
 51   147.886 54001.80130966  9.11 237.953757  62.061800 11.670
 51   146.545 54001.80131030 13.45 237.951297  62.058650 11.670
 51   145.044 54001.80131095 13.55 237.948824  62.055503  5.094
 51   123.459 54001.80131159 14.83 237.946354  62.052353  5.094
 52   109.145 54036.80134876 45.65 237.944892  62.065249 15.301
 52   109.829 54036.80134941 49.13 237.942432  62.062099 15.301
 52   109.861 54036.80135005 49.74 237.939962  62.058949 15.301
 52   110.143 54036.80135069 48.23 237.937490  62.055800  7.988
 52   110.476 54036.80135134 47.28 237.935030  62.052650  7.988
 53   109.828 54071.80134539 11.86 237.930595  62.055594  3.142
 53   109.572 54071.80134604 11.50 237.928125  62.052454  3.142
 54   126.286 54106.80129348 12.21 237.926973  62.070333  8.719
 54   122.387 54106.80129412 12.65 237.924513  62.067183  8.719
 54   109.681 54106.80129476 12.84 237.922043  62.064033  8.719
 54   109.675 54106.80129541 12.74 237.919583  62.060893  8.719
 54   109.586 54106.80129605 11.73 237.917121  62.057746  3.017
 54   109.428 54106.80129670 11.92 237.914651  62.054596  3.017
 55   148.241 54141.80127748  4.32 237.942061  62.063179  4.573
 55   146.644 54141.80127813  4.22 237.939601  62.060029  4.573
 55   146.367 54141.80127877  2.14 237.937131  62.056880  3.754
 55   143.825 54141.80127942  2.98 237.934661  62.053740  3.754
 55   143.841 54141.80128006  3.26 237.932201  62.050590  3.754
 56   148.577 54176.80127586  3.12 237.930515  62.066631  4.042
 56   146.974 54176.80127651  3.28 237.928045  62.063481  4.042
 56   147.019 54176.80127715  2.75 237.925585  62.060331  4.042
 56   147.266 54176.80127779  0.48 237.923115  62.057181  4.042
 56   144.490 54176.80127844  1.03 237.920655  62.054041  4.042
 60   112.768 54316.80132228 40.92 237.937124  62.065354 16.348
 60   112.587 54316.80132292 46.40 237.934654  62.062204 16.348
 60   113.026 54316.80132357 46.87 237.932194  62.059054 16.348
 60   113.259 54316.80132421 45.49 237.929724  62.055904 16.348
 60   112.643 54316.80132486 46.19 237.927264  62.052764 16.348
 61   113.105 54351.80128877 36.43 237.931286  62.066781 22.818
 61   112.130 54351.80128941 43.97 237.928816  62.063631 22.818
 61   112.126 54351.80129006 41.06 237.926356  62.060481 22.818
 61   112.462 54351.80129070 42.76 237.923886  62.057331 22.818
 61   112.521 54351.80129135 39.81 237.921426  62.054191 22.818
 62   110.944 54386.80126143 47.52 237.942104  62.065711 12.770
 62   109.138 54386.80126207 54.61 237.939634  62.062561 12.770
 62   111.293 54386.80126272 47.49 237.937164  62.059411 12.770
 62   111.458 54386.80126336 46.64 237.934704  62.056271 12.770
 62   111.574 54386.80126400 45.98 237.932234  62.053121 12.770
 63   110.061 54421.80123856 42.78 237.932411  62.067132 13.823
 63   110.129 54421.80123920 45.62 237.929951  62.063982 13.823
 63   110.390 54421.80123984 45.76 237.927481  62.060832 13.823
 63   110.689 54421.80124049 45.08 237.925021  62.057692 13.823
 63   110.761 54421.80124113 45.07 237.922551  62.054542 13.823
 64   147.692 54456.80123526  5.89 237.946295  62.061660  4.175
 64   148.474 54456.80123590  3.55 237.943825  62.058510  4.175
 64   148.866 54456.80123655  4.06 237.941365  62.055370  4.175
 64   150.824 54456.80123719  3.51 237.938895  62.052220  4.175
 65   110.455 54491.80124054 18.67 237.934947  62.066643  7.431
 65   110.428 54491.80124118 19.18 237.932476  62.063492  4.397
 65   110.510 54491.80124183 18.11 237.930016  62.060352  4.397
 65   110.359 54491.80124247 17.94 237.927546  62.057202  4.397
 65   110.337 54491.80124312 16.91 237.925086  62.054052  4.397
 66   156.361 54526.80124790  3.85 237.943061  62.063125  3.056
 66   155.440 54526.80124854  2.67 237.940591  62.059975  3.056
 66   154.360 54526.80124919  1.10 237.938131  62.056825  3.056
 66   166.116 54526.80124983  1.13 237.935661  62.053675  3.056
 66   168.556 54526.80125048  1.05 237.933191  62.050535  3.056
 67   159.983 54561.80124833  1.88 237.932439  62.068770  1.853
 67   158.557 54561.80124897  1.33 237.929969  62.065630  1.853
 67   161.100 54561.80124961  0.37 237.927509  62.062480  1.853
 67   164.023 54561.80125026  0.12 237.925039  62.059330  1.853
 68   112.914 54596.80124468 49.35 237.932534  62.058139 12.902
 68   113.789 54596.80124532 46.04 237.930064  62.054989 12.902
 68   113.197 54596.80124597 42.86 237.927604  62.051839 12.902
 70   148.290 54666.80126280 10.41 237.936370  62.065740  5.312
 70   119.568 54666.80126345 12.22 237.933900  62.062590  5.312
 70   145.001 54666.80126409 11.70 237.931440  62.059440  5.312
 70   121.319 54666.80126474 11.79 237.928970  62.056290  5.312
 70   122.089 54666.80126538 14.08 237.926510  62.053140  5.312
 71   111.778 54701.80123017 21.70 237.932514  62.067541 13.044
 71   111.493 54701.80123081 21.86 237.930044  62.064401 13.044
 71   111.333 54701.80123146 18.46 237.927584  62.061251 13.044
 71   111.569 54701.80123210 17.94 237.925114  62.058101 13.044
 71   112.479 54701.80123275 22.82 237.922654  62.054951 13.044
 72   110.244 54736.80122358 44.23 237.943079  62.061795 15.547
 72   109.555 54736.80122422 45.65 237.940609  62.058645 15.547
 72   110.435 54736.80122487 42.88 237.938149  62.055495 15.547
 72   110.672 54736.80122551 46.96 237.935679  62.052345 15.547
 73   109.834 54771.80121115 41.82 237.936187  62.067349 11.965
 73   109.971 54771.80121179 39.22 237.933717  62.064199 11.965
 73   109.923 54771.80121244 38.35 237.931257  62.061049 11.965
 73   110.229 54771.80121308 34.36 237.928787  62.057899 11.965
 73   110.848 54771.80121373 36.35 237.926327  62.054749 11.965
 74   109.821 54806.80121700 25.04 237.943326  62.063444  8.222
 74   110.131 54806.80121764 26.37 237.940866  62.060294  8.222
 74   110.329 54806.80121828 26.37 237.938396  62.057144  8.222
 74   110.444 54806.80121893 25.55 237.935926  62.053994  8.222
 74   110.307 54806.80121957 26.08 237.933466  62.050854  8.222
 75   147.428 54841.80120751 13.06 237.936503  62.065325  3.883
 75   114.918 54841.80120815 13.99 237.934033  62.062175  3.883
 75   115.467 54841.80120880 14.11 237.931573  62.059025  3.883
 75   110.387 54841.80120944 13.99 237.929103  62.055875  3.883
 75   117.388 54841.80121009 12.56 237.926643  62.052725  3.883
 76   147.895 54876.80121856  5.05 237.939622  62.064824  3.942
 76   147.020 54876.80121921  2.98 237.937152  62.061674  3.942
 76   146.338 54876.80121985  2.58 237.934692  62.058524  3.942
 76   144.521 54876.80122049  0.71 237.932222  62.055374  3.942
 79   155.854 54981.80123687  9.87 237.936416  62.065280  5.603
 79   151.521 54981.80123751  9.52 237.933946  62.062130  5.603
 79   144.733 54981.80123816 13.27 237.931486  62.058980  5.603
 79   123.501 54981.80123880 14.63 237.929016  62.055830  5.603
 79   123.556 54981.80123945 19.69 237.926556  62.052680  5.603
 80   112.832 55016.80123828 45.59 237.933623  62.059931 12.193
 80   111.811 55016.80123893 52.20 237.931153  62.056781 12.193
 80   112.749 55016.80123957 49.44 237.928693  62.053631 12.193
 81   146.339 55051.80123216 12.23 237.936697  62.064390  5.904
 81   119.580 55051.80123281 13.12 237.934227  62.061250  5.904
 81   120.716 55051.80123345 10.63 237.931767  62.058100  5.904
 81   122.076 55051.80123410 11.51 237.929297  62.054950  5.904
 81   122.031 55051.80123474 15.38 237.926837  62.051800  5.904
 82   112.140 55086.80119664 46.44 237.926669  62.065054 14.193
 82   112.212 55086.80119728 47.75 237.924199  62.061904 14.193
 82   111.217 55086.80119793 49.46 237.921739  62.058754 14.193
 82   112.743 55086.80119857 47.59 237.919279  62.055604 14.193
 83   154.397 55121.80116689 10.84 237.943969  62.063649  5.380
 83   153.437 55121.80116754  9.88 237.941499  62.060499  5.380
 83   145.710 55121.80116818 11.30 237.939039  62.057349  5.380
 83   144.163 55121.80116883 11.81 237.936569  62.054199  5.380
 83   145.252 55121.80116947 12.12 237.934109  62.051059  5.380
 85   111.121 55191.80115713 16.16 237.940994  62.059522  4.928
 85   111.136 55191.80115777 15.70 237.938524  62.056372  4.928
 85   111.282 55191.80115842 15.28 237.936064  62.053222  4.928
 85   118.268 55191.80115906 13.59 237.933594  62.050072  4.928
 86   122.812 55226.80115739 12.98 237.933217  62.067336  4.507
 86   110.386 55226.80115803 14.70 237.930747  62.064186  4.507
 86   110.466 55226.80115867 13.89 237.928287  62.061036  4.507
 86   110.658 55226.80115932 13.64 237.925817  62.057886  4.507
 86   110.410 55226.80115996 13.46 237.923357  62.054746  4.507
 87   115.504 55261.80115245 12.41 237.937534  62.062299  5.388
 87   146.134 55261.80115310  4.72 237.935064  62.059159  5.388
 87   146.655 55261.80115374  2.11 237.932604  62.056009  5.388
 87   143.468 55261.80115439  3.25 237.930134  62.052859  5.388
 88   149.849 55296.80114180  3.00 237.932080  62.068014  5.484
 88   147.337 55296.80114244  8.85 237.929610  62.064874  5.484
 88   119.929 55296.80114438  9.78 237.922220  62.055424  5.484
 90   111.303 55366.80112507 39.22 237.932735  62.062993 12.280
 90   111.493 55366.80112571 43.67 237.930275  62.059843 12.280
 90   111.115 55366.80112636 48.26 237.927805  62.056693 12.280
 90   111.696 55366.80112700 42.19 237.925345  62.053543 12.280
 91   151.358 55401.80113799 12.69 237.944870  62.064930  6.989
 91   151.162 55401.80113864  9.78 237.942400  62.061790  6.989
 91   149.933 55401.80113928 10.79 237.939930  62.058640  6.989
 91   144.361 55401.80113993 11.01 237.937470  62.055490  6.989
 91   124.219 55401.80114057 14.09 237.935000  62.052340  6.989
 92   131.734 55436.80114139 19.82 237.938157  62.067458  5.923
 92   131.611 55436.80114203 23.51 237.935697  62.064318  5.923
 92   131.517 55436.80114268 22.28 237.933227  62.061168  5.923
 92   131.498 55436.80114332 24.76 237.930767  62.058018  5.923
 92   131.465 55436.80114397 23.02 237.928297  62.054868  5.923
 93   159.587 55471.80109219 10.14 237.930333  62.069262  7.512
 93   158.140 55471.80109283  9.19 237.927873  62.066122  7.512
 93   156.372 55471.80109348  9.34 237.925403  62.062972  7.512
 93   150.471 55471.80109412 11.61 237.922943  62.059822  7.512
 93   123.366 55471.80109477 14.95 237.920483  62.056672  7.512
 93   123.289 55471.80109541 18.41 237.918013  62.053532  7.512
