# NaN NaN NaN ;Mean Elev.(m), Avg Gradient(m/km), RMS Gradient(m/km) - SRTM1     
#   -3.745  -6.613  11.826 ;Mean Elev.(m), Avg Gradient(m/km), RMS Gradient(m/km) - ASTER GDEM
#   10.010  -6.061   9.974 ;Mean Elev.(m), Avg Gradient(m/km), RMS Gradient(m/km) - GMTED2010 
  7    82.951 52458.22910042  4.80 226.576035  67.336945  4.184
  7    82.746 52458.22910106  4.18 226.572505  67.340005  4.184
  7    82.366 52458.22910171  4.03 226.568975  67.343065  4.184
  7    81.233 52458.22910235  4.80 226.565435  67.346135  4.184
  7    81.460 52458.22910300  4.56 226.561905  67.349195  4.184
  7    81.409 52458.22910364  5.43 226.558365  67.352255  4.184
  7    81.052 52458.22910429  7.45 226.554825  67.355315  4.184
  7    80.628 52458.22910493  8.58 226.551295  67.358375  4.184
  7    58.613 52458.22910557 10.70 226.547756  67.361433 11.988
  7    59.708 52458.22910622 11.50 226.544216  67.364493 11.988
  7    59.607 52458.22910686 12.20 226.540676  67.367553 11.988
  7    59.883 52458.22910751 13.04 226.537136  67.370613 11.988
  7    60.676 52458.22910815 11.29 226.533596  67.373673 11.988
  7    92.630 52458.22910880  9.31 226.530046  67.376733 11.988
  7    93.358 52458.22910944  9.38 226.526506  67.379793 11.988
  8    80.186 52493.22907760  2.50 226.591220  67.331910  4.345
  8    78.413 52493.22907825  2.59 226.587690  67.334980  4.345
  8    77.888 52493.22907889  2.51 226.584160  67.338040  4.345
  8    78.165 52493.22907954  2.53 226.580630  67.341100  4.345
  8    78.032 52493.22908018  3.35 226.577090  67.344160  4.345
  8    78.413 52493.22908083  3.82 226.573560  67.347220  4.345
  8    79.112 52493.22908147  4.52 226.570020  67.350280  4.345
  8    77.921 52493.22908469  6.36 226.552340  67.365580  4.345
  8    75.868 52493.22908534  6.48 226.548800  67.368640  4.345
  8    83.901 52493.22908598  7.32 226.545260  67.371700  4.345
  8    84.544 52493.22908663  7.42 226.541710  67.374760  4.345
 10    81.476 52563.22909983 16.45 226.561243  67.345150  5.155
 10    81.974 52563.22910048 14.60 226.557703  67.348210  5.155
 10    82.009 52563.22910112 15.05 226.554173  67.351270  5.155
 10    82.078 52563.22910177 15.62 226.550633  67.354330  5.155
 10    81.759 52563.22910241 16.63 226.547093  67.357390  5.155
 10    81.353 52563.22910306 16.66 226.543553  67.360450  5.155
 10    80.952 52563.22910370 17.21 226.540013  67.363510  5.155
 10    80.039 52563.22910435 18.02 226.536473  67.366570  5.155
 10    60.495 52563.22910628 20.03 226.525843  67.375750  5.155
 10    60.842 52563.22910692 20.05 226.522303  67.378810  5.155
 10    60.658 52563.22910757 20.63 226.518753  67.381870  5.155
 10    60.517 52563.22910821 20.82 226.515213  67.384930  5.155
 12    82.988 52633.22906880 15.05 226.551516  67.347118  4.153
 12    83.161 52633.22906945 15.64 226.547986  67.350178  4.153
 12    83.043 52633.22907009 16.44 226.544446  67.353238  4.153
 12    83.034 52633.22907073 15.93 226.540906  67.356298  4.153
 12    82.684 52633.22907138 15.92 226.537366  67.359358  4.153
 12    82.246 52633.22907202 15.78 226.533826  67.362418  4.153
 12    81.729 52633.22907267 15.23 226.530286  67.365478  4.153
 12    81.183 52633.22907331 14.85 226.526746  67.368538  4.153
 12    91.880 52633.22907396 14.59 226.523206  67.371598  4.153
 12    92.051 52633.22907460 14.57 226.519656  67.374658  4.153
 12    92.087 52633.22907525 14.99 226.516116  67.377718  4.153
 12    92.161 52633.22907589 15.68 226.512566  67.380778  4.153
 12    92.478 52633.22907654 15.93 226.509023  67.383837  3.396
 12    92.722 52633.22907718 15.35 226.505473  67.386897  3.396
 12    92.641 52633.22907783 14.46 226.501933  67.389957  3.396
 13    82.522 52668.22908304 11.48 226.568058  67.341474  2.617
 13    81.618 52668.22908368 11.64 226.564528  67.344534  2.617
 13    81.196 52668.22908433 11.95 226.560998  67.347594  2.617
 13    81.161 52668.22908497 12.24 226.557458  67.350654  2.617
 13    81.575 52668.22908562 12.03 226.553918  67.353714  2.617
 13    81.329 52668.22908626 12.87 226.550388  67.356774  2.617
 13    80.920 52668.22908691 13.34 226.546848  67.359834  2.617
 13    80.597 52668.22908755 12.90 226.543308  67.362894  2.617
 13    90.133 52668.22908820 12.76 226.539768  67.365954  2.617
 13    90.405 52668.22908884 12.57 226.536228  67.369014  2.617
 13    90.623 52668.22908949 12.29 226.532688  67.372074  2.617
 13    91.834 52668.22909013 12.34 226.529148  67.375134  2.617
 13    92.376 52668.22909077 12.47 226.525598  67.378194  2.617
 13    93.159 52668.22909142 12.92 226.522058  67.381254  2.617
 13    92.372 52668.22909206 13.71 226.518508  67.384314  2.617
 14    82.208 52703.22906172  8.28 226.559346  67.345085  2.993
 14    82.076 52703.22906237  8.53 226.555816  67.348145  2.993
 14    82.310 52703.22906301  8.67 226.552276  67.351205  2.993
 14    96.013 52703.22906366  8.40 226.548736  67.354265  2.993
 14    82.192 52703.22906430  9.19 226.545196  67.357325  2.993
 14    81.654 52703.22906495  9.36 226.541656  67.360385  2.993
 14    81.443 52703.22906559  9.51 226.538116  67.363445  2.993
 14    80.607 52703.22906624  9.79 226.534576  67.366505  2.993
 14    90.002 52703.22906688 10.11 226.531036  67.369565  2.993
 14    91.021 52703.22906752 12.07 226.527486  67.372625  2.993
 14    91.437 52703.22906817 10.81 226.523946  67.375685  2.993
 14    91.837 52703.22906881 10.76 226.520396  67.378745  2.993
 14    93.036 52703.22906946 10.54 226.516856  67.381805  2.993
 14    92.258 52703.22907010 11.35 226.513306  67.384865  2.993
 16    84.329 52773.22905479  2.86 226.603954  67.327528  3.545
 16    82.308 52773.22905544  3.32 226.600424  67.330588  3.545
 16    81.138 52773.22905608  3.94 226.596894  67.333648  3.545
 16    79.682 52773.22905673  3.99 226.593364  67.336708  3.545
 16    76.229 52773.22905737  5.08 226.589834  67.339768  3.545
 16    76.174 52773.22905801  5.51 226.586304  67.342828  3.545
 16    79.101 52773.22905866  5.64 226.582774  67.345888  3.545
 17    84.135 52808.22912501  6.73 226.545658  67.348781  3.041
 17    84.356 52808.22912566  6.46 226.542118  67.351841  3.041
 17    84.351 52808.22912630  7.11 226.538578  67.354901  3.041
 17    84.146 52808.22912695  6.50 226.535038  67.357961  3.041
 17    93.295 52808.22912759  5.81 226.531498  67.361021  3.041
 17    88.287 52808.22912824  6.61 226.527958  67.364081  3.041
 17    93.442 52808.22912888  6.28 226.524418  67.367141  3.041
 17    90.574 52808.22912952  6.59 226.520878  67.370201  3.041
 17    92.466 52808.22913017  6.25 226.517328  67.373261  3.041
 17    92.788 52808.22913081  6.67 226.513788  67.376321  3.041
 17    93.008 52808.22913146  6.65 226.510238  67.379381  3.041
 17    93.466 52808.22913210  9.09 226.506693  67.382442  4.700
 17    93.905 52808.22913275  6.24 226.503143  67.385502  4.700
 17    94.306 52808.22913339  5.55 226.499603  67.388562  4.700
 17    93.269 52808.22913404  6.37 226.496053  67.391622  4.700
 18     8.279 52843.22918195 47.26 226.553227  67.345699 15.694
 18    25.778 52843.22919097 25.89 226.503640  67.388539 27.950
 19     8.286 52878.22921996 17.90 226.558870  67.345326 14.287
 19     8.292 52878.22922061 18.69 226.555330  67.348386 14.287
 19     8.685 52878.22922125 17.48 226.551800  67.351446 14.287
 19     8.189 52878.22922190 17.16 226.548260  67.354506 14.287
 19    52.818 52878.22922254 17.64 226.544720  67.357566 14.287
 19    55.857 52878.22922319 17.60 226.541180  67.360626 14.287
 19    57.022 52878.22922383 17.95 226.537640  67.363686 14.287
 19    59.651 52878.22922448 15.87 226.534100  67.366746 14.287
 19    59.993 52878.22922512 15.49 226.530560  67.369806 14.287
 19    60.251 52878.22922577 16.05 226.527020  67.372866 14.287
 19     6.205 52878.22922641 20.28 226.523480  67.375926 14.287
 19    60.634 52878.22922706 17.31 226.519930  67.378986 14.287
 19    60.241 52878.22922770 16.06 226.516390  67.382046 14.287
 19    61.306 52878.22922835 13.47 226.512845  67.385109  9.908
 20    78.531 52913.22917350  9.49 226.604659  67.326800  9.858
 20    78.017 52913.22917415  9.31 226.601139  67.329860  9.858
 20    77.675 52913.22917479  9.15 226.597609  67.332920  9.858
 20    80.750 52913.22917544  7.73 226.594079  67.335980  9.858
 20    80.082 52913.22917608  7.69 226.590549  67.339040  9.858
 20    76.942 52913.22917672  6.90 226.587019  67.342100  9.858
 20    76.878 52913.22917737  7.72 226.583484  67.345168 11.445
 21    83.584 52948.22913675 18.74 226.548138  67.348129  4.993
 21    83.832 52948.22913739 17.42 226.544598  67.351189  4.993
 21    83.563 52948.22913804 18.77 226.541058  67.354249  4.993
 21    83.509 52948.22913868 18.10 226.537518  67.357309  4.993
 21    92.804 52948.22913933 17.41 226.533978  67.360369  4.993
 21    92.788 52948.22913997 17.50 226.530438  67.363429  4.993
 21    93.197 52948.22914062 16.05 226.526898  67.366489  4.993
 21    93.269 52948.22914126 15.49 226.523348  67.369549  4.993
 21    92.856 52948.22914191 14.78 226.519802  67.372611  3.529
 21    92.686 52948.22914255 15.06 226.516262  67.375671  3.529
 21    92.932 52948.22914320 15.92 226.512712  67.378731  3.529
 21    93.202 52948.22914384 17.02 226.509172  67.381791  3.529
 21    93.458 52948.22914449 17.81 226.505622  67.384851  3.529
 21    93.586 52948.22914513 16.09 226.502072  67.387901  3.529
 21    93.093 52948.22914577 17.65 226.498522  67.390961  3.529
 23    82.583 53018.22915886  7.94 226.589695  67.331971  3.976
 23    82.269 53018.22915950  7.64 226.586165  67.335031  3.976
 23    82.161 53018.22916015  6.65 226.582635  67.338091  3.976
 23    81.404 53018.22916079  6.49 226.579103  67.341150  2.817
 23    81.881 53018.22916144  6.31 226.575573  67.344210  2.817
 23    80.157 53018.22916208  6.67 226.572043  67.347280  2.817
 23    79.357 53018.22916273  7.27 226.568503  67.350340  2.817
 23    78.611 53018.22916595  8.99 226.550823  67.365640  2.817
 23    89.091 53018.22916660  8.98 226.547283  67.368700  2.817
 23    90.899 53018.22916724  8.49 226.543743  67.371760  2.817
 23    91.978 53018.22916789  8.24 226.540203  67.374820  2.817
 24    87.245 53053.22914428  6.69 226.556189  67.346298  2.566
 24    82.153 53053.22914492  6.54 226.552659  67.349358  2.566
 24    89.273 53053.22914557  7.06 226.549119  67.352418  2.566
 24    83.061 53053.22914621  7.21 226.545579  67.355478  2.566
 24    90.723 53053.22914686  7.62 226.542039  67.358538  2.566
 24    85.835 53053.22914750  8.27 226.538499  67.361598  2.566
 24    81.082 53053.22914815  8.62 226.534959  67.364658  2.566
 24    91.606 53053.22914879  8.09 226.531419  67.367718  2.566
 24    91.390 53053.22914944  7.92 226.527879  67.370778  2.566
 24    91.961 53053.22915008  8.31 226.524329  67.373838  2.566
 24    92.401 53053.22915073  9.03 226.520789  67.376898  2.566
 24    93.041 53053.22915137  9.11 226.517239  67.379958  2.566
 24    93.500 53053.22915202  8.90 226.513699  67.383018  2.566
 24    93.544 53053.22915266  9.43 226.510149  67.386078  2.566
 25    83.489 53088.22917833  4.89 226.581482  67.333668  2.676
 25    82.972 53088.22917898  5.13 226.577952  67.336728  2.676
 25    82.262 53088.22917962  5.30 226.574422  67.339798  2.676
 25    82.434 53088.22918026  5.02 226.570892  67.342858  2.676
 25    84.484 53088.22918091  4.36 226.567352  67.345918  2.676
 25    85.799 53088.22918155  4.32 226.563822  67.348978  2.676
 25    80.577 53088.22918220  5.61 226.560292  67.352038  2.676
 25    88.057 53088.22918284  5.33 226.556752  67.355098  2.676
 25    88.318 53088.22918349  5.72 226.553212  67.358158  2.676
 25    89.057 53088.22918413  6.38 226.549682  67.361218  2.676
 25    88.123 53088.22918478  6.06 226.546142  67.364278  2.676
 25    89.274 53088.22918542  7.08 226.542602  67.367338  2.676
 25    90.396 53088.22918607  6.61 226.539062  67.370398  2.676
 25    91.076 53088.22918671  5.98 226.535522  67.373458  2.676
 25    92.256 53088.22918736  6.53 226.531982  67.376518  2.676
 25    93.066 53088.22918800  7.11 226.528442  67.379578  2.676
 25    93.280 53088.22918865  6.82 226.524902  67.382638  2.676
 27    83.978 53158.22920964  7.94 226.550338  67.348006  5.734
 27    84.166 53158.22921029  7.75 226.546808  67.351066  5.734
 27    84.049 53158.22921093  8.47 226.543272  67.354124  4.786
 27    92.015 53158.22921158  7.88 226.539732  67.357184  4.786
 27    83.380 53158.22921222  8.36 226.536192  67.360244  4.786
 27    92.777 53158.22921287  8.38 226.532652  67.363304  4.786
 27    92.585 53158.22921351  8.16 226.529112  67.366364  4.786
 27    92.805 53158.22921416  9.32 226.525572  67.369424  4.786
 27    92.563 53158.22921480  8.87 226.522032  67.372484  4.786
 27    92.490 53158.22921544 10.01 226.518482  67.375544  4.786
 27    93.218 53158.22921609  9.67 226.514942  67.378604  4.786
 27    93.474 53158.22921673 10.62 226.511392  67.381664  4.786
 27    93.755 53158.22921738 11.81 226.507852  67.384724  4.786
 27    93.715 53158.22921802 11.84 226.504302  67.387784  4.786
 27    94.018 53158.22921867  9.70 226.500752  67.390844  4.786
 28    83.440 53193.22919983  3.97 226.584800  67.332722  5.194
 28    83.052 53193.22920047  3.34 226.581270  67.335792  5.194
 28    82.098 53193.22920112  3.62 226.577740  67.338852  5.194
 28    81.874 53193.22920176  4.48 226.574210  67.341912  5.194
 28    80.050 53193.22920241  4.97 226.570670  67.344972  5.194
 28    80.447 53193.22920305  5.79 226.567140  67.348032  5.194
 28    80.564 53193.22920370  6.86 226.563600  67.351092  5.194
 28    80.746 53193.22920434  7.60 226.560070  67.354152  5.194
 28    80.092 53193.22920499  8.80 226.556530  67.357212  5.194
 28    80.184 53193.22920563  8.63 226.552990  67.360272  5.194
 28    60.305 53193.22920628 10.65 226.549450  67.363332  5.194
 28    60.923 53193.22920692 10.22 226.545910  67.366392  5.194
 28    61.138 53193.22920757 11.19 226.542370  67.369452  5.194
 28    61.383 53193.22920821 11.98 226.538830  67.372512  5.194
 28    61.283 53193.22920885 14.09 226.535290  67.375572  5.194
 28    61.387 53193.22920950 13.40 226.531740  67.378632  5.194
 30    78.407 53263.22916780  2.03 226.597001  67.329118  7.144
 30    78.091 53263.22916845  2.68 226.593471  67.332178  7.144
 30    76.639 53263.22916909  6.81 226.589941  67.335238  7.144
 30    40.938 53263.22916974  8.83 226.586411  67.338298  7.144
 30    77.514 53263.22917038  6.87 226.582878  67.341360 13.707
 30    78.298 53263.22917103  5.44 226.579348  67.344420 13.707
 30    78.707 53263.22917167  5.82 226.575818  67.347480 13.707
 30    78.133 53263.22917554  6.82 226.554608  67.365850 13.707
 30    76.766 53263.22917618  7.74 226.551068  67.368910 13.707
 30    83.905 53263.22917683  7.64 226.547528  67.371970 13.707
 31    83.927 53298.22921287 15.92 226.544618  67.348590  5.365
 31    84.148 53298.22921351 15.05 226.541078  67.351650  5.365
 31    83.950 53298.22921416 16.44 226.537544  67.354705  4.453
 31    83.808 53298.22921480 16.43 226.534004  67.357765  4.453
 31    83.397 53298.22921545 16.47 226.530464  67.360825  4.453
 31    88.115 53298.22921609 15.36 226.526924  67.363885  4.453
 31    93.386 53298.22921673 14.95 226.523384  67.366945  4.453
 31    90.640 53298.22921738 14.91 226.519844  67.370005  4.453
 31    93.098 53298.22921802 15.62 226.516304  67.373065  4.453
 31    92.292 53298.22921867 16.25 226.512754  67.376125  4.453
 31    92.594 53298.22921931 16.20 226.509214  67.379185  4.453
 31    93.092 53298.22921996 18.52 226.505664  67.382245  4.453
 31    93.234 53298.22922060 17.16 226.502124  67.385305  4.453
 31    93.053 53298.22922125 17.35 226.498574  67.388365  4.453
 31    92.819 53298.22922189 14.58 226.495024  67.391425  4.453
 33    83.974 53368.22912182  9.06 226.603913  67.327412  3.113
 33    82.633 53368.22912246  8.86 226.600393  67.330472  3.113
 33    80.906 53368.22912310  8.74 226.596863  67.333532  3.113
 33    80.630 53368.22912375  8.77 226.593333  67.336592  3.113
 33    79.495 53368.22912439 10.32 226.589803  67.339662  3.113
 33    78.921 53368.22912504  9.81 226.586273  67.342722  3.113
 33    78.414 53368.22912568  9.60 226.582733  67.345782  3.113
 35    83.661 53438.22914062  8.54 226.597014  67.328829  3.275
 35    82.894 53438.22914127  7.80 226.593484  67.331889  3.275
 35    81.333 53438.22914191  8.94 226.589954  67.334949  3.275
 35    80.982 53438.22914256  8.07 226.586424  67.338009  3.275
 35    80.357 53438.22914320  8.86 226.582894  67.341069  3.275
 35    79.437 53438.22914385  8.75 226.579354  67.344139  3.275
 35    78.849 53438.22914449  8.14 226.575824  67.347199  3.275
 35    79.041 53438.22914513  8.77 226.572294  67.350259  3.275
 35    77.698 53438.22914836 10.75 226.554609  67.365560  3.335
 35    77.259 53438.22914900  9.54 226.551069  67.368620  3.335
 35    76.478 53438.22914965  9.96 226.547529  67.371680  3.335
 36    83.060 53473.22920134  7.31 226.553434  67.345645  3.707
 36    83.033 53473.22920198  6.85 226.549894  67.348705  3.707
 36    83.180 53473.22920263  7.48 226.546354  67.351765  3.707
 36    83.458 53473.22920327  6.60 226.542820  67.354820  3.602
 36    83.110 53473.22920392  7.38 226.539280  67.357880  3.602
 36    83.015 53473.22920456  7.44 226.535740  67.360940  3.602
 36    82.674 53473.22920521  6.77 226.532200  67.364000  3.602
 36    81.809 53473.22920585  7.05 226.528660  67.367060  3.602
 36    92.913 53473.22920650  6.32 226.525120  67.370120  3.602
 36    92.153 53473.22920714  5.98 226.521580  67.373180  3.602
 36    92.290 53473.22920779  6.03 226.518030  67.376240  3.602
 36    92.892 53473.22920843  7.57 226.514490  67.379300  3.602
 36    93.056 53473.22920907  8.17 226.510940  67.382360  3.602
 36    93.199 53473.22920972  6.45 226.507400  67.385420  3.602
 36    93.332 53473.22921036  5.87 226.503850  67.388480  3.602
 37    85.329 53508.22922489  9.80 226.569920  67.339514  5.710
 37    84.186 53508.22922553 10.18 226.566390  67.342574  5.710
 37    82.944 53508.22922618 10.72 226.562850  67.345634  5.710
 37    82.068 53508.22922682 10.91 226.559320  67.348694  5.710
 37    82.146 53508.22922747 11.26 226.555780  67.351754  5.710
 37    82.064 53508.22922811 11.43 226.552244  67.354815  7.593
 37    83.531 53508.22922876 11.49 226.548704  67.357875  7.593
 37    82.641 53508.22922940 10.63 226.545174  67.360935  7.593
 37    88.117 53508.22923004 10.10 226.541634  67.363995  7.593
 37    89.545 53508.22923069 10.84 226.538094  67.367055  7.593
 37    91.388 53508.22923133 10.69 226.534554  67.370115  7.593
 37    91.877 53508.22923198 11.18 226.531004  67.373175  7.593
 37    92.717 53508.22923262 10.38 226.527464  67.376235  7.593
 37    93.168 53508.22923327 15.70 226.523924  67.379295  7.593
 37    93.592 53508.22923391 19.42 226.520374  67.382355  7.593
 37    93.740 53508.22923456 22.18 226.516834  67.385415  7.593
 38    83.472 53543.22923550  3.39 226.569125  67.340406  6.585
 38    82.552 53543.22923615  5.30 226.565595  67.343466  6.585
 38    81.741 53543.22923679  4.92 226.562055  67.346526  6.585
 38    81.924 53543.22923743  5.19 226.558525  67.349586  6.585
 38    82.048 53543.22923808  5.09 226.554985  67.352646  6.585
 38    89.238 53543.22923872  4.74 226.551451  67.355707  7.100
 38    81.737 53543.22923937  5.88 226.547911  67.358767  7.100
 38    81.567 53543.22924001  5.88 226.544381  67.361827  7.100
 38    81.259 53543.22924066  6.34 226.540841  67.364887  7.100
 38    89.447 53543.22924130  5.65 226.537301  67.367947  7.100
 38    91.167 53543.22924195  5.49 226.533751  67.371007  7.100
 38    92.141 53543.22924259  5.03 226.530211  67.374067  7.100
 38    92.845 53543.22924324  5.19 226.526671  67.377127  7.100
 38    93.498 53543.22924388  8.86 226.523131  67.380187  7.100
 39    85.259 53578.22921684  2.46 226.587845  67.331930  6.239
 39    82.812 53578.22921749  1.63 226.584315  67.334990  6.239
 39    79.099 53578.22921813  1.99 226.580785  67.338050  6.239
 39    81.023 53578.22921878  2.67 226.577255  67.341120  6.239
 39    84.718 53578.22921942  1.06 226.573715  67.344180  6.239
 39    86.613 53578.22922071  1.86 226.566645  67.350300  6.239
 39    86.536 53578.22922135  3.18 226.563115  67.353360  6.239
 39    78.505 53578.22922329  8.21 226.552501  67.362541 19.601
 39    59.821 53578.22922393  8.98 226.548961  67.365601 19.601
 39    60.489 53578.22922458  8.78 226.545431  67.368661 19.601
 39    61.340 53578.22922522  9.03 226.541891  67.371721 19.601
 39    61.655 53578.22922587  8.88 226.538341  67.374781 19.601
 39    62.066 53578.22922651 10.66 226.534801  67.377841 19.601
 40    85.357 53613.22916950  3.98 226.594162  67.330665  4.592
 40    83.010 53613.22917015  5.36 226.590632  67.333725  4.592
 40    81.509 53613.22917079  5.41 226.587102  67.336785  4.592
 40    78.612 53613.22917144  5.27 226.583572  67.339845  4.592
 40    78.079 53613.22917208  6.03 226.580042  67.342915  4.592
 40    78.616 53613.22917273  6.79 226.576512  67.345975  4.592
 40    79.263 53613.22917337  5.38 226.572972  67.349035  4.592
 40    88.722 53613.22917724  7.27 226.551763  67.367399 16.608
 40    89.922 53613.22917788  5.83 226.548223  67.370459 16.608
 40    91.809 53613.22917853  4.16 226.544683  67.373519 16.608
 41    82.805 53648.22917875  8.36 226.557216  67.345698  8.575
 41    82.971 53648.22917940  8.71 226.553686  67.348758  8.575
 41    83.084 53648.22918004  8.88 226.550146  67.351828  8.575
 41    90.461 53648.22918068 10.01 226.546606  67.354888  8.575
 41    97.542 53648.22918133 10.83 226.543067  67.357942 11.017
 41    86.389 53648.22918197 11.56 226.539527  67.361002 11.017
 41    91.330 53648.22918262 11.34 226.535987  67.364062 11.017
 41    89.633 53648.22918326 12.27 226.532447  67.367122 11.017
 41    91.202 53648.22918391 12.26 226.528907  67.370182 11.017
 41    92.208 53648.22918455 13.75 226.525367  67.373242 11.017
 41    92.646 53648.22918520 12.88 226.521817  67.376302 11.017
 41    93.024 53648.22918584 14.95 226.518277  67.379362 11.017
 42    80.024 53683.22919214  5.51 226.570310  67.339418  4.890
 42    80.258 53683.22919278  5.46 226.566780  67.342488  4.890
 42    81.652 53683.22919343  5.47 226.563250  67.345548  4.890
 42    81.633 53683.22919407  4.74 226.559710  67.348608  4.890
 42    81.831 53683.22919472  4.23 226.556180  67.351668  4.890
 42    81.892 53683.22919536  4.44 226.552640  67.354728  4.890
 42    81.372 53683.22919601  5.54 226.549102  67.357787  3.967
 42    81.060 53683.22919665  5.95 226.545562  67.360847  3.967
 42    79.560 53683.22919730  6.38 226.542032  67.363907  3.967
 42    79.727 53683.22919794  6.05 226.538492  67.366967  3.967
 42    78.914 53683.22919859  6.43 226.534952  67.370027  3.967
 42    60.147 53683.22919923  7.21 226.531412  67.373087  3.967
 42    75.994 53683.22919988  6.79 226.527862  67.376147  3.967
 42    61.355 53683.22920117  8.41 226.520782  67.382267  3.967
 43    85.868 53718.22911608  6.38 226.602167  67.326669  2.841
 43    86.717 53718.22911673  6.10 226.598647  67.329729  2.841
 43    84.198 53718.22911737  6.29 226.595117  67.332789  2.841
 43    82.238 53718.22911802  6.21 226.591587  67.335849  2.841
 43    81.405 53718.22911866  5.64 226.588057  67.338909  2.841
 43    81.082 53718.22911931  6.09 226.584527  67.341969  2.841
 43    81.209 53718.22911995  5.21 226.580987  67.345039  2.841
 43    83.130 53718.22912060  5.41 226.577457  67.348099  2.841
 43    88.435 53718.22912446  7.01 226.556239  67.366460  3.244
 44    82.707 53753.22904161  4.87 226.559139  67.345261  3.197
 44    82.712 53753.22904226  4.94 226.555599  67.348321  3.197
 44    82.748 53753.22904290  4.63 226.552069  67.351381  3.197
 44    82.828 53753.22904355  5.28 226.548529  67.354441  3.197
 44    82.375 53753.22904419  6.21 226.544993  67.357502  3.200
 44    82.048 53753.22904484  6.55 226.541453  67.360562  3.200
 44    81.649 53753.22904548  7.12 226.537913  67.363622  3.200
 44    80.766 53753.22904613  6.57 226.534363  67.366682  3.200
 44    79.673 53753.22904677  7.89 226.530823  67.369742  3.200
 44    91.487 53753.22904742  7.64 226.527283  67.372802  3.200
 44    92.324 53753.22904806  7.56 226.523733  67.375862  3.200
 44    92.705 53753.22904871  8.13 226.520193  67.378922  3.200
 44    93.218 53753.22904935  8.76 226.516643  67.381982  3.200
 44    93.656 53753.22905000  8.70 226.513093  67.385042  3.200
 45    83.465 53788.22906839  5.19 226.589358  67.331576  2.856
 45    82.840 53788.22906904  5.45 226.585818  67.334636  2.856
 45    82.091 53788.22906968  5.35 226.582288  67.337696  2.856
 45    81.406 53788.22907033  5.49 226.578758  67.340756  2.856
 45    81.270 53788.22907097  5.08 226.575228  67.343826  2.856
 45    80.109 53788.22907162  5.36 226.571698  67.346886  2.856
 45    79.942 53788.22907226  5.53 226.568158  67.349946  2.856
 45    80.104 53788.22907290  5.82 226.564628  67.353006  2.856
 45    78.920 53788.22907548  7.83 226.550473  67.365244  3.817
 45    78.723 53788.22907613  7.89 226.546933  67.368304  3.817
 45    89.673 53788.22907677  7.17 226.543393  67.371364  3.817
 45    76.547 53788.22907742  7.61 226.539853  67.374424  3.817
 45    91.965 53788.22907806  8.70 226.536313  67.377484  3.817
 46    84.351 53823.22902797  7.17 226.542730  67.350057  2.403
 46    91.432 53823.22902862  7.16 226.539190  67.353117  2.403
 46    92.509 53823.22902926  7.51 226.535650  67.356177  2.403
 46    92.777 53823.22902991  7.52 226.532110  67.359237  2.403
 46    93.070 53823.22903055  7.87 226.528560  67.362297  2.403
 46    82.571 53823.22903119  8.28 226.525020  67.365357  2.403
 46    93.262 53823.22903184  7.93 226.521480  67.368417  2.403
 46    92.031 53823.22903248  8.10 226.517930  67.371477  2.403
 46    92.424 53823.22903313  8.44 226.514390  67.374537  2.403
 46    92.466 53823.22903377  8.61 226.510840  67.377597  2.403
 46    92.881 53823.22903442  9.00 226.507300  67.380657  2.403
 46    93.250 53823.22903506  8.25 226.503750  67.383717  2.403
 46    93.153 53823.22903571  7.38 226.500200  67.386777  2.403
 46    93.202 53823.22903635  7.25 226.496650  67.389837  2.403
 46    92.509 53823.22903700  7.69 226.493100  67.392897  2.403
 47    88.936 53858.22911964  3.07 226.552438  67.347719  2.041
 47    89.255 53858.22912029  3.31 226.548908  67.350779  2.041
 47    90.778 53858.22912093  3.23 226.545368  67.353849  2.041
 47    83.571 53858.22912158  3.45 226.541824  67.356905  2.370
 47    83.053 53858.22912222  4.00 226.538294  67.359965  2.370
 47    82.716 53858.22912287  4.52 226.534754  67.363025  2.370
 47    82.236 53858.22912351  4.56 226.531204  67.366085  2.370
 47    82.759 53858.22912416  3.69 226.527664  67.369145  2.370
 47    80.796 53858.22912480  4.57 226.524124  67.372205  2.370
 47    92.142 53858.22912545  4.75 226.520584  67.375265  2.370
 47    91.669 53858.22912609  4.86 226.517034  67.378325  2.370
 47    84.051 53858.22912674  5.30 226.513494  67.381385  2.370
 47    93.226 53858.22912738  4.61 226.509944  67.384445  2.370
 47    93.455 53858.22912803  4.71 226.506404  67.387505  2.370
 48    84.167 53893.22913268  6.62 226.570861  67.339958  8.019
 48    81.572 53893.22913332  7.30 226.567321  67.343028  8.019
 48    81.756 53893.22913397 10.67 226.563791  67.346078  8.019
 48    82.169 53893.22913461  9.78 226.560251  67.349148  8.019
 48    82.212 53893.22913526 10.73 226.556721  67.352208  8.019
 48    81.989 53893.22913590 12.36 226.553182  67.355265  9.153
 48    55.394 53893.22913654 14.60 226.549642  67.358325  9.153
 48    56.470 53893.22913719 13.91 226.546102  67.361385  9.153
 48    81.535 53893.22913783 10.43 226.542562  67.364445  9.153
 48    80.708 53893.22913848  8.84 226.539022  67.367505  9.153
 48    83.397 53893.22913912  8.43 226.535482  67.370565  9.153
 48    84.115 53893.22913977  8.06 226.531942  67.373625  9.153
 49    83.714 53928.22919238  4.49 226.552818  67.346471  3.827
 49    83.646 53928.22919303  4.03 226.549288  67.349531  3.827
 49    97.423 53928.22919367  3.95 226.545748  67.352591  3.827
 49    84.033 53928.22919432  3.36 226.542206  67.355651  7.996
 49    82.670 53928.22919496  4.37 226.538676  67.358711  7.996
 49    82.248 53928.22919561  5.01 226.535136  67.361771  7.996
 49    81.647 53928.22919625  6.14 226.531596  67.364831  7.996
 49    89.254 53928.22919690  6.60 226.528056  67.367891  7.996
 49    91.019 53928.22919754  6.09 226.524516  67.370951  7.996
 49    92.213 53928.22919819  6.17 226.520966  67.374011  7.996
 49    92.837 53928.22919883  7.63 226.517426  67.377071  7.996
 49    93.297 53928.22919948  7.33 226.513886  67.380131  7.996
 49    93.489 53928.22920012 11.82 226.510336  67.383191  7.996
 49    93.770 53928.22920077  7.57 226.506796  67.386251  7.996
 49    93.693 53928.22920141 10.95 226.503246  67.389311  7.996
 50    83.873 53963.22917155  5.65 226.578892  67.334617  6.926
 50    80.651 53963.22917219  7.48 226.575362  67.337677  6.926
 50    83.089 53963.22917283  5.95 226.571822  67.340737  6.926
 50    81.027 53963.22917348  4.93 226.568292  67.343807  6.926
 50    81.092 53963.22917412  5.08 226.564762  67.346867  6.926
 50    81.206 53963.22917477  5.06 226.561222  67.349927  6.926
 50    81.353 53963.22917541  4.91 226.557692  67.352987  6.926
 50    81.434 53963.22917606  5.65 226.554152  67.356047  6.926
 50    80.592 53963.22917670  7.26 226.550616  67.359109 10.749
 50    80.643 53963.22917735  7.34 226.547076  67.362169 10.749
 50    80.532 53963.22917799  6.57 226.543546  67.365229 10.749
 50    80.035 53963.22917864  6.88 226.540006  67.368289 10.749
 50    77.655 53963.22917928  7.60 226.536466  67.371349 10.749
 50    91.399 53963.22917993  7.27 226.532916  67.374409 10.749
 51    94.740 53998.22912365  1.40 226.540800  67.348493  7.226
 51    99.174 53998.22912430  1.06 226.537260  67.351553  7.226
 51   101.855 53998.22912494  0.59 226.533718  67.354612  4.609
 51   101.482 53998.22912559  0.43 226.530178  67.357672  4.609
 51    99.877 53998.22912623  1.00 226.526638  67.360732  4.609
 51    99.442 53998.22912688  0.94 226.523098  67.363792  4.609
 51    98.225 53998.22912816  2.26 226.516008  67.369912  4.609
 52    86.186 54033.22917083 11.41 226.562535  67.343803  7.472
 52    82.383 54033.22917148 13.00 226.558995  67.346863  7.472
 52    82.628 54033.22917212 13.09 226.555465  67.349923  7.472
 52    82.572 54033.22917277 13.35 226.551925  67.352993  7.472
 52    82.409 54033.22917341 14.55 226.548385  67.356053  7.472
 52    81.868 54033.22917406 15.32 226.544846  67.359107 10.698
 52    80.781 54033.22917470 15.75 226.541306  67.362167 10.698
 52    88.180 54033.22917535 16.05 226.537766  67.365227 10.698
 52    90.381 54033.22917599 17.83 226.534226  67.368287 10.698
 52    91.500 54033.22917663 18.26 226.530686  67.371347 10.698
 52    92.200 54033.22917728 17.41 226.527146  67.374407 10.698
 52    92.731 54033.22917792 20.83 226.523596  67.377467 10.698
 52    93.202 54033.22917857 23.02 226.520056  67.380527 10.698
 52    93.564 54033.22917986 24.16 226.512956  67.386647 10.698
 54    88.424 54103.22911925  9.52 226.599338  67.327761  3.879
 54    83.988 54103.22911989  9.79 226.595818  67.330821  3.879
 54    83.478 54103.22912054 10.04 226.592288  67.333881  3.879
 54    81.254 54103.22912118  9.72 226.588758  67.336941  3.879
 54    80.714 54103.22912183 10.01 226.585228  67.340001  3.879
 54    79.976 54103.22912247  9.85 226.581698  67.343061  3.879
 54    79.468 54103.22912312 10.12 226.578158  67.346131  3.879
 54    78.807 54103.22912376 10.44 226.574628  67.349191  3.879
 54    88.670 54103.22912763 13.04 226.553410  67.367553  2.894
 54    89.620 54103.22912828 13.12 226.549870  67.370613  2.894
 55    93.782 54138.22909448  8.94 226.557560  67.344632  4.036
 55    82.563 54138.22909512  9.16 226.554020  67.347682  4.036
 55    82.668 54138.22909576  9.49 226.550480  67.350752  4.036
 55    82.725 54138.22909641  9.66 226.546950  67.353812  4.036
 55    96.539 54138.22909705 10.07 226.543410  67.356868  2.952
 55    85.870 54138.22909770 10.93 226.539870  67.359928  2.952
 55    87.306 54138.22909834 11.57 226.536330  67.362988  2.952
 55    81.029 54138.22909899 11.81 226.532790  67.366048  2.952
 55    91.058 54138.22909963 11.27 226.529250  67.369108  2.952
 55    91.427 54138.22910028 11.71 226.525700  67.372168  2.952
 55    91.557 54138.22910092 12.04 226.522160  67.375228  2.952
 55    92.823 54138.22910157 11.87 226.518610  67.378288  2.952
 55    93.050 54138.22910221 12.68 226.515070  67.381348  2.952
 55    93.465 54138.22910286 12.79 226.511520  67.384408  2.952
 55    93.225 54138.22910350 11.94 226.507980  67.387468  2.952
 56    82.811 54173.22909851  8.15 226.587645  67.333275  4.448
 56    81.751 54173.22909915  7.63 226.584111  67.336335  2.784
 56    81.430 54173.22909979  7.15 226.580581  67.339395  2.784
 56    80.827 54173.22910044  8.12 226.577051  67.342465  2.784
 56    79.470 54173.22910108  7.57 226.573511  67.345525  2.784
 56    79.417 54173.22910173  7.74 226.569981  67.348585  2.784
 56    79.881 54173.22910237  8.38 226.566451  67.351645  2.784
 56    88.048 54173.22910495  9.19 226.552301  67.363885  2.784
 56    88.877 54173.22910560  9.87 226.548761  67.366945  2.784
 56    89.148 54173.22910624 10.45 226.545221  67.370005  2.784
 56    91.162 54173.22910689  9.33 226.541681  67.373065  2.784
 56    91.399 54173.22910753  9.70 226.538141  67.376125  2.784
 57    83.137 54208.22910054  6.81 226.554658  67.345591  2.736
 57    83.165 54208.22910118  7.15 226.551118  67.348651  2.736
 57    89.234 54208.22910183  7.37 226.547588  67.351711  2.736
 57    83.235 54208.22910247  7.46 226.544048  67.354771  2.736
 57    91.145 54208.22910312  7.50 226.540508  67.357831  2.736
 57    82.232 54208.22910376  8.98 226.536968  67.360891  2.736
 57    81.413 54208.22910441  8.98 226.533428  67.363951  2.736
 57    89.015 54208.22910505  8.47 226.529888  67.367011  2.736
 57    90.700 54208.22910569  8.75 226.526348  67.370071  2.736
 57    91.477 54208.22910634  8.74 226.522798  67.373131  2.736
 57    92.100 54208.22910698  8.95 226.519258  67.376191  2.736
 57    91.637 54208.22910763  9.40 226.515708  67.379251  2.736
 57    92.858 54208.22910827 10.01 226.512168  67.382311  2.736
 57    92.994 54208.22910892 10.25 226.508618  67.385371  2.736
 57    91.784 54208.22910956  8.77 226.505078  67.388431  2.736
 59    83.478 54278.22914379  4.20 226.572269  67.338683  4.802
 59    83.674 54278.22914443  4.08 226.568739  67.341753  4.802
 59    82.088 54278.22914508  4.06 226.565199  67.344813  4.802
 59    81.704 54278.22914572  4.34 226.561669  67.347873  4.802
 59    81.811 54278.22914637  4.95 226.558129  67.350933  4.802
 59    81.531 54278.22914701  5.32 226.554589  67.353993  4.802
 59    81.627 54278.22914766  5.58 226.551059  67.357053  4.802
 59    81.281 54278.22914830  6.45 226.547519  67.360113  4.802
 59    81.481 54278.22914895  5.96 226.543979  67.363173  4.802
 59    91.516 54278.22914959  5.10 226.540439  67.366233  4.802
 59    91.080 54278.22915024  5.23 226.536899  67.369293  4.802
 59    91.551 54278.22915088  5.76 226.533359  67.372353  4.802
 59    92.399 54278.22915153  4.92 226.529819  67.375413  4.802
 59    93.372 54278.22915217  5.20 226.526269  67.378473  4.802
 59    93.613 54278.22915282  7.60 226.522729  67.381533  4.802
 60    83.384 54313.22914457  0.20 226.572505  67.341999 10.035
 60    82.402 54313.22914522  0.02 226.568975  67.345059 10.035
 60    81.247 54313.22914586  0.07 226.565435  67.348119 10.035
 60    81.616 54313.22914715  0.84 226.558365  67.354239 10.035
 60    80.559 54313.22914780  0.59 226.554835  67.357299 10.035
 60    80.515 54313.22914844  0.35 226.551295  67.360359 10.035
 60    64.560 54313.22914909  5.59 226.547755  67.363419 10.035
 61    61.248 54348.22912094  9.33 226.552328  67.367855  6.121
 61    61.891 54348.22912158  9.29 226.548788  67.370915  6.121
 62    83.189 54383.22908276 12.07 226.561154  67.343665  4.093
 62    82.395 54383.22908340 13.12 226.557614  67.346725  4.093
 62    82.616 54383.22908405 13.04 226.554074  67.349785  4.093
 62    90.123 54383.22908469 13.90 226.550544  67.352845  4.093
 62    90.508 54383.22908534 14.38 226.547004  67.355905  4.093
 62    91.509 54383.22908598 14.87 226.543464  67.358965  4.093
 62    82.083 54383.22908663 16.19 226.539924  67.362025  4.093
 62    91.769 54383.22908727 15.46 226.536384  67.365085  4.093
 62    92.354 54383.22908792 15.50 226.532844  67.368145  4.093
 62    91.500 54383.22908856 16.19 226.529304  67.371205  4.093
 62    92.178 54383.22908920 16.88 226.525754  67.374265  4.093
 62    92.679 54383.22908985 16.90 226.522214  67.377325  4.093
 62    93.278 54383.22909049 18.28 226.518664  67.380385  4.093
 62    93.516 54383.22909114 20.10 226.515124  67.383445  4.093
 62    93.664 54383.22909178 20.29 226.511574  67.386505  4.093
 63    82.865 54418.22906308  9.35 226.587532  67.333079  4.936
 63    82.507 54418.22906373  8.28 226.584002  67.336139  4.936
 63    81.741 54418.22906437  8.32 226.580472  67.339199  4.936
 63    81.489 54418.22906502  8.34 226.576942  67.342269  4.936
 63    80.620 54418.22906566  8.17 226.573412  67.345329  4.936
 63    79.942 54418.22906630  9.03 226.569872  67.348389  4.936
 63    80.139 54418.22906695  9.96 226.566342  67.351449  4.936
 63    79.134 54418.22906953 13.50 226.552192  67.363689  4.936
 63    78.669 54418.22907017 13.87 226.548652  67.366749  4.936
 63    61.167 54418.22907082 15.55 226.545112  67.369809  4.936
 63    62.082 54418.22907211 17.55 226.538032  67.375929  4.936
 64    83.536 54453.22905418 11.76 226.548445  67.348641  3.136
 64    83.615 54453.22905482 12.31 226.544905  67.351701  3.136
 64    83.404 54453.22905547 12.92 226.541365  67.354761  3.136
 64    83.142 54453.22905611 13.12 226.537825  67.357821  3.136
 64    82.812 54453.22905676 13.23 226.534285  67.360881  3.136
 64    82.356 54453.22905740 13.27 226.530745  67.363941  3.136
 64    93.060 54453.22905805 13.25 226.527205  67.367001  3.136
 64    80.878 54453.22905869 13.27 226.523655  67.370061  3.136
 64    91.225 54453.22905933 13.73 226.520115  67.373121  3.136
 64    92.388 54453.22905998 14.33 226.516575  67.376181  3.136
 64    92.283 54453.22906062 14.44 226.513025  67.379241  3.136
 64    92.922 54453.22906127 14.90 226.509485  67.382301  3.136
 64    93.219 54453.22906191 14.42 226.505935  67.385361  3.136
 64    71.560 54453.22906256 13.99 226.502387  67.388419  2.979
 64    93.108 54453.22906320 13.00 226.498837  67.391479  2.979
 65    83.179 54488.22906183 10.03 226.581572  67.334925  3.006
 65    81.972 54488.22906248 10.45 226.578042  67.337985  3.006
 65    81.394 54488.22906312 10.92 226.574512  67.341045  3.006
 65    80.635 54488.22906377  9.83 226.570982  67.344105  3.006
 65    80.567 54488.22906441  9.82 226.567442  67.347175  3.006
 65    80.718 54488.22906506 10.63 226.563912  67.350235  3.006
 65    80.864 54488.22906570 11.22 226.560372  67.353295  3.006
 65    80.413 54488.22906634 12.53 226.556842  67.356355  3.006
 65    80.316 54488.22906699 13.07 226.553302  67.359415  3.006
 65    79.861 54488.22906763 13.51 226.549764  67.362472  3.795
 65    79.128 54488.22906828 13.83 226.546224  67.365532  3.795
 65    78.065 54488.22906892 13.88 226.542684  67.368592  3.795
 65    76.951 54488.22906957 14.77 226.539144  67.371652  3.795
 65    75.128 54488.22907021 14.72 226.535604  67.374712  3.795
 65    74.001 54488.22907086 15.46 226.532054  67.377772  3.795
 66    82.325 54523.22906598 11.16 226.562768  67.343651  2.918
 66    81.799 54523.22906663 11.70 226.559228  67.346711  2.918
 66    88.251 54523.22906727 12.30 226.555698  67.349771  2.918
 66    82.304 54523.22906792 12.64 226.552158  67.352831  2.918
 66    82.506 54523.22906856 12.10 226.548618  67.355891  2.918
 66    81.477 54523.22906921 13.09 226.545078  67.358951  2.918
 66    81.049 54523.22906985 13.98 226.541548  67.362011  2.918
 66    80.674 54523.22907050 13.84 226.538008  67.365071  2.918
 66    91.212 54523.22907114 13.50 226.534458  67.368131  2.918
 66    91.389 54523.22907179 13.35 226.530918  67.371191  2.918
 66    91.639 54523.22907243 13.59 226.527378  67.374251  2.918
 66    91.628 54523.22907308 14.06 226.523838  67.377311  2.918
 66    93.008 54523.22907372 14.30 226.520288  67.380371  2.918
 66    93.679 54523.22907436 14.84 226.516739  67.383433  3.197
 66    93.884 54523.22907501 14.52 226.513199  67.386493  3.197
 67    83.168 54558.22907093 10.10 226.589507  67.331939  3.051
 67    82.230 54558.22907158 10.00 226.585977  67.334999  3.051
 67    81.125 54558.22907222 10.18 226.582447  67.338069  3.051
 67    80.948 54558.22907286 10.78 226.578917  67.341129  3.051
 67    81.693 54558.22907351  9.47 226.575387  67.344189  3.051
 67    79.702 54558.22907415  9.32 226.571847  67.347249  3.051
 67    79.587 54558.22907480 10.38 226.568317  67.350309  3.051
 67    88.077 54558.22907802 12.22 226.550637  67.365609  3.051
 67    88.583 54558.22907867 12.38 226.547097  67.368669  3.051
 67    76.464 54558.22907931 12.59 226.543557  67.371729  3.051
 67    75.324 54558.22907996 12.98 226.540017  67.374789  3.051
 68    83.577 54593.22906174  0.21 226.567446  67.341757  2.637
 68    82.591 54593.22906238  0.30 226.563916  67.344817  2.637
 68    82.003 54593.22906303  0.85 226.560376  67.347877  2.637
 68    82.324 54593.22906367  1.33 226.556846  67.350937  2.637
 68    82.379 54593.22906432  1.58 226.553306  67.353997  2.637
 68    82.132 54593.22906496  2.03 226.549766  67.357057  2.637
 68    81.677 54593.22906561  2.66 226.546226  67.360117  2.637
 68    81.482 54593.22906625  2.74 226.542696  67.363177  2.637
 68    80.860 54593.22906690  2.51 226.539156  67.366237  2.637
 68    80.054 54593.22906754  3.56 226.535616  67.369297  2.637
 68    79.140 54593.22906819  3.21 226.532066  67.372357  2.637
 68    93.695 54593.22907076  4.14 226.517891  67.384593  2.924
 69    83.301 54628.22907551  5.03 226.576509  67.337081  3.064
 69    83.274 54628.22907616  4.51 226.572979  67.340141  3.064
 69    82.623 54628.22907680  4.36 226.569439  67.343201  3.064
 69    81.267 54628.22907745  4.74 226.565909  67.346261  3.064
 69    81.358 54628.22907809  5.15 226.562369  67.349321  3.064
 69    81.421 54628.22907874  5.29 226.558839  67.352381  3.064
 69    81.664 54628.22907938  5.77 226.555299  67.355441  3.064
 69    81.375 54628.22908003  6.71 226.551759  67.358501  3.064
 69    81.404 54628.22908067  6.47 226.548229  67.361561  3.064
 69    82.028 54628.22908132  6.35 226.544689  67.364621  3.064
 69    89.988 54628.22908196  6.36 226.541149  67.367681  3.064
 69    90.300 54628.22908261  8.77 226.537609  67.370741  3.064
 69    91.966 54628.22908325  6.45 226.534059  67.373801  3.064
 69    93.057 54628.22908389  6.16 226.530519  67.376861  3.064
 69    93.464 54628.22908454  7.57 226.526979  67.379921  3.064
 69    93.843 54628.22908518 14.96 226.523429  67.382981  3.064
 71    83.980 54698.22905464  5.08 226.596342  67.329260  8.403
 71    81.930 54698.22905529  6.67 226.592813  67.332316  5.472
 71    82.178 54698.22905593  6.16 226.589283  67.335376  5.472
 71    77.024 54698.22905658  9.31 226.585753  67.338436  5.472
 71    74.664 54698.22905722 10.29 226.582223  67.341496  5.472
 71    54.765 54698.22905787 12.01 226.578683  67.344556  5.472
 71    60.913 54698.22905851  9.16 226.575153  67.347626  5.472
 71    56.433 54698.22906238 17.77 226.553933  67.365986  5.472
 71    58.029 54698.22906302 14.93 226.550393  67.369046  5.472
 71    77.756 54698.22906367 11.80 226.546853  67.372106  5.472
 72    88.315 54733.22904252  4.79 226.553905  67.346997  3.287
 72    88.735 54733.22904316  4.93 226.550365  67.350057  3.287
 72    91.026 54733.22904381  5.57 226.546825  67.353117  3.287
 72    91.188 54733.22904445  6.17 226.543285  67.356177  3.287
 72    82.959 54733.22904510  6.23 226.539745  67.359237  3.287
 72    82.384 54733.22904574  6.85 226.536205  67.362297  3.287
 72    82.000 54733.22904639  5.79 226.532665  67.365357  3.287
 72    92.214 54733.22904703  5.53 226.529125  67.368417  3.287
 72    92.150 54733.22904768  5.62 226.525585  67.371477  3.287
 72    92.596 54733.22904832  6.02 226.522035  67.374537  3.287
 72    93.097 54733.22904897  6.42 226.518495  67.377597  3.287
 72    93.362 54733.22904961  9.70 226.514955  67.380657  3.287
 72    93.814 54733.22905026 12.10 226.511403  67.383719  9.589
 72    93.753 54733.22905090 11.18 226.507853  67.386779  9.589
 73    83.252 54768.22903544 12.40 226.580911  67.334745  3.420
 73    82.731 54768.22903608 12.34 226.577381  67.337805  3.420
 73    82.691 54768.22903673 11.86 226.573841  67.340865  3.420
 73    82.292 54768.22903737 11.76 226.570311  67.343925  3.420
 73    81.074 54768.22903802 12.02 226.566781  67.346985  3.420
 73    80.702 54768.22903866 13.13 226.563241  67.350045  3.420
 73    81.090 54768.22903930 14.28 226.559701  67.353105  3.420
 73    80.675 54768.22903995 15.30 226.556171  67.356165  3.420
 73    80.233 54768.22904059 16.20 226.552631  67.359225  3.420
 73    80.214 54768.22904124 16.40 226.549091  67.362285  3.420
 73    88.241 54768.22904188 16.47 226.545551  67.365345  3.420
 73    89.652 54768.22904253 15.89 226.542011  67.368405  3.420
 73    91.075 54768.22904317 15.74 226.538471  67.371465  3.420
 73    91.344 54768.22904382 16.66 226.534931  67.374525  3.420
 73    92.747 54768.22904446 17.06 226.531391  67.377585  3.420
 73    93.315 54768.22904511 17.18 226.527841  67.380645  3.420
 74    86.926 54803.22903604  9.04 226.554660  67.345282  2.707
 74    83.093 54803.22903668  9.70 226.551130  67.348342  2.707
 74    83.125 54803.22903732  9.47 226.547590  67.351402  2.707
 74    91.301 54803.22903797  9.60 226.544050  67.354462  2.707
 74    92.131 54803.22903861 10.18 226.540520  67.357522  2.707
 74    82.685 54803.22903926 11.41 226.536980  67.360582  2.707
 74    82.121 54803.22903990 11.50 226.533440  67.363642  2.707
 74    81.356 54803.22904055 11.99 226.529890  67.366702  2.707
 74    80.856 54803.22904119 11.23 226.526350  67.369762  2.707
 74    92.415 54803.22904184 10.79 226.522810  67.372822  2.707
 74    92.355 54803.22904248 11.78 226.519260  67.375882  2.707
 74    92.475 54803.22904313 12.13 226.515720  67.378942  2.707
 74    92.788 54803.22904377 13.09 226.512170  67.382003  3.226
 74    93.267 54803.22904442 13.06 226.508630  67.385063  3.226
 74    93.201 54803.22904506 12.17 226.505080  67.388123  3.226
 75    83.029 54838.22902929  8.23 226.576708  67.336396  2.688
 75    82.378 54838.22902993  7.91 226.573168  67.339456  2.688
 75    82.536 54838.22903058  7.88 226.569638  67.342516  2.688
 75    81.279 54838.22903122  8.42 226.566108  67.345576  2.688
 75    80.633 54838.22903187  8.92 226.562568  67.348636  2.688
 75    80.707 54838.22903251  9.62 226.559038  67.351696  2.688
 75    80.908 54838.22903315  9.71 226.555498  67.354756  2.688
 75    80.411 54838.22903380 11.24 226.551958  67.357816  2.688
 75    80.224 54838.22903444 11.18 226.548418  67.360876  2.688
 75    79.892 54838.22903509 11.20 226.544878  67.363936  2.688
 75    89.217 54838.22903573 10.33 226.541338  67.366996  2.688
 75    90.127 54838.22903638 10.37 226.537798  67.370056  2.688
 75    91.049 54838.22903702 10.59 226.534258  67.373116  2.688
 75    92.334 54838.22903767 11.14 226.530718  67.376176  2.688
 75    92.977 54838.22903831 11.99 226.527178  67.379236  2.688
 75    93.666 54838.22903896 12.16 226.523628  67.382296  2.688
 76    82.325 54873.22903524  8.72 226.557834  67.345160  2.513
 76    86.987 54873.22903588  8.59 226.554294  67.348220  2.513
 76    82.011 54873.22903653  8.86 226.550754  67.351280  2.513
 76    82.623 54873.22903717  8.82 226.547214  67.354340  2.513
 76    82.373 54873.22903782  9.31 226.543684  67.357400  2.513
 76    91.193 54873.22903846 10.02 226.540144  67.360460  2.513
 76    86.844 54873.22903911 10.10 226.536604  67.363520  2.513
 76    80.770 54873.22903975  9.96 226.533064  67.366580  2.513
 76    90.507 54873.22904040  9.82 226.529514  67.369640  2.513
 76    91.641 54873.22904104  9.72 226.525974  67.372700  2.513
 76    92.426 54873.22904169 10.19 226.522434  67.375760  2.513
 76    92.991 54873.22904233 10.22 226.518884  67.378820  2.513
 76    93.181 54873.22904298 10.82 226.515341  67.381883  2.763
 76    93.396 54873.22904362 10.42 226.511801  67.384943  2.763
 76    93.391 54873.22904426 10.20 226.508251  67.388003  2.763
 77    83.048 54908.22903501  6.84 226.591418  67.331911  2.679
 77    82.343 54908.22903566  6.49 226.587888  67.334971  2.679
 77    81.327 54908.22903630  6.45 226.584358  67.338041  2.679
 77    80.902 54908.22903695  6.34 226.580828  67.341101  2.679
 77    81.284 54908.22903759  6.23 226.577288  67.344161  2.679
 77    79.494 54908.22903824  6.80 226.573758  67.347221  2.679
 77    79.188 54908.22903888  7.44 226.570228  67.350281  2.679
 77    88.061 54908.22904210  8.74 226.552548  67.365581  2.679
 77    89.604 54908.22904275  8.74 226.549008  67.368641  2.679
 77    90.251 54908.22904339  8.55 226.545468  67.371701  2.679
 77    91.860 54908.22904404  8.22 226.541928  67.374761  2.679
 78    83.664 54943.22902826  5.41 226.556303  67.344928  2.461
 78    82.761 54943.22902890  6.23 226.552773  67.347988  2.461
 78    89.480 54943.22902955  6.12 226.549233  67.351048  2.461
 78    90.053 54943.22903019  6.44 226.545693  67.354108  2.461
 78    82.903 54943.22903084  6.50 226.542163  67.357168  2.461
 78    84.600 54943.22903148  7.43 226.538623  67.360228  2.461
 78    81.852 54943.22903212  8.25 226.535083  67.363288  2.461
 78    91.426 54943.22903277  7.49 226.531533  67.366348  2.461
 78    91.203 54943.22903341  7.31 226.527993  67.369408  2.461
 78    92.265 54943.22903406  7.48 226.524453  67.372468  2.461
 78    92.822 54943.22903470  6.94 226.520913  67.375528  2.461
 78    93.247 54943.22903535  7.49 226.517363  67.378588  2.461
 78    93.417 54943.22903599  8.01 226.513816  67.381652  2.714
 78    93.610 54943.22903664  8.47 226.510276  67.384712  2.714
 78    93.479 54943.22903728  7.69 226.506726  67.387762  2.714
 79    84.454 54978.22905397  7.51 226.572467  67.338530  3.092
 79    83.834 54978.22905461  7.47 226.568927  67.341590  3.092
 79    82.932 54978.22905526  7.85 226.565397  67.344650  3.092
 79    82.664 54978.22905590  7.85 226.561857  67.347710  3.092
 79    82.112 54978.22905655  8.81 226.558327  67.350770  3.092
 79    82.579 54978.22905719  9.34 226.554787  67.353830  3.092
 79    82.236 54978.22905784 10.39 226.551247  67.356890  3.092
 79    81.841 54978.22905848 10.84 226.547717  67.359950  3.092
 79    81.783 54978.22905913  9.86 226.544177  67.363010  3.092
 79    82.351 54978.22905977 10.73 226.540637  67.366070  3.092
 79    90.750 54978.22906042 10.28 226.537097  67.369130  3.092
 79    91.832 54978.22906106 11.72 226.533547  67.372190  3.092
 79    92.534 54978.22906171 11.57 226.530007  67.375250  3.092
 79    93.225 54978.22906235 11.59 226.526467  67.378310  3.092
 79    93.806 54978.22906300 13.51 226.522927  67.381370  3.092
 79    93.996 54978.22906364 23.01 226.519379  67.384438 11.243
 80    83.435 55013.22905961  4.25 226.576989  67.336672  5.961
 80    80.015 55013.22906026  3.55 226.573449  67.339732  5.961
 80    82.651 55013.22906090  3.70 226.569919  67.342792  5.961
 80    85.680 55013.22906155  1.90 226.566389  67.345852  5.961
 80    88.155 55013.22906219  1.91 226.562849  67.348912  5.961
 80   105.589 55013.22906284  0.83 226.559319  67.351972  5.961
 80   105.754 55013.22906348  1.36 226.555779  67.355032  5.961
 80    91.166 55013.22906671  2.21 226.538079  67.370332  5.961
 80    92.200 55013.22906735  2.67 226.534539  67.373392  5.961
 80    92.916 55013.22906799  4.84 226.530999  67.376452  5.961
 80    93.448 55013.22906864  9.98 226.527459  67.379512  5.961
 80    93.770 55013.22906928 17.30 226.523909  67.382572  5.961
 81     6.413 55048.22905996 37.12 226.534767  67.371759 26.319
 81     5.163 55048.22906060 32.36 226.531227  67.374819 26.319
 81     5.300 55048.22906125 35.10 226.527687  67.377879 26.319
 81     5.528 55048.22906189 38.86 226.524137  67.380939 26.319
 81     5.194 55048.22906254 30.83 226.520597  67.383999 26.319
 82    87.907 55083.22902007  2.79 226.601737  67.326615  7.629
 82    82.908 55083.22902071  4.17 226.598207  67.329685  7.629
 82    81.337 55083.22902136  4.17 226.594677  67.332742  6.516
 82    81.709 55083.22902200  3.50 226.591147  67.335802  6.516
 82    81.078 55083.22902265  3.70 226.587617  67.338862  6.516
 82    81.373 55083.22902329  3.48 226.584087  67.341922  6.516
 82    78.136 55083.22902393  4.98 226.580557  67.344992  6.516
 82    78.161 55083.22902458  6.43 226.577027  67.348052  6.516
 82    75.924 55083.22902845  9.10 226.555807  67.366412  6.516
 82    74.642 55083.22902909  9.36 226.552267  67.369472  6.516
 83    82.576 55118.22898638 16.30 226.557246  67.346238  4.781
 83    82.735 55118.22898702 17.13 226.553716  67.349298  4.781
 83    83.085 55118.22898767 17.19 226.550176  67.352358  4.781
 83    83.016 55118.22898831 17.51 226.546636  67.355418  4.781
 83    82.771 55118.22898896 16.99 226.543096  67.358478  4.781
 83    82.452 55118.22898960 16.92 226.539556  67.361538  4.781
 83    81.945 55118.22899025 16.64 226.536016  67.364598  4.781
 83    81.328 55118.22899089 16.39 226.532476  67.367658  4.781
 83    90.934 55118.22899154 17.34 226.528936  67.370718  4.781
 83    91.951 55118.22899218 17.56 226.525386  67.373778  4.781
 83    92.878 55118.22899283 19.29 226.521846  67.376838  4.781
 83    93.380 55118.22899347 19.83 226.518306  67.379898  4.781
 83    93.668 55118.22899412 21.37 226.514756  67.382958  4.781
 84    82.602 55153.22898053 14.73 226.581434  67.334714  4.176
 84    82.304 55153.22898117 14.75 226.577904  67.337784  4.176
 84    81.798 55153.22898181 13.49 226.574374  67.340844  4.176
 84    81.750 55153.22898246 13.03 226.570844  67.343904  4.176
 84    80.486 55153.22898310 13.28 226.567304  67.346964  4.176
 84    85.812 55153.22898375 14.18 226.563774  67.350024  4.176
 84    80.920 55153.22898439 15.20 226.560234  67.353084  4.176
 84    80.736 55153.22898504 15.96 226.556704  67.356144  4.176
 84    80.505 55153.22898568 16.74 226.553164  67.359204  4.176
 84    80.537 55153.22898633 16.91 226.549624  67.362264  4.176
 84    88.182 55153.22898697 16.89 226.546084  67.365324  4.176
 84    90.207 55153.22898762 17.13 226.542544  67.368384  4.176
 84    90.846 55153.22898826 16.68 226.539004  67.371444  4.176
 84    92.088 55153.22898891 17.85 226.535464  67.374504  4.176
 84    92.662 55153.22898955 18.27 226.531924  67.377564  4.176
 84    93.301 55153.22899020 19.21 226.528384  67.380624  4.176
 85    82.792 55188.22897468 12.29 226.554705  67.345775  3.021
 85    82.872 55188.22897532 12.78 226.551165  67.348835  3.021
 85    90.879 55188.22897597 13.02 226.547625  67.351895  3.021
 85    83.426 55188.22897661 13.60 226.544085  67.354955  3.021
 85    82.972 55188.22897726 13.65 226.540545  67.358015  3.021
 85    97.172 55188.22897790 15.16 226.537015  67.361075  3.021
 85    91.233 55188.22897855 15.08 226.533465  67.364135  3.021
 85    89.120 55188.22897919 15.01 226.529925  67.367195  3.021
 85    91.481 55188.22897984 14.76 226.526385  67.370255  3.021
 85    91.904 55188.22898048 15.03 226.522845  67.373315  3.021
 85    92.402 55188.22898112 15.10 226.519295  67.376375  3.021
 85    92.955 55188.22898177 15.33 226.515755  67.379435  3.021
 85    93.195 55188.22898241 16.84 226.512211  67.382498  3.366
 85    93.484 55188.22898306 16.11 226.508661  67.385558  3.366
 85    93.447 55188.22898370 15.84 226.505111  67.388618  3.366
 86    82.645 55223.22897939 11.39 226.581959  67.333781  2.938
 86    82.434 55223.22898003 11.24 226.578429  67.336841  2.938
 86    81.940 55223.22898068 11.20 226.574899  67.339901  2.938
 86    81.453 55223.22898132 11.15 226.571369  67.342961  2.938
 86    83.633 55223.22898197 10.66 226.567829  67.346021  2.938
 86    80.287 55223.22898261 11.72 226.564299  67.349081  2.938
 86    87.494 55223.22898326 11.91 226.560759  67.352141  2.938
 86    87.420 55223.22898390 12.84 226.557229  67.355201  2.938
 86    87.965 55223.22898455 13.65 226.553689  67.358261  2.938
 86    80.137 55223.22898519 13.50 226.550149  67.361321  2.938
 86    79.863 55223.22898584 13.18 226.546609  67.364381  2.938
 86    88.947 55223.22898648 13.76 226.543079  67.367441  2.938
 86    89.622 55223.22898713 13.97 226.539539  67.370501  2.938
 86    90.010 55223.22898777 13.32 226.535989  67.373561  2.938
 86    91.539 55223.22898841 14.11 226.532449  67.376621  2.938
 86    93.121 55223.22898906 14.08 226.528909  67.379681  2.938
 87    80.103 55258.22896910 10.73 226.568920  67.340066  2.819
 87    81.718 55258.22896975  8.89 226.565390  67.343126  2.819
 87    81.730 55258.22897039  9.39 226.561850  67.346186  2.819
 87    87.551 55258.22897104  9.43 226.558320  67.349246  2.819
 87    82.161 55258.22897168 10.20 226.554780  67.352306  2.819
 87    82.092 55258.22897233 10.99 226.551240  67.355366  2.819
 87    84.651 55258.22897297 11.85 226.547710  67.358426  2.819
 87    81.227 55258.22897362 12.54 226.544170  67.361486  2.819
 87    90.792 55258.22897426 12.20 226.540630  67.364546  2.819
 87    89.234 55258.22897491 12.84 226.537090  67.367606  2.819
 87    90.750 55258.22897555 12.70 226.533550  67.370666  2.819
 87    91.406 55258.22897620 12.50 226.530000  67.373726  2.819
 87    91.992 55258.22897684 13.12 226.526460  67.376786  2.819
 87    93.221 55258.22897749 13.67 226.522920  67.379846  2.819
 87    93.650 55258.22897813 13.88 226.519373  67.382909  2.919
 88    82.218 55293.22896616  7.10 226.593036  67.331039  3.140
 88    81.789 55293.22896680  7.00 226.589506  67.334099  3.140
 88    81.148 55293.22896745  6.83 226.585976  67.337159  3.140
 88    80.750 55293.22896809  7.31 226.582446  67.340219  3.140
 88    80.180 55293.22896874  6.63 226.578916  67.343289  3.140
 88    79.684 55293.22896938  6.75 226.575386  67.346349  3.140
 88    78.953 55293.22897003  7.94 226.571846  67.349409  3.140
 88    93.467 55293.22897325  9.72 226.554166  67.364709  3.140
 88    79.418 55293.22897389 10.01 226.550626  67.367769  3.140
 88    89.746 55293.22897454 10.41 226.547096  67.370829  3.140
 88    91.327 55293.22897518 10.12 226.543556  67.373889  3.140
 89    84.172 55328.22895295  4.42 226.566513  67.341837  3.329
 89    86.462 55328.22895359  4.47 226.562983  67.344897  3.329
 89    82.235 55328.22895424  4.78 226.559443  67.347957  3.329
 89    82.381 55328.22895488  5.24 226.555913  67.351017  3.329
 89    82.506 55328.22895553  5.78 226.552373  67.354077  3.329
 89    90.846 55328.22895617  5.71 226.548833  67.357137  3.329
 89    97.070 55328.22895682  5.61 226.545293  67.360197  3.329
 89    97.112 55328.22895746  5.62 226.541753  67.363257  3.329
 89    89.082 55328.22895811  6.42 226.538213  67.366317  3.329
 89    91.334 55328.22895875  5.71 226.534673  67.369377  3.329
 89    92.226 55328.22895940  6.36 226.531133  67.372437  3.329
 89    92.744 55328.22896004  6.53 226.527593  67.375497  3.329
 89    93.390 55328.22896069  7.79 226.524043  67.378557  3.329
 89    93.656 55328.22896133  8.19 226.520503  67.381617  3.329
 89    93.921 55328.22896198 11.46 226.516953  67.384677  3.329
 90    84.594 55363.22894629  4.72 226.584535  67.334313  5.225
 90    85.059 55363.22894693  4.56 226.581005  67.337383  5.225
 90    83.387 55363.22894758  4.51 226.577475  67.340443  5.225
 90    82.331 55363.22894822  4.52 226.573945  67.343503  5.225
 90    80.102 55363.22894886  5.81 226.570405  67.346563  5.225
 90    79.977 55363.22894951  7.76 226.566875  67.349623  5.225
 90    49.342 55363.22895080 18.58 226.559805  67.355743  5.225
 90    53.138 55363.22895144 16.73 226.556265  67.358803  5.225
 90    53.198 55363.22895209 17.33 226.552725  67.361863  5.225
 90    56.093 55363.22895273 17.21 226.549185  67.364923  5.225
 90    60.588 55363.22895338 15.26 226.545655  67.367983  5.225
 90    61.746 55363.22895402 11.21 226.542105  67.371043  5.225
 90    62.009 55363.22895467 10.72 226.538565  67.374103  5.225
 90    61.947 55363.22895531 10.78 226.535025  67.377163  5.225
 90    62.236 55363.22895596 10.87 226.531485  67.380223  5.225
 91    82.595 55398.22895824  8.00 226.554669  67.346667  3.433
 91    82.749 55398.22895888  7.32 226.551129  67.349727  3.433
 91    82.497 55398.22895953  8.17 226.547589  67.352787  3.433
 91    82.353 55398.22896017  8.75 226.544049  67.355847  3.433
 91    81.721 55398.22896082  8.82 226.540509  67.358907  3.433
 91    80.645 55398.22896146  9.71 226.536969  67.361967  3.433
 91    59.504 55398.22896211  9.85 226.533429  67.365027  3.433
 91    79.513 55398.22896275  9.25 226.529889  67.368087  3.433
 91    93.806 55398.22896597 11.99 226.512172  67.383389  8.858
 91    95.531 55398.22896662  9.26 226.508622  67.386449  8.858
 91    93.659 55398.22896726 12.83 226.505072  67.389509  8.858
 92    84.257 55433.22896208  5.69 226.581846  67.333674  5.036
 92    83.452 55433.22896273  5.82 226.578316  67.336734  5.036
 92    82.737 55433.22896337  5.04 226.574776  67.339794  5.036
 92    82.448 55433.22896402  4.95 226.571246  67.342854  5.036
 92    80.894 55433.22896466  5.49 226.567716  67.345914  5.036
 92    80.681 55433.22896531  6.23 226.564176  67.348974  5.036
 92    80.876 55433.22896595  6.51 226.560646  67.352034  5.036
 92    80.765 55433.22896659  7.97 226.557106  67.355094  5.036
 92    80.151 55433.22896724  9.25 226.553566  67.358154  5.036
 92    58.677 55433.22896788 10.88 226.550026  67.361214  5.036
 92    59.483 55433.22896853 11.24 226.546486  67.364274  5.036
 92    60.848 55433.22896917 10.45 226.542946  67.367334  5.036
 92    63.529 55433.22896982 10.82 226.539406  67.370394  5.036
 92    90.710 55433.22897046  7.32 226.535866  67.373454  5.036
 93    83.177 55468.22891765 11.84 226.603548  67.327824  8.040
 93    82.665 55468.22891829 10.98 226.600018  67.330894  8.040
 93    81.386 55468.22891894  9.21 226.596488  67.333950  9.723
 93    81.071 55468.22891958 10.10 226.592958  67.337010  9.723
 93    77.023 55468.22892023 10.72 226.589428  67.340070  9.723
 93    76.772 55468.22892087  9.90 226.585898  67.343140  9.723
 93    79.411 55468.22892152  8.92 226.582368  67.346200  9.723
