# NaN NaN NaN ;Mean Elev.(m), Avg Gradient(m/km), RMS Gradient(m/km) - SRTM1     
#   16.413  -3.223   4.997 ;Mean Elev.(m), Avg Gradient(m/km), RMS Gradient(m/km) - ASTER GDEM
#    8.529  -3.186   4.844 ;Mean Elev.(m), Avg Gradient(m/km), RMS Gradient(m/km) - GMTED2010 
  8    14.626 52497.84803131 20.70 225.977433  67.585846  8.410
  8     5.122 52497.84803195 18.54 225.973833  67.582796  8.410
  8    15.819 52497.84803260 17.92 225.970233  67.579736  8.410
 10     4.174 52567.84804406 44.61 225.988643  67.582225  9.842
 10     4.392 52567.84804471 45.59 225.985043  67.579175  9.842
 10     4.643 52567.84804535 46.58 225.981443  67.576115  9.842
 11     4.439 52602.84804144 26.05 225.974688  67.589793  7.452
 11     4.439 52602.84804209 29.44 225.971088  67.586743  7.452
 11     4.456 52602.84804273 26.89 225.967488  67.583683  7.452
 11     4.604 52602.84804338 27.49 225.963888  67.580633  7.452
 12     3.783 52637.84801438 27.57 225.988558  67.582408  5.920
 12     3.618 52637.84801502 24.34 225.984958  67.579348  5.920
 12     4.153 52637.84801567 22.07 225.981348  67.576298  5.920
 13    14.634 52672.84801450 17.73 225.979532  67.588404  5.330
 13     3.528 52672.84801515 20.49 225.975932  67.585344  5.330
 13     3.645 52672.84801579 18.69 225.972332  67.582294  5.330
 13     3.604 52672.84801643 18.26 225.968732  67.579234  5.330
 14    23.027 52707.84802072  6.24 225.990880  67.584721  3.847
 14    14.919 52707.84802137  9.43 225.987270  67.581671  3.847
 14    15.060 52707.84802201  9.92 225.983670  67.578611  3.847
 14    15.613 52707.84802265 11.05 225.980070  67.575561  3.847
 15    14.823 52742.84805150  8.89 225.974972  67.587765  3.515
 15    22.344 52742.84805215  8.42 225.971372  67.584705  3.515
 15    14.496 52742.84805279  7.34 225.967772  67.581655  3.515
 17    40.481 52812.84807232 13.02 225.989742  67.582054  8.535
 17    39.105 52812.84807296 12.29 225.986142  67.578994  8.535
 17    15.935 52812.84807361 23.85 225.982532  67.575944  8.535
 18    13.536 52847.84812599 16.54 225.992231  67.583849  6.888
 18    15.640 52847.84812664 13.21 225.988631  67.580799  6.888
 18    16.145 52847.84812728 16.06 225.985021  67.577739  6.888
 18    16.337 52847.84812793 24.63 225.981421  67.574689  6.888
 19    14.421 52882.84816217 19.46 225.980242  67.586457 10.445
 19    14.256 52882.84816281 17.86 225.976642  67.583407 10.445
 19    14.467 52882.84816346 17.21 225.973042  67.580347 10.445
 19    14.555 52882.84816410 29.12 225.969442  67.577297 10.445
 20    14.631 52917.84811907 19.28 225.975488  67.586709  8.987
 20     3.992 52917.84811972 20.05 225.971888  67.583649  8.987
 20     4.306 52917.84812036 20.49 225.968288  67.580589  8.987
 21     5.708 52952.84808144 38.64 225.998338  67.581059 10.326
 21     5.512 52952.84808209 39.21 225.994738  67.578009 10.326
 21     5.893 52952.84808273 37.33 225.991138  67.574949 10.326
 21     5.376 52952.84808338 35.20 225.987538  67.571899 10.326
 22    14.360 52987.84809340 11.09 225.989469  67.582636  3.782
 22    15.040 52987.84809404 10.63 225.985869  67.579586  3.782
 22    15.385 52987.84809468 10.18 225.982269  67.576526  3.782
 23    37.984 53022.84808112  5.57 225.980325  67.585654  3.003
 23    36.452 53022.84808176  6.27 225.976725  67.582594  3.003
 23    21.123 53022.84808241  7.45 225.973125  67.579544  3.003
 24    21.718 53057.84807471  6.18 225.991810  67.582359  2.840
 24    14.886 53057.84807536  6.91 225.988210  67.579299  2.840
 24    24.304 53057.84807600  5.53 225.984610  67.576249  2.840
 24    18.753 53057.84807665  5.55 225.981010  67.573189  2.840
 25    25.480 53092.84811183  3.93 225.968154  67.590687  2.583
 25    20.368 53092.84811247  4.80 225.964554  67.587637  2.583
 25    24.482 53092.84811312  4.23 225.960954  67.584587  2.583
 25    24.987 53092.84811376  4.64 225.957354  67.581527  2.583
 26    38.937 53127.84808477  0.11 225.986334  67.576587  1.864
 26    37.447 53127.84808542  0.24 225.982734  67.573537  2.298
 28     4.534 53197.84814849 46.69 225.982714  67.583782 13.064
 28     4.483 53197.84814914 50.42 225.979114  67.580722 13.064
 28     4.812 53197.84814978 47.95 225.975514  67.577672 13.064
 29     2.695 53232.84812440 37.50 225.983548  67.584142 12.588
 29    -0.831 53232.84812504 28.60 225.979948  67.581092 12.588
 29    15.436 53232.84812568 16.74 225.976348  67.578032 12.588
 30    15.278 53267.84809172 38.81 225.968674  67.591941 15.644
 30    15.408 53267.84809236 28.54 225.965074  67.588891 15.644
 30    14.512 53267.84809301 23.80 225.961474  67.585831 15.644
 30    14.392 53267.84809365 15.54 225.957874  67.582781 15.644
 31     4.878 53302.84814893 37.05 225.982308  67.584177 11.330
 31     5.350 53302.84814957 37.27 225.978698  67.581127 11.330
 31     4.077 53302.84815022 44.78 225.975098  67.578067 11.330
 32    37.787 53337.84811816 13.05 225.979640  67.587514  4.550
 32    23.078 53337.84811881 12.79 225.976040  67.584454  4.550
 32     4.184 53337.84811945 14.94 225.972440  67.581404  4.550
 32    20.966 53337.84812009 13.40 225.968840  67.578344  4.550
 35    37.404 53442.84807584  7.01 225.970755  67.590402  3.350
 35    35.659 53442.84807649  7.65 225.967155  67.587352  3.350
 35    34.358 53442.84807713  7.26 225.963555  67.584292  3.350
 35    32.805 53442.84807778  6.69 225.959955  67.581242  3.350
 36    38.286 53477.84814918  5.92 225.984111  67.585407  3.091
 36    14.118 53477.84814983  7.67 225.980501  67.582347  3.091
 36    22.278 53477.84815047  6.97 225.976901  67.579297  3.091
 36    14.625 53477.84815112  7.68 225.973301  67.576237  3.091
 37    39.483 53512.84816000 19.58 225.981849  67.584811  7.013
 37    38.002 53512.84816065 19.12 225.978249  67.581761  7.013
 37    36.171 53512.84816129 20.78 225.974649  67.578701  7.013
 38    15.290 53547.84817761 26.06 225.975157  67.588025  7.709
 38    35.454 53547.84817825 14.54 225.971557  67.584975  7.709
 38    23.954 53547.84817890 15.63 225.967957  67.581915  7.709
 39    11.361 53582.84814555 40.85 225.979527  67.588166  9.613
 39    14.731 53582.84814619 15.12 225.975927  67.585116  9.613
 39    13.846 53582.84814684 16.04 225.972327  67.582056  9.613
 39    14.875 53582.84814748 16.55 225.968727  67.579006  9.613
 40    15.724 53617.84810146 20.67 225.966716  67.589833 13.558
 40     4.845 53617.84810210 22.10 225.963116  67.586783 13.558
 40     5.405 53617.84810275 20.83 225.959516  67.583723 13.558
 41    14.927 53652.84812191 19.41 225.986884  67.583851  8.429
 41    15.366 53652.84812256 19.69 225.983274  67.580791  8.429
 41    15.795 53652.84812320 19.28 225.979674  67.577741  8.429
 41    15.775 53652.84812385 28.87 225.976074  67.574681  8.429
 42     4.635 53687.84812300 20.84 225.977159  67.585732  6.805
 42     4.416 53687.84812365 19.97 225.973559  67.582672  6.805
 42     4.467 53687.84812429 17.21 225.969959  67.579622  6.805
 43     3.969 53722.84804767 14.26 225.972585  67.589253  4.507
 43     4.334 53722.84804831 14.85 225.968985  67.586203  4.507
 43     9.531 53722.84804896 13.88 225.965385  67.583143  4.507
 43     4.301 53722.84804960 13.63 225.961785  67.580093  4.507
 44    42.523 53757.84798360  4.08 225.998316  67.582229  4.847
 44     3.911 53757.84798554 15.53 225.987506  67.573069  4.847
 45     7.583 53792.84800650 12.17 225.981986  67.586200  3.966
 45    14.180 53792.84800715 13.05 225.978386  67.583140  3.966
 45    13.477 53792.84800779 12.32 225.974786  67.580090  3.966
 45    14.851 53792.84800844 11.42 225.971186  67.577030  3.966
 46    43.607 53827.84797478  3.94 225.999253  67.581947  2.684
 46    42.090 53827.84797543  4.14 225.995643  67.578887  2.684
 46    39.752 53827.84797607  7.43 225.992043  67.575837  2.684
 46    36.871 53827.84797672  8.32 225.988443  67.572777  2.684
 47    40.442 53862.84806015  0.91 225.984307  67.583137  1.934
 47    38.987 53862.84806079  1.40 225.980697  67.580077  1.934
 47    37.367 53862.84806144  2.12 225.977097  67.577027  1.934
 48    39.920 53897.84808264 14.23 225.984894  67.583786  7.798
 48    38.411 53897.84808329 14.06 225.981284  67.580726  7.798
 48    36.425 53897.84808393 18.03 225.977684  67.577676  7.798
 49    15.772 53932.84812958 17.66 225.973220  67.587480  8.301
 49    24.405 53932.84813022 13.44 225.969610  67.584430  8.301
 49    23.091 53932.84813086 14.91 225.966010  67.581370  8.301
 50     4.795 53967.84810284 41.13 225.973509  67.588242  9.349
 50     4.585 53967.84810349 43.55 225.969909  67.585192  9.349
 50     4.965 53967.84810413 37.85 225.966309  67.582132  9.349
 51    42.299 54002.84807072 14.31 225.998826  67.580573  6.323
 51    40.556 54002.84807136 15.37 225.995216  67.577513  6.323
 51    38.738 54002.84807200 16.76 225.991616  67.574463  6.323
 51    25.414 54002.84807265 23.86 225.988016  67.571403  6.323
 52     4.131 54037.84810739 45.64 225.987589  67.582524 10.709
 52     4.501 54037.84810803 43.20 225.983979  67.579464 10.709
 52     4.370 54037.84810868 46.38 225.980379  67.576414 10.709
 53    15.070 54072.84810145 14.97 225.982058  67.586083  4.600
 53    14.104 54072.84810210 15.88 225.978458  67.583023  4.600
 53    13.713 54072.84810274 14.17 225.974858  67.579973  4.600
 53    15.252 54072.84810339 14.82 225.971258  67.576913  4.600
 54    15.223 54107.84804943 12.65 225.968314  67.590851  3.975
 54    15.064 54107.84805008 12.11 225.964714  67.587801  3.975
 54    14.486 54107.84805072 11.63 225.961114  67.584741  3.975
 54    14.191 54107.84805137 11.30 225.957514  67.581691  3.975
 55    13.274 54142.84803719 10.11 225.987164  67.582866  3.801
 55    14.724 54142.84803783 10.93 225.983554  67.579806  3.801
 55    15.526 54142.84803848  8.84 225.979954  67.576756  3.801
 56    15.195 54177.84803236  7.13 225.975435  67.590107  3.376
 56    14.911 54177.84803300  8.80 225.971835  67.587057  3.376
 56    14.552 54177.84803365  8.88 225.968235  67.583997  3.376
 56    13.743 54177.84803429  8.75 225.964635  67.580947  3.376
 57    39.035 54212.84804426  5.68 225.986563  67.584823  3.974
 57    13.030 54212.84804555  8.39 225.979353  67.578713  3.974
 57     3.673 54212.84804620  8.95 225.975753  67.575653  3.974
 58     8.535 54247.84807283 32.95 225.984823  67.585358  8.316
 58     8.386 54247.84807348 32.26 225.981213  67.582308  8.316
 58     8.150 54247.84807412 30.62 225.977613  67.579248  8.316
 58    22.140 54247.84807477 30.22 225.974013  67.576198  8.316
 60     5.358 54317.84808035 49.03 225.979767  67.584660 11.738
 60     4.717 54317.84808100 52.12 225.976167  67.581600 11.738
 60     5.910 54317.84808164 49.02 225.972567  67.578550 11.738
 61    15.412 54352.84804502 26.47 225.975364  67.588825  9.475
 61    15.449 54352.84804566 15.43 225.971764  67.585775  9.475
 61     4.541 54352.84804631 18.65 225.968164  67.582715  9.475
 61     4.527 54352.84804695 19.71 225.964564  67.579665  9.475
 62    38.929 54387.84802009 14.08 225.984193  67.584115  6.427
 62    15.010 54387.84802074 16.60 225.980593  67.581055  6.427
 62    21.845 54387.84802138 14.14 225.976993  67.578005  6.427
 63    15.361 54422.84799477 16.10 225.978263  67.589165  7.113
 63     6.972 54422.84799541 18.20 225.974663  67.586115  7.113
 63     6.731 54422.84799606 21.15 225.971063  67.583055  7.113
 63    14.249 54422.84799670 19.31 225.967463  67.580005  7.113
 64    13.064 54457.84799418 12.94 225.992630  67.582950  4.300
 64    14.784 54457.84799482 13.23 225.989020  67.579890  4.300
 64    15.645 54457.84799547 14.52 225.985420  67.576840  4.300
 64    15.772 54457.84799611 15.15 225.981820  67.573780  4.300
 65    24.770 54492.84799838 10.38 225.977121  67.586364  3.515
 65    15.027 54492.84799902  9.72 225.973521  67.583304  3.515
 65    21.985 54492.84799967 10.54 225.969921  67.580254  3.515
 66    40.214 54527.84800678  8.62 225.989600  67.584439  3.583
 66    22.130 54527.84800742  9.72 225.985990  67.581379  3.583
 66    22.007 54527.84800807  9.64 225.982390  67.578329  3.583
 66    19.667 54527.84800871 10.14 225.978790  67.575269  3.583
 67    38.393 54562.84800566  5.95 225.974157  67.588797  2.133
 67    36.790 54562.84800631  6.19 225.970557  67.585747  2.133
 67    34.549 54562.84800695  6.34 225.966957  67.582687  2.133
 67    25.682 54562.84800760  6.38 225.963357  67.579637  2.133
 68    39.797 54597.84800226  3.75 225.983193  67.585682  4.128
 68    38.643 54597.84800290  3.41 225.979583  67.582632  4.128
 68    36.801 54597.84800354  3.77 225.975983  67.579572  4.128
 68    26.055 54597.84800419  4.59 225.972383  67.576522  4.128
 69     5.393 54632.84801578 42.89 225.980776  67.584799 13.670
 69     6.363 54632.84801643 43.60 225.977176  67.581739 13.670
 69     6.221 54632.84801707 46.08 225.973576  67.578689 13.670
 70     5.804 54667.84802124 48.15 225.978891  67.585086 10.309
 70     6.200 54667.84802188 47.80 225.975291  67.582026 10.309
 70     6.426 54667.84802253 46.42 225.971691  67.578976 10.309
 71     3.624 54702.84798679 45.07 225.975258  67.587717  8.201
 71     3.977 54702.84798743 21.80 225.971658  67.584667  8.201
 71    14.607 54702.84798807 18.76 225.968058  67.581607  8.201
 72    14.269 54737.84798244 16.17 225.989086  67.583138  8.849
 72    14.953 54737.84798308 15.82 225.985476  67.580088  8.849
 72    15.611 54737.84798373 22.11 225.981876  67.577028  8.849
 72    16.127 54737.84798437 32.18 225.978276  67.573978  8.849
 73    15.309 54772.84796787 18.82 225.979334  67.587698  5.143
 73    14.394 54772.84796851 18.68 225.975734  67.584638  5.143
 73    13.982 54772.84796916 20.29 225.972134  67.581588  5.143
 73     5.122 54772.84796980 19.50 225.968534  67.578528  5.143
 74    13.988 54807.84797579 13.90 225.991160  67.584373  5.279
 74     3.470 54807.84797643 17.13 225.987550  67.581313  5.279
 74    14.208 54807.84797707 14.81 225.983950  67.578263  5.279
 74    15.954 54807.84797772 16.09 225.980350  67.575203  5.279
 75    38.800 54842.84796464  8.17 225.981514  67.588072  3.121
 75    37.223 54842.84796529  9.80 225.977904  67.585022  3.121
 75    22.131 54842.84796593  9.43 225.974304  67.581962  3.121
 75    21.305 54842.84796658  9.10 225.970704  67.578912  3.121
 76    39.815 54877.84797811  5.36 225.985442  67.585805  2.651
 76    37.443 54877.84797875  7.02 225.981832  67.582745  2.651
 76    36.301 54877.84797940  6.66 225.978232  67.579695  2.651
 76    26.585 54877.84798004  6.77 225.974632  67.576635  2.651
 77    37.774 54912.84796952  5.54 225.972046  67.588352  2.387
 77    35.429 54912.84797016  6.41 225.968446  67.585292  2.387
 77    33.912 54912.84797081  6.52 225.964846  67.582242  2.387
 79     9.027 54982.84799590 43.75 225.982454  67.586547 10.857
 79     8.481 54982.84799655 45.06 225.978844  67.583497 10.857
 79     9.556 54982.84799719 39.78 225.975244  67.580437 10.857
 79     9.518 54982.84799784 46.69 225.971644  67.577387 10.857
 80    25.124 55017.84799481 17.02 225.981615  67.585069  8.500
 80    24.584 55017.84799545 13.77 225.978015  67.582009  8.500
 80    15.301 55017.84799610 16.83 225.974415  67.578959  8.500
 81    14.768 55052.84798990 17.35 225.981374  67.586478  8.655
 81    14.522 55052.84799055 15.58 225.977774  67.583428  8.655
 81    15.544 55052.84799119 13.77 225.974174  67.580368  8.655
 81    14.699 55052.84799184 25.68 225.970574  67.577318  8.655
 82    29.545 55087.84795246 19.57 225.972161  67.588819  7.303
 82    35.289 55087.84795310 16.90 225.968561  67.585769  7.303
 82    14.470 55087.84795375 20.36 225.964961  67.582709  7.303
 83     3.738 55122.84792636 41.61 225.986274  67.582222 11.398
 83     2.886 55122.84792701 42.33 225.982674  67.579172 11.398
 83     4.410 55122.84792765 34.49 225.979074  67.576112 11.398
 84    15.024 55157.84791341 17.08 225.975425  67.587284  4.491
 84    14.893 55157.84791406 16.37 225.971825  67.584224  4.491
 84    14.011 55157.84791470 15.52 225.968225  67.581174  4.491
 85    13.752 55192.84791568 12.81 225.990247  67.583234  4.375
 85    12.786 55192.84791633 13.43 225.986637  67.580174  4.375
 85     7.530 55192.84791697 13.03 225.983037  67.577124  4.375
 85    11.357 55192.84791762 12.31 225.979437  67.574064  4.375
 86    36.588 55227.84791485 11.47 225.974547  67.587349  3.834
 86    35.885 55227.84791549 10.78 225.970947  67.584289  3.834
 86    13.806 55227.84791614 10.21 225.967347  67.581239  3.834
 87    39.549 55262.84791082  9.38 225.985819  67.586431  3.613
 87     7.266 55262.84791146 10.73 225.982209  67.583371  3.613
 87    14.177 55262.84791211  8.60 225.978609  67.580321  3.613
 87    12.495 55262.84791275  8.86 225.975009  67.577261  3.613
 88    38.068 55297.84789845  7.88 225.974985  67.588415  3.400
 88    35.855 55297.84789909  6.85 225.971385  67.585365  3.400
 88    35.377 55297.84789974  6.11 225.967785  67.582305  3.400
 88    33.235 55297.84790038  6.57 225.964185  67.579255  3.400
 89    25.056 55332.84788979 23.63 225.979441  67.586443  9.531
 89    37.098 55332.84789044 19.46 225.975841  67.583393  9.531
 89    36.046 55332.84789108 17.44 225.972241  67.580333  9.531
 90    39.244 55367.84788174 17.93 225.980600  67.587286 10.239
 90    38.055 55367.84788238 13.17 225.977000  67.584236 10.239
 90    23.636 55367.84788303 17.64 225.973400  67.581176 10.239
 90    14.258 55367.84788367 26.40 225.969800  67.578126 10.239
 91    40.625 55402.84789724 13.12 225.988707  67.583256 11.388
 91    38.968 55402.84789789 12.39 225.985097  67.580196 11.388
 91    15.777 55402.84789853 21.60 225.981497  67.577146 11.388
 91    15.829 55402.84789918 33.05 225.977897  67.574086 11.388
 92    39.046 55437.84789963 18.91 225.979936  67.586469 10.874
 92    37.401 55437.84790027 18.63 225.976336  67.583419 10.874
 92     4.222 55437.84790091 24.75 225.972736  67.580359 10.874
 92    14.146 55437.84790156 34.47 225.969136  67.577309 10.874
 93     3.719 55472.84784830 43.65 225.973197  67.589449 12.486
 93     2.613 55472.84784894 37.01 225.969597  67.586399 12.486
 93     4.482 55472.84784959 31.96 225.965997  67.583339 12.486
 93     3.568 55472.84785023 40.57 225.962397  67.580289 12.486
