# NaN NaN NaN ;Mean Elev.(m), Avg Gradient(m/km), RMS Gradient(m/km) - SRTM1     
#    5.249  -3.815  10.639 ;Mean Elev.(m), Avg Gradient(m/km), RMS Gradient(m/km) - ASTER GDEM
#   21.187  -3.506  10.178 ;Mean Elev.(m), Avg Gradient(m/km), RMS Gradient(m/km) - GMTED2010 
  7    88.155 52468.21890330  4.33 231.358438  66.258439  4.948
  7    82.135 52468.21890395  4.69 231.355188  66.261529  4.948
  7    74.818 52468.21890459  5.19 231.351928  66.264609  4.948
  7    71.269 52468.21890524  5.25 231.348678  66.267689  4.948
  7    69.523 52468.21890588  3.05 231.345418  66.270779  4.948
  8    55.186 52503.21889263 12.70 231.360517  66.260576 15.743
  8    28.053 52503.21889327 13.57 231.357257  66.263656 15.743
  8    56.080 52503.21889391 14.64 231.354007  66.266746 15.743
  8    28.450 52503.21889456 18.48 231.350747  66.269826 15.743
  8    28.109 52503.21889520 26.51 231.347487  66.272906 15.743
  9    74.794 52538.21887676 14.08 231.343878  66.256014 10.251
  9    74.812 52538.21887740 12.67 231.340618  66.259094 10.251
  9    69.754 52538.21887805 13.00 231.337358  66.262184 10.251
 10    87.910 52573.21891699 11.67 231.354333  66.257338 10.198
 10    82.045 52573.21891763 10.92 231.351083  66.260418 10.198
 10    81.779 52573.21891828 11.24 231.347822  66.263503  4.957
 10    79.325 52573.21891892  8.91 231.344562  66.266583  4.957
 11    80.430 52608.21887596  9.90 231.361311  66.262765  5.058
 11    74.953 52608.21887660  9.88 231.358051  66.265845  5.058
 11    74.443 52608.21887725  8.14 231.354801  66.268925  5.058
 11    68.785 52608.21887789  8.80 231.351541  66.272005  5.058
 11    69.191 52608.21887854  8.75 231.348281  66.275095  5.058
 12    88.703 52643.21887071  9.50 231.352014  66.255421  3.818
 12    85.879 52643.21887135  9.15 231.348754  66.258501  3.818
 12    80.227 52643.21887200 10.37 231.345504  66.261591  3.818
 12    80.063 52643.21887264  7.17 231.342244  66.264671  3.818
 13    80.050 52678.21885432  9.62 231.364895  66.262531  5.762
 13    76.474 52678.21885497  7.49 231.361645  66.265611  5.762
 13    73.885 52678.21885561  6.98 231.358385  66.268691  5.762
 13    75.198 52678.21885625  6.72 231.355135  66.271781  5.762
 13    67.698 52678.21885690  7.92 231.351875  66.274861  5.762
 13    67.747 52678.21885754  8.31 231.348615  66.277941  5.762
 15    80.993 52748.21891864  1.37 231.352210  66.263683  3.871
 15    56.342 52748.21891928  9.82 231.348950  66.266763  3.871
 15    54.583 52748.21891993  9.68 231.345700  66.269843  3.871
 17    24.221 52818.21893483 22.65 231.348496  66.251124 18.015
 17    26.841 52818.21893548 15.14 231.345246  66.254214 18.015
 17    29.273 52818.21893612 14.99 231.341986  66.257294 18.015
 17    29.201 52818.21893677 16.48 231.338726  66.260374 18.015
 18    89.534 52853.21898500  3.12 231.355658  66.254938  6.009
 18    87.062 52853.21898564  2.78 231.352408  66.258018  6.009
 18    78.348 52853.21898629  3.50 231.349148  66.261108  6.009
 18    68.051 52853.21898693  5.21 231.345888  66.264188  6.009
 18    77.845 52853.21898758  3.90 231.342628  66.267278  6.009
 20    70.362 52923.21897438  7.88 231.364472  66.262881  9.519
 20    80.059 52923.21897502  6.31 231.361222  66.265971  9.519
 20    67.557 52923.21897567  8.03 231.357962  66.269051  9.519
 20    65.378 52923.21897631  7.70 231.354712  66.272141  9.519
 20    60.793 52923.21897696  8.94 231.351452  66.275221  9.519
 20    69.539 52923.21897760  4.92 231.348192  66.278301  9.519
 21    72.646 52958.21893937 11.90 231.355639  66.255773  6.048
 21    84.079 52958.21894001  8.62 231.352389  66.258863  6.048
 21    77.339 52958.21894066  9.38 231.349129  66.261943  6.048
 21    73.258 52958.21894130  8.97 231.345869  66.265023  6.048
 22    80.231 52993.21896584  8.22 231.355798  66.259175  3.818
 22    83.797 52993.21896648  5.71 231.352548  66.262255  3.818
 22    80.306 52993.21896713  6.41 231.349288  66.265335  3.818
 22    76.417 52993.21896777  6.03 231.346028  66.268425  3.818
 23    80.910 53028.21893176  7.37 231.366280  66.266324  4.462
 23    71.609 53028.21893241  8.59 231.363030  66.269404  4.462
 23    69.547 53028.21893305  7.94 231.359770  66.272494  4.462
 23    68.917 53028.21893369  8.75 231.356520  66.275574  4.462
 23    69.439 53028.21893434  7.67 231.353260  66.278654  4.462
 23    68.214 53028.21893498  7.34 231.350000  66.281744  4.462
 23    68.042 53028.21893563  9.29 231.346740  66.284824  4.462
 24    69.153 53063.21893927  8.63 231.357552  66.261059  3.551
 24    82.145 53063.21893992  5.94 231.354292  66.264149  3.551
 24    73.438 53063.21894056  6.24 231.351032  66.267229  3.551
 24    74.806 53063.21894121  5.39 231.347772  66.270309  3.551
 25    87.270 53098.21895647  3.98 231.361204  66.261174  3.055
 25    83.604 53098.21895711  4.08 231.357954  66.264254  3.055
 25    80.151 53098.21895776  3.70 231.354694  66.267334  3.055
 25    75.651 53098.21895840  3.44 231.351444  66.270424  3.055
 25    74.258 53098.21895905  3.82 231.348184  66.273504  3.055
 26    75.442 53133.21893713  1.38 231.359017  66.259528  2.974
 26    59.409 53133.21893777  3.64 231.355757  66.262608  2.974
 26    75.708 53133.21893842  0.67 231.352497  66.265688  2.974
 28    86.728 53203.21901125  4.58 231.358239  66.255932 10.011
 28    85.252 53203.21901189  2.73 231.354989  66.259012 10.011
 28    78.306 53203.21901254  3.38 231.351729  66.262092 10.011
 28    76.283 53203.21901318  4.74 231.348479  66.265182 10.011
 28    55.170 53203.21901382 12.02 231.345219  66.268262 10.011
 29    25.797 53238.21898206 13.28 231.362401  66.268778 11.359
 29    26.096 53238.21898270 14.38 231.359141  66.271858 11.359
 29    26.207 53238.21898335 18.29 231.355881  66.274938 11.359
 29    25.807 53238.21898399 22.02 231.352621  66.278018 11.359
 29    26.868 53238.21898464 21.31 231.349371  66.281108 11.359
 30    22.060 53273.21893875 19.95 231.349814  66.249925 18.101
 30    22.804 53273.21893940 19.08 231.346554  66.253005 18.101
 30    21.576 53273.21894004 20.05 231.343294  66.256085 18.101
 30    21.089 53273.21894069 27.13 231.340044  66.259175 18.101
 30    28.810 53273.21894133 28.44 231.336784  66.262255 18.101
 31    90.697 53308.21899824  9.80 231.354103  66.252498  5.947
 31    89.055 53308.21899889  8.95 231.350853  66.255578  5.947
 31    86.208 53308.21899953  6.83 231.347593  66.258658  5.947
 31    79.035 53308.21900018  8.38 231.344343  66.261748  5.947
 31    80.217 53308.21900082  6.15 231.341083  66.264828  5.947
 33    92.309 53378.21890512  8.52 231.351226  66.250286  4.320
 33    89.665 53378.21890577  7.89 231.347966  66.253366  4.320
 33    86.809 53378.21890641  6.90 231.344706  66.256456  4.320
 33    84.000 53378.21890706  5.22 231.341456  66.259536  4.320
 33    81.281 53378.21890770  5.71 231.338196  66.262616  4.320
 34    86.214 53413.21894238  4.56 231.359890  66.261312  2.953
 34    82.131 53413.21894302  4.34 231.356640  66.264402  2.953
 34    79.635 53413.21894366  4.67 231.353380  66.267482  2.953
 34    79.407 53413.21894431  4.32 231.350120  66.270562  2.953
 34    78.951 53413.21894495  4.06 231.346860  66.273642  2.953
 35    95.025 53448.21892859  2.74 231.347341  66.249977  3.176
 35    93.118 53448.21892924  2.81 231.344089  66.253058  2.786
 35    89.360 53448.21892988  2.30 231.340829  66.256148  2.786
 35    86.773 53448.21893053  2.38 231.337569  66.259228  2.786
 35    83.670 53448.21893117  1.55 231.334319  66.262308  2.786
 37    71.820 53518.21901531 11.91 231.359521  66.260576 10.098
 37    71.312 53518.21901595 11.11 231.356261  66.263656 10.098
 37    69.398 53518.21901660 11.21 231.353011  66.266736 10.098
 37    68.252 53518.21901724  9.63 231.349751  66.269826 10.098
 37    70.062 53518.21901789 10.28 231.346491  66.272906 10.098
 38    22.399 53553.21903598 28.37 231.356859  66.255118 20.103
 38    26.955 53553.21903662 15.47 231.353599  66.258198 20.103
 38    27.659 53553.21903727 13.73 231.350349  66.261278 20.103
 38    29.032 53553.21903791 13.11 231.347089  66.264368 20.103
 38    30.569 53553.21903856 19.94 231.343839  66.267448 20.103
 39    42.275 53588.21898747 17.87 231.363676  66.265090 16.657
 39    53.648 53588.21898811 19.11 231.360416  66.268170 16.657
 39    42.854 53588.21898875 22.32 231.357166  66.271250 16.657
 39    22.135 53588.21899004 40.18 231.350646  66.277420 16.657
 39    20.425 53588.21899069 47.77 231.347386  66.280500 16.657
 40    27.890 53623.21895648 13.43 231.345300  66.248459 20.768
 40    22.661 53623.21895712 19.47 231.342050  66.251539 20.768
 40    22.586 53623.21895777 22.03 231.338790  66.254619 20.768
 40    26.712 53623.21895841 22.01 231.335530  66.257709 20.768
 40    29.633 53623.21895906 19.55 231.332280  66.260789 20.768
 41    89.450 53658.21898482  3.76 231.351508  66.255192  7.792
 41    86.766 53658.21898547  3.29 231.348248  66.258272  7.792
 41    83.665 53658.21898611  2.22 231.344998  66.261362  7.792
 41    74.680 53658.21898676  5.77 231.341738  66.264442  7.792
 42    86.588 53693.21896693  4.49 231.360532  66.261209  3.761
 42    82.449 53693.21896758  4.43 231.357282  66.264289  3.761
 42    80.053 53693.21896822  3.12 231.354022  66.267379  3.761
 42    75.811 53693.21896887  4.10 231.350772  66.270459  3.761
 42    73.816 53693.21896951  3.55 231.347512  66.273539  3.761
 43    77.769 53728.21889149  5.12 231.366054  66.269420  3.124
 43    76.651 53728.21889214  4.99 231.362804  66.272500  3.124
 43    71.598 53728.21889278  5.23 231.359544  66.275590  3.124
 43    70.264 53728.21889342  4.50 231.356284  66.278670  3.124
 43    69.883 53728.21889407  4.49 231.353034  66.281750  3.124
 43    68.836 53728.21889471  5.30 231.349774  66.284840  3.124
 44    90.466 53763.21884772  5.11 231.356882  66.256022  2.985
 44    87.333 53763.21884837  5.55 231.353622  66.259102  2.985
 44    83.727 53763.21884901  5.39 231.350362  66.262192  2.985
 44    79.932 53763.21884966  5.48 231.347112  66.265272  2.985
 44    76.064 53763.21885030  5.56 231.343852  66.268352  2.985
 45    81.713 53798.21885895  6.04 231.364962  66.266301  3.379
 45    75.153 53798.21885960  6.66 231.361702  66.269381  3.379
 45    75.236 53798.21886024  6.33 231.358452  66.272461  3.379
 45    70.599 53798.21886089  7.18 231.355192  66.275541  3.379
 45    68.375 53798.21886153  7.10 231.351932  66.278631  3.379
 45    67.921 53798.21886218  7.39 231.348672  66.281711  3.379
 47    31.751 53868.21891669 33.84 231.355362  66.253151 32.905
 47    30.515 53868.21891733 36.45 231.352112  66.256231 32.905
 47    29.426 53868.21891798 35.03 231.348852  66.259311 32.905
 47    29.705 53868.21891862 34.59 231.345592  66.262401 32.905
 47    29.879 53868.21891927 38.42 231.342342  66.265481 32.905
 48    82.453 53903.21894981  5.73 231.354154  66.259645  8.204
 48    84.033 53903.21895046  4.03 231.350894  66.262735  8.204
 48    79.619 53903.21895110  5.30 231.347644  66.265815  8.204
 48    77.732 53903.21895175  5.11 231.344384  66.268895  8.204
 49    27.836 53938.21898441 24.07 231.353896  66.251499 16.704
 49    26.437 53938.21898506 17.57 231.350646  66.254589 16.704
 49    28.130 53938.21898570 13.08 231.347386  66.257669 16.704
 49    29.382 53938.21898635 13.93 231.344136  66.260749 16.704
 49    30.116 53938.21898699 16.62 231.340876  66.263839 16.704
 50    70.665 53973.21894805  4.89 231.362414  66.260240 11.413
 50    76.128 53973.21894870  4.39 231.359154  66.263320 11.413
 50    65.321 53973.21894934  8.73 231.355904  66.266410 11.413
 50    63.779 53973.21894999  7.18 231.352644  66.269490 11.413
 50    63.361 53973.21895063  4.68 231.349394  66.272570 11.413
 50    66.784 53973.21895128  4.01 231.346134  66.275660 11.413
 52    86.409 54043.21895913 13.20 231.358435  66.256408  5.092
 52    83.872 54043.21895977 10.64 231.355185  66.259498  5.092
 52    79.335 54043.21896042 10.68 231.351925  66.262578  5.092
 52    77.256 54043.21896106  9.28 231.348665  66.265668  5.092
 52    72.991 54043.21896170 10.44 231.345415  66.268748  5.092
 53    81.721 54078.21895361  9.93 231.362826  66.261096  5.509
 53    78.233 54078.21895425  8.64 231.359566  66.264176  5.509
 53    75.661 54078.21895490  7.78 231.356316  66.267256  5.509
 53    70.979 54078.21895554  9.22 231.353056  66.270346  5.509
 53    66.808 54078.21895619 10.98 231.349796  66.273426  5.509
 53    68.509 54078.21895683 10.47 231.346546  66.276506  5.509
 54    69.386 54113.21889267  9.90 231.366861  66.266805  5.277
 54    75.522 54113.21889332  9.07 231.363601  66.269885  5.277
 54    76.127 54113.21889396  9.40 231.360351  66.272965  5.277
 54    64.337 54113.21889461 10.91 231.357091  66.276055  5.277
 54    69.346 54113.21889525  8.07 231.353841  66.279135  5.277
 54    68.593 54113.21889590  9.10 231.350581  66.282215  5.277
 54    67.685 54113.21889654 10.92 231.347321  66.285305  5.277
 56    76.863 54183.21888148  6.85 231.365794  66.266167  4.480
 56    76.060 54183.21888213  6.82 231.362546  66.269247  3.737
 56    76.054 54183.21888277  6.08 231.359286  66.272327  3.737
 56    68.198 54183.21888341  7.14 231.356036  66.275417  3.737
 56    67.706 54183.21888406  6.84 231.352776  66.278497  3.737
 56    67.155 54183.21888470  7.00 231.349516  66.281577  3.737
 57    79.333 54218.21890645  1.15 231.351673  66.256713  3.489
 57    58.182 54218.21890774  5.69 231.345163  66.262873  3.489
 57    55.767 54218.21890839  6.06 231.341904  66.265956  6.310
 58    24.811 54253.21893187 34.04 231.356317  66.258363 18.038
 58    25.071 54253.21893252 33.54 231.353057  66.261443 18.038
 58    25.176 54253.21893316 39.19 231.349797  66.264533 18.038
 58    24.752 54253.21893381 40.22 231.346545  66.267610  7.082
 59    44.217 54288.21893590 17.76 231.361719  66.259556 20.395
 59    25.980 54288.21893654 29.83 231.358459  66.262636 20.395
 59    25.545 54288.21893719 39.23 231.355209  66.265726 20.395
 59    24.905 54288.21893783 42.17 231.351954  66.268803 13.501
 59    25.191 54288.21893847 42.88 231.348694  66.271883 13.501
 60    44.242 54323.21893365 14.46 231.358047  66.261472 14.323
 60    43.833 54323.21893430 19.99 231.354797  66.264552 14.323
 60    43.260 54323.21893494 15.40 231.351544  66.267638 19.288
 61    55.998 54358.21889148 15.95 231.366587  66.266870 18.603
 61    64.429 54358.21889212 10.52 231.363334  66.269952  9.921
 61    62.414 54358.21889277  8.33 231.360074  66.273032  9.921
 61    66.644 54358.21889341  4.80 231.356824  66.276122  9.921
 61    68.798 54358.21889406  5.27 231.353564  66.279202  9.921
 62    85.891 54393.21887328  6.68 231.358381  66.257850  7.844
 62    85.775 54393.21887392  5.13 231.355123  66.260937  7.058
 62    82.088 54393.21887457  4.98 231.351873  66.264017  7.058
 62    79.649 54393.21887521  5.29 231.348613  66.267107  7.058
 62    73.909 54393.21887586  4.65 231.345353  66.270187  7.058
 63    84.800 54428.21884081  6.18 231.363246  66.262177  5.384
 63    81.982 54428.21884145  5.22 231.359996  66.265257  5.384
 63    74.527 54428.21884209  6.22 231.356736  66.268347  5.384
 63    75.389 54428.21884274  6.16 231.353486  66.271427  5.384
 63    67.762 54428.21884338  6.15 231.350226  66.274507  5.384
 63    66.791 54428.21884403  6.92 231.346966  66.277597  5.384
 64    88.007 54463.21885167  4.31 231.354335  66.257122  4.534
 64    85.446 54463.21885231  4.03 231.351085  66.260207  3.276
 64    82.348 54463.21885295  3.39 231.347825  66.263287  3.276
 64    78.245 54463.21885360  4.37 231.344565  66.266377  3.276
 65    81.190 54498.21884983  7.12 231.363341  66.261158  4.235
 65    83.077 54498.21885048  4.43 231.360091  66.264238  4.235
 65    79.461 54498.21885112  4.80 231.356831  66.267318  4.235
 65    76.226 54498.21885177  5.48 231.353571  66.270408  4.235
 65    75.019 54498.21885241  5.58 231.350321  66.273488  4.235
 65    67.046 54498.21885305  6.59 231.347061  66.276568  4.235
 66    88.708 54533.21886546  4.37 231.358138  66.258105  3.128
 66    85.556 54533.21886611  4.03 231.354888  66.261195  3.128
 66    81.861 54533.21886675  3.45 231.351628  66.264275  3.128
 66    78.403 54533.21886740  3.38 231.348368  66.267355  3.128
 66    74.800 54533.21886804  3.73 231.345118  66.270435  3.128
 67    83.468 54568.21885505  3.38 231.365566  66.265796  3.084
 67    78.444 54568.21885569  3.50 231.362316  66.268876  3.084
 67    76.927 54568.21885633  3.07 231.359056  66.271966  3.084
 67    77.299 54568.21885698  3.53 231.355806  66.275046  3.084
 67    69.201 54568.21885762  3.59 231.352546  66.278136  3.084
 67    68.404 54568.21885827  3.94 231.349286  66.281216  3.084
 68    79.791 54603.21886138 13.26 231.352056  66.261803  8.944
 68    77.407 54603.21886202 13.08 231.348796  66.264883  8.944
 68    74.139 54603.21886267 12.32 231.345536  66.267963  8.944
 69    69.377 54638.21887167  9.41 231.358289  66.260006 13.808
 69    68.812 54638.21887231  8.95 231.355039  66.263096 13.808
 69    66.416 54638.21887296  8.88 231.351779  66.266176 13.808
 69    55.134 54638.21887360 11.02 231.348519  66.269256 13.808
 70    71.872 54673.21887429  6.02 231.360639  66.258074 10.418
 70    76.984 54673.21887494  5.58 231.357389  66.261164 10.418
 70    68.423 54673.21887558  6.48 231.354129  66.264244 10.418
 70    67.118 54673.21887622  6.24 231.350879  66.267324 10.418
 70    66.943 54673.21887687  4.31 231.347619  66.270414 10.418
 71    57.337 54708.21883381 12.01 231.365427  66.263405 14.448
 71    56.397 54708.21883445 15.05 231.362167  66.266485 14.448
 71    68.664 54708.21883510  6.20 231.358917  66.269575 14.448
 71    63.042 54708.21883574  6.40 231.355657  66.272655 14.448
 71    66.311 54708.21883639  4.74 231.352397  66.275735 14.448
 72    72.139 54743.21883958  9.78 231.358182  66.255695  8.918
 72    80.753 54743.21884023  4.66 231.354922  66.258775  8.918
 72    69.802 54743.21884087  5.75 231.351672  66.261865  8.918
 72    76.189 54743.21884152  3.77 231.348412  66.264945  8.918
 72    55.010 54743.21884216  8.80 231.345152  66.268025  8.918
 73    69.294 54778.21881566 13.34 231.362008  66.261793  5.861
 73    77.214 54778.21881631 10.49 231.358758  66.264883  5.861
 73    75.507 54778.21881695  8.38 231.355498  66.267963  5.861
 73    69.518 54778.21881760 10.35 231.352248  66.271043  5.861
 73    66.847 54778.21881824 10.80 231.348988  66.274123  5.861
 74    90.553 54813.21883292  8.33 231.354646  66.254477  4.411
 74    86.396 54813.21883356  8.16 231.351386  66.257557  4.411
 74    84.647 54813.21883421  7.45 231.348136  66.260637  4.411
 74    74.881 54813.21883485  8.62 231.344876  66.263727  4.411
 74    78.052 54813.21883550  7.65 231.341616  66.266807  4.411
 75    82.989 54848.21881598  6.61 231.360607  66.264167  4.278
 75    78.792 54848.21881662  6.66 231.357357  66.267257  4.278
 75    75.391 54848.21881726  6.38 231.354097  66.270337  4.278
 75    74.047 54848.21881791  5.36 231.350837  66.273417  4.278
 75    74.420 54848.21881855  5.74 231.347587  66.276497  4.278
 76    88.096 54883.21883677  5.44 231.354471  66.257527  3.548
 76    85.241 54883.21883741  5.19 231.351221  66.260617  3.548
 76    82.155 54883.21883806  3.94 231.347961  66.263697  3.548
 76    77.966 54883.21883870  4.52 231.344701  66.266777  3.548
 77    83.847 54918.21881846  4.99 231.364782  66.264773  3.581
 77    80.297 54918.21881911  3.33 231.361532  66.267863  3.581
 77    77.076 54918.21881975  3.29 231.358272  66.270943  3.581
 77    75.486 54918.21882040  3.90 231.355022  66.274023  3.581
 77    69.008 54918.21882104  5.14 231.351762  66.277113  3.581
 77    75.195 54918.21882169  4.53 231.348502  66.280193  3.581
 78    76.084 54953.21883124 11.17 231.355040  66.257160  9.720
 78    73.215 54953.21883188 13.08 231.351790  66.260250  9.720
 78    72.289 54953.21883253 11.40 231.348530  66.263330  9.720
 78    70.688 54953.21883317 10.62 231.345270  66.266410  9.720
 79    28.499 54988.21885547 14.32 231.354370  66.257907 19.094
 79    28.565 54988.21885612 14.65 231.351120  66.260997 19.094
 79    30.418 54988.21885676 14.85 231.347860  66.264077 19.094
 79    30.644 54988.21885741 17.05 231.344600  66.267157 19.094
 80    70.522 55023.21884821 10.75 231.359888  66.262810  9.499
 80    70.178 55023.21884885  9.27 231.356628  66.265890  9.499
 80    67.526 55023.21884950  9.23 231.353378  66.268970  9.499
 80    67.862 55023.21885014  7.66 231.350118  66.272050  9.499
 80    69.381 55023.21885079  8.20 231.346858  66.275140  9.499
 81    23.002 55058.21884366 28.45 231.358466  66.262133 21.910
 81    23.483 55058.21884431 35.11 231.355216  66.265223 21.910
 81    21.635 55058.21884495 44.48 231.351956  66.268303 21.910
 81    21.660 55058.21884560 44.87 231.348696  66.271383 21.910
 81    25.325 55058.21884624 28.37 231.345436  66.274473 21.910
 82    58.416 55093.21879875 20.81 231.365492  66.264881 11.843
 82    57.422 55093.21879939 20.75 231.362232  66.267961 11.843
 82    65.746 55093.21880004 15.36 231.358982  66.271051 11.843
 82    64.549 55093.21880068 13.22 231.355722  66.274131 11.843
 82    52.582 55093.21880133 18.69 231.352462  66.277211 11.843
 83    82.197 55128.21878339  9.41 231.357203  66.258272  5.387
 83    79.549 55128.21878404  8.47 231.353953  66.261362  5.387
 83    93.030 55128.21878468  7.40 231.350693  66.264442  5.387
 83    92.635 55128.21878533  9.11 231.347433  66.267522  5.387
 83    91.869 55128.21878597  8.13 231.344183  66.270602  5.387
 84    78.710 55163.21875991 12.02 231.360414  66.262400  5.647
 84    75.054 55163.21876055 10.20 231.357154  66.265480  5.647
 84    74.408 55163.21876120  8.13 231.353904  66.268570  5.647
 84    74.502 55163.21876184  8.93 231.350644  66.271650  5.647
 84    75.310 55163.21876249  9.74 231.347384  66.274730  5.647
 85    89.808 55198.21877423  9.08 231.355664  66.254975  3.811
 85    87.000 55198.21877487  9.30 231.352404  66.258055  3.811
 85    84.083 55198.21877552  8.00 231.349154  66.261145  3.811
 85    84.233 55198.21877616  7.61 231.345894  66.264225  3.811
 85    76.693 55198.21877681  7.58 231.342634  66.267305  3.811
 86    68.574 55233.21876449 11.78 231.362999  66.264171  5.478
 86    74.530 55233.21876513  8.71 231.359749  66.267261  5.478
 86    68.977 55233.21876578  8.19 231.356489  66.270341  5.478
 86    74.863 55233.21876642  7.78 231.353239  66.273421  5.478
 86    68.116 55233.21876707  7.77 231.349979  66.276511  5.478
 86    67.682 55233.21876771  7.86 231.346719  66.279591  5.478
 87    76.295 55268.21876931  8.96 231.358107  66.257734  3.861
 87    84.769 55268.21876996  6.71 231.354857  66.260824  3.861
 87    81.921 55268.21877060  6.28 231.351597  66.263904  3.861
 87    75.136 55268.21877125  6.23 231.348347  66.266984  3.861
 87    68.150 55268.21877189  6.57 231.345087  66.270064  3.861
 89    76.430 55338.21874384  9.26 231.355783  66.262716  9.949
 89    76.059 55338.21874448  8.35 231.352533  66.265806  9.949
 89    69.934 55338.21874513  7.93 231.349273  66.268886  9.949
 89    67.851 55338.21874577  9.12 231.346013  66.271966  9.949
 90    22.318 55373.21873427 29.55 231.359045  66.262461 22.010
 90    23.378 55373.21873492 30.31 231.355785  66.265541 22.010
 90    23.275 55373.21873556 37.49 231.352535  66.268621 22.010
 90    22.401 55373.21873621 37.01 231.349275  66.271701 22.010
 90    21.439 55373.21873685 32.70 231.346015  66.274791 22.010
 91    23.007 55408.21875416 21.81 231.357767  66.257257 12.414
 91    22.694 55408.21875481 19.90 231.354517  66.260347 12.414
 91    22.654 55408.21875545 28.79 231.351257  66.263427 12.414
 92    83.471 55443.21875208  7.65 231.361206  66.260288 12.272
 92    69.531 55443.21875272  7.99 231.357946  66.263368 12.272
 92    67.021 55443.21875337 10.28 231.354696  66.266458 12.272
 92    73.296 55443.21875401  6.65 231.351436  66.269538 12.272
 92    69.234 55443.21875466  4.94 231.348176  66.272618 12.272
 93    21.939 55478.21869190 38.70 231.368382  66.266665 19.978
 93    20.131 55478.21869255 45.24 231.365122  66.269745 19.978
 93    20.740 55478.21869319 43.00 231.361872  66.272835 19.978
 93    21.936 55478.21869384 43.38 231.358612  66.275915 19.978
 93    22.001 55478.21869448 44.27 231.355352  66.278995 19.978
 93    21.808 55478.21869513 44.95 231.352092  66.282075 19.978
 93    20.355 55478.21869577 41.10 231.348842  66.285165 19.978
