# NaN NaN NaN ;Mean Elev.(m), Avg Gradient(m/km), RMS Gradient(m/km) - SRTM1     
#   20.856   0.548   2.575 ;Mean Elev.(m), Avg Gradient(m/km), RMS Gradient(m/km) - ASTER GDEM
#   15.000   0.022   0.494 ;Mean Elev.(m), Avg Gradient(m/km), RMS Gradient(m/km) - GMTED2010 
  7 225.548984  68.194233     2.684     2.064  9 52458.22928157 26.791
  8 225.551463  68.199877     2.532     2.228  8 52493.22926101 29.410
 10 225.557745  68.182537     0.961     0.974 14 52563.22927680 47.329
 12 225.566695  68.169263     2.834     2.917 18 52633.22924254 23.874
 13 225.553889  68.188060     3.763     3.706 10 52668.22926194 18.810
 14 225.565140  68.174861     3.545     3.381 17 52703.22923707 19.116
 16 225.555582  68.203201     2.787     2.812  7 52773.22923981 21.767
 17 225.571896  68.161801     3.955     4.071 16 52808.22929682 25.129
 18 225.566562  68.169391     2.382     2.368 19 52843.22935601 50.124
 19 225.564959  68.175142     3.385     3.268 17 52878.22939532 25.314
 20 225.554356  68.203971     3.778     3.919  8 52913.22935885 25.888
 21 225.568546  68.165663     1.346     1.350 17 52948.22930952 33.320
 23 225.550188  68.199966     3.762     3.858  8 53018.22934227 14.074
 24 225.565691  68.173020     3.276     3.285 17 53053.22931899 15.416
 25 225.549497  68.195581     3.118     3.084  8 53088.22936045 13.209
 26 225.564802  68.172324     3.557     3.589 18 53123.22932614  4.876
 27 225.567505  68.168688     6.006     5.989 19 53158.22938306 46.373
 28 225.548659  68.197639     1.846     1.471  8 53193.22938259 28.130
 30 225.552340  68.201750     0.867     0.591  7 53263.22935218 41.160
 31 225.571103  68.161635     0.811     0.828 16 53298.22938467 35.171
 33 225.555614  68.203081     3.095     3.123  7 53368.22930684 20.415
 35 225.552204  68.201422     3.219     3.144  7 53438.22932500 14.350
 36 225.566942  68.169342     3.501     3.422 19 53473.22937540 13.474
 37 225.552068  68.189174     4.652     4.662 10 53508.22940443 28.798
 38 225.551300  68.190074     4.549     4.700 10 53543.22941504 20.037
 39 225.552099  68.196891     2.510     1.644  8 53578.22939961 22.823
 40 225.553114  68.200239     3.657     3.186  7 53613.22935324 19.579
 41 225.564963  68.173965     3.901     3.940 18 53648.22935378 29.934
 42 225.552668  68.189084     3.213     3.307 10 53683.22937168 18.949
 43 225.553783  68.202320     3.601     3.588  7 53718.22930110 13.939
 44 225.564893  68.175018     3.558     3.486 17 53753.22921697 15.405
 45 225.549676  68.199537     3.612     3.199  8 53788.22925180 14.358
 46 225.572317  68.159983     3.417     3.368 16 53823.22919913 15.557
 47 225.565816  68.171441     3.793     3.533 17 53858.22929371 13.208
 48 225.552818  68.189580     3.764     3.764 10 53893.22931222 52.078
 49 225.566491  68.170243     2.277     2.285 19 53928.22936645 52.339
 50 225.550440  68.193487     1.356     1.355  8 53963.22935302 45.043
 51 225.574187  68.155376     1.200     1.205 14 53998.22929417 52.362
 52 225.559182  68.181226     0.936     0.935 14 54033.22934780 49.721
 54 225.552848  68.201895     3.011     3.016  8 54103.22930395 18.229
 55 225.565423  68.172917     3.261     3.260 18 54138.22926951 16.561
 56 225.551823  68.198220     2.529     2.435  8 54173.22928127 15.719
 57 225.566224  68.170803     3.210     3.317 18 54208.22927492 15.628
 59 225.550678  68.191397     4.017     3.892 10 54278.22932398 23.136
 60 225.550785  68.194680     2.439     2.405  8 54313.22932476 32.714
 61 225.553545  68.200683     1.347     1.190  7 54348.22929693 43.023
 62 225.563488  68.176517     1.865     1.548 17 54383.22925876 41.722
 63 225.551696  68.198026     1.187     0.981  8 54418.22924585 30.303
 64 225.567131  68.167733     2.844     3.078 18 54453.22922727 23.397
 65 225.549130  68.196779     3.101     2.972  8 54488.22924395 19.327
 66 225.559500  68.181056     3.285     3.115 14 54523.22924295 19.044
 67 225.549997  68.199944     3.205     2.999  8 54558.22925434 15.814
 68 225.553141  68.188364     3.086     2.837 10 54593.22924064 14.965
 69 225.549514  68.194363     4.220     4.365  9 54628.22925667 23.035
 70 225.553674  68.186813     3.423     3.115 10 54663.22926255 24.386
 71 225.553337  68.200346     2.854     1.955  8 54698.22923870 23.155
 72 225.565311  68.172219     3.201     3.239 18 54733.22921690 24.995
 73 225.548488  68.196575     0.838     0.837  8 54768.22921756 30.980
 74 225.566241  68.170486     3.423     3.247 18 54803.22921042 21.196
 75 225.549709  68.193672     2.742     2.732  9 54838.22921044 19.651
 76 225.563831  68.174950     3.188     3.295 17 54873.22921059 17.695
 77 225.552080  68.199913     2.760     2.699  8 54908.22921842 15.950
 78 225.566043  68.171696     3.339     3.332 17 54943.22920296 15.202
 79 225.550935  68.191250     5.261     5.317 10 54978.22923416 33.887
 80 225.550037  68.193948     2.768     2.620  9 55013.22924077 34.130
 81 225.550272  68.192321     1.537     1.536  9 55048.22923338 42.796
 82 225.553432  68.202318     2.324     1.973  7 55083.22920509 22.304
 83 225.563128  68.176011     1.052     1.071 17 55118.22916173 52.576
 84 225.549110  68.196573     3.354     3.226  8 55153.22916265 20.458
 85 225.566224  68.171000     3.253     3.352 18 55188.22914906 19.416
 86 225.549657  68.195640     3.318     3.210  8 55223.22916151 18.010
 87 225.552844  68.188141     3.036     3.068 11 55258.22914832 18.028
 88 225.553710  68.199073     3.361     3.268  8 55293.22914957 15.270
 89 225.552227  68.188452     3.630     3.607 10 55328.22913185 26.414
 90 225.552288  68.196207     4.544     4.993  8 55363.22912841 19.037
 91 225.566144  68.171887     3.530     3.500 18 55398.22913262 24.552
 92 225.549408  68.195544     4.123     3.807  8 55433.22914420 17.432
 93 225.555254  68.203517     2.893     2.935  7 55468.22910267 39.149
