# NaN NaN NaN ;Mean Elev.(m), Avg Gradient(m/km), RMS Gradient(m/km) - SRTM1     
#    7.002  -1.288  11.822 ;Mean Elev.(m), Avg Gradient(m/km), RMS Gradient(m/km) - ASTER GDEM
#   15.347   0.097  17.625 ;Mean Elev.(m), Avg Gradient(m/km), RMS Gradient(m/km) - GMTED2010 
  7 227.847329  67.341369    12.212    12.194  5 52475.84212138 27.895
  8 227.849810  67.342697    75.800    75.596  4 52510.84207532 19.143
  9 227.870801  67.344748     8.979     8.671  6 52545.84209159 33.306
 11 227.829478  67.336001    74.100    74.149  6 52615.84208868 19.958
 12 227.864369  67.342199    75.468    75.462  6 52650.84206401 15.919
 13 227.843298  67.338590    74.906    74.943  7 52685.84205399 14.426
 14 227.849506  67.338680    75.980    75.189  7 52720.84210410  9.256
 16 227.873494  67.344413    83.810    84.765  6 52790.84207513 17.261
 17 227.869636  67.343717    76.006    76.054  6 52825.84214478 16.437
 18 227.869644  67.343435    75.713    75.755  6 52860.84219054 20.814
 19 227.849812  67.344382    77.036    77.057  3 52895.84222139 20.254
 20 227.825578  67.335404    73.871    73.933  6 52930.84217202 22.607
 21 227.871530  67.343863    78.567    75.543  5 52965.84216417 14.054
 22 227.837392  67.336634    75.990    75.548  6 53000.84219814 10.816
 23 227.828254  67.335632    80.490    81.202  6 53035.84214771  7.824
 24 227.849416  67.338454    84.585    85.415  7 53070.84216740  5.769
 25 227.821456  67.334255    77.031    76.456  6 53105.84214945  4.822
 27 227.852887  67.339887    67.224    76.180  7 53175.84220508 15.726
 28 227.843100  67.337242    74.623    74.688  6 53210.84222451 13.801
 29 227.838806  67.335156     6.467     6.604  4 53245.84219311 34.004
 30 227.864987  67.341657    74.775    74.764  6 53280.84217549 20.081
 31 227.854765  67.339658    74.259    74.278  7 53315.84218983 17.921
 32 227.844934  67.337382    77.329    74.818  7 53350.84215622 12.968
 33 227.868276  67.343700    86.101    87.384  6 53385.84213744  9.010
 34 227.857517  67.340322    77.896    75.079  7 53420.84214231 10.149
 35 227.876552  67.344676    76.513    76.354  6 53455.84214654  7.281
 37 227.856227  67.341261    12.393    12.459  5 53525.84221610 24.956
 39 227.844541  67.339723     8.942     9.361  5 53595.84218345 33.890
 40 227.866935  67.342435    75.327    75.442  6 53630.84217622 13.971
 41 227.845445  67.337590     8.177     8.006  7 53665.84220093 44.834
 43 227.832380  67.336801    74.296    74.297  6 53735.84207553 10.882
 44 227.862650  67.340986    79.063    75.681  6 53770.84206492  7.676
 45 227.840214  67.338137    75.634    75.763  6 53805.84205823  9.244
 47 227.854347  67.337211    20.428    20.491  5 53875.84212524 48.329
 48 227.851837  67.342235    13.134    13.100  4 53910.84217239 36.008
 49 227.832852  67.335345    10.396    10.487  4 53945.84219315 17.274
 50 227.835648  67.338491    20.176     9.019  6 53980.84213854 23.338
 51 227.876299  67.346821    12.884    13.856  5 54015.84215631 41.277
 53 227.841938  67.337179    74.166    74.267  7 54085.84215191 18.264
 54 227.820825  67.334389    73.521    73.607  5 54120.84207908 15.923
 55 227.846875  67.337371    75.155    74.739  7 54155.84211029 12.770
 56 227.829835  67.336250    74.891    74.815  6 54190.84207599 11.632
 57 227.851785  67.338405    74.843    74.744  7 54225.84212105  8.380
 58 227.852307  67.339837    80.195    80.236  7 54260.84214079 13.936
 59 227.849756  67.339090    13.295    13.335  7 54295.84214526 44.949
 60 227.842545  67.337417    74.930    75.158  6 54330.84213783 17.602
 61 227.830716  67.336791    79.443    79.657  6 54365.84208203 14.152
 62 227.851260  67.339887    74.132    74.094  7 54400.84207907 24.195
 63 227.835957  67.337635    74.516    74.559  6 54435.84203727 13.270
 64 227.863490  67.342112    82.270    82.559  7 54470.84206236 11.167
 65 227.834925  67.337450    77.848    75.131  5 54505.84205050 10.750
 66 227.850973  67.339786    80.533    82.952  7 54540.84207798 10.055
 67 227.831742  67.335563    74.873    74.672  4 54575.84205216 11.572
 69 227.848647  67.339462    74.674    74.711  7 54645.84207745 15.823
 70 227.850822  67.343076    76.649    76.629  4 54680.84207785 15.205
 71 227.832565  67.337115    54.544    52.128  6 54715.84202927 15.326
 72 227.854757  67.339298    74.563    74.578  7 54750.84204955 19.556
 73 227.838131  67.337257    73.807    73.779  6 54785.84201846 17.895
 74 227.857462  67.340163    79.051    79.846  6 54820.84204254 11.268
 75 227.840185  67.337677     8.411     8.424  6 54855.84201452 17.499
 76 227.841038  67.335629    40.505    33.629  5 54890.84204777 13.580
 77 227.833809  67.341590     7.665     7.655  3 54925.84201277 14.966
 78 227.855100  67.340996    77.285    76.076  6 54960.84204446 18.377
 79 227.845618  67.338941    43.918    42.723  7 54995.84206673 16.868
 81 227.843239  67.338086     9.007     9.403  7 55065.84204676 44.188
 84 227.838187  67.338735    74.623    74.606  6 55170.84195531 19.828
 85 227.855836  67.340383    74.840    74.839  6 55205.84198503 18.740
 86 227.832215  67.336690    74.327    74.358  6 55240.84196186 16.515
 87 227.842960  67.338174    74.870    74.901  7 55275.84197977 14.225
 88 227.833404  67.336785    76.141    75.082  6 55310.84194578 21.829
 89 227.840436  67.332156    86.769    86.769  2 55345.84194991 10.414
 90 227.840560  67.337327    49.643    50.363  7 55380.84194195 18.592
 91 227.858638  67.340815    75.203    75.240  7 55415.84196730 15.118
 92 227.839210  67.336885    13.791    13.287  6 55450.84195332 40.761
 93 227.827470  67.335543    73.940    74.116  6 55485.84187826 18.807
