# NaN NaN NaN ;Mean Elev.(m), Avg Gradient(m/km), RMS Gradient(m/km) - SRTM1     
#   34.097   2.736  19.259 ;Mean Elev.(m), Avg Gradient(m/km), RMS Gradient(m/km) - ASTER GDEM
#   60.956 -12.660  28.724 ;Mean Elev.(m), Avg Gradient(m/km), RMS Gradient(m/km) - GMTED2010 
  7 233.963733  64.949121    50.192    50.703  3 52457.81865139 29.075
 10 233.972150  64.946343   102.862   103.103  4 52562.81865048 21.568
 13 233.960706  64.947822   100.775   100.492  3 52667.81863208  8.930
 14 233.977034  64.944176   101.212   101.298  4 52702.81860722  6.240
 17 233.970853  64.946214    50.076    50.107  4 52807.81867050 44.045
 18 233.970903  64.945638    87.009    93.614  4 52842.81872873 18.807
 20 233.960992  64.949038    86.283   101.512  3 52912.81872512 13.610
 23 233.957184  64.950160   101.372   101.698  3 53017.81871112  7.098
 24 233.974554  64.945481   110.252   108.117  4 53052.81869235  5.745
 25 233.950412  64.953141   123.314   124.087  3 53087.81872866  3.567
 27 233.961720  64.948432    51.294    51.294  2 53157.81875610 38.289
 28 233.966796  64.947912    71.812    56.596  3 53192.81874951 13.134
 30 233.952457  64.953518    87.241   101.576  3 53262.81872006  7.910
 31 233.961020  64.948441    47.809    47.818  3 53297.81875928 29.757
 34 233.968448  64.947875   114.272   112.770  4 53402.81870382  5.639
 36 233.966757  64.948837   124.650   124.844  3 53472.81874750  5.290
 38 233.960418  64.950549    84.800    97.466  3 53542.81878330 11.447
 39 233.956387  64.950649    49.784    49.440  3 53577.81876842 33.502
 41 233.971690  64.945754   101.420   102.221  3 53647.81872682 12.150
 43 233.957917  64.949690    65.468    50.171  3 53717.81866904 14.970
 44 233.977376  64.943488    75.082    74.995  4 53752.81858995 14.504
 45 233.963234  64.947344   100.206    99.959  3 53787.81861976  9.492
 46 233.981710  64.943660   121.056   121.279  4 53822.81857443  4.799
 47 233.965746  64.948842    47.293    47.484  3 53857.81866605 19.955
 49 233.957167  64.951249    86.873   102.682  3 53927.81873894 13.183
 50 233.953330  64.952040    45.831    45.720  3 53962.81872194 32.646
 51 233.981539  64.942663    77.595    77.215  4 53997.81866956 12.935
 52 233.971111  64.946508    46.770    46.822  3 54032.81871901 44.804
 54 233.955151  64.952584   106.143   105.402  3 54102.81867157  8.279
 55 233.969798  64.947363   102.497   101.915  3 54137.81864159  6.770
 59 233.965344  64.948931    70.354    55.875  3 54277.81869267 10.668
 60 233.964176  64.948535    50.232    50.209  3 54312.81869331 42.368
 61 233.955037  64.950203    85.456    99.538  3 54347.81866496  8.548
 63 233.958001  64.950191    48.300    48.292  3 54417.81861432 33.535
 64 233.973758  64.946775    48.019    48.154  4 54452.81860060 12.379
 67 233.958029  64.950685   103.967   104.490  3 54557.81862189  3.591
 69 233.962357  64.949184    49.986    50.211  4 54627.81862486 37.033
 70 233.963494  64.948785    49.295    49.414  4 54662.81863236 26.059
 73 233.962839  64.948653    52.436    52.612  3 54767.81858640 30.557
 74 233.969517  64.947005    89.684   101.784  4 54802.81858345 12.881
 75 233.964522  64.949799   105.900   106.674  3 54837.81857896  8.340
 77 233.954217  64.951770   119.718   119.718  2 54907.81858629  2.757
 78 233.969115  64.947867   119.100   119.382  4 54942.81857503  2.140
 79 233.963943  64.949692    48.095    48.053  3 54977.81860235 37.516
 80 233.961978  64.949052    78.984    78.908  4 55012.81860961 19.933
 81 233.966149  64.949222    49.561    49.644  3 55047.81860189 42.839
 82 233.954414  64.951132   111.057   111.057  2 55082.81857264  8.771
 83 233.970845  64.947186   101.635   101.960  3 55117.81853412 19.670
 84 233.959189  64.948466    49.230    49.167  3 55152.81853148 18.662
 86 233.959789  64.948302   104.416   104.599  3 55222.81853035  5.858
 87 233.967060  64.947788   107.181   108.520  4 55257.81851781  4.766
 88 233.955901  64.951469   103.878   103.878  2 55292.81851744  4.521
 91 233.969362  64.946752    47.873    48.586  3 55397.81850533 16.629
 92 233.964699  64.947940    48.677    48.719  3 55432.81851240 27.909
 93 233.953991  64.951869   103.221   103.221  2 55467.81847022  7.749
