# NaN NaN NaN ;Mean Elev.(m), Avg Gradient(m/km), RMS Gradient(m/km) - SRTM1     
#  104.167  -2.893  12.927 ;Mean Elev.(m), Avg Gradient(m/km), RMS Gradient(m/km) - ASTER GDEM
#  121.086  -2.985   5.782 ;Mean Elev.(m), Avg Gradient(m/km), RMS Gradient(m/km) - GMTED2010 
  8 237.931188  62.058659   148.565   152.457  5 52496.80127169 10.693
  9 237.943824  62.057325   110.644   110.630  4 52531.80125808 45.426
 10 237.943084  62.057795   143.409   139.436  5 52566.80128058 12.532
 11 237.923989  62.061508   109.148   109.742  5 52601.80128926 44.193
 12 237.937340  62.056345   111.553   111.627  5 52636.80125597 26.968
 13 237.927647  62.057608   111.203   111.220  4 52671.80126023 21.068
 14 237.939677  62.056884   140.011   144.098  5 52706.80125960  8.001
 15 237.928606  62.063045   149.891   149.860  4 52741.80129118  3.658
 16 237.921703  62.057044   112.441   112.443  3 52776.80123501 47.948
 17 237.939218  62.057267   112.361   112.282  5 52811.80131268 48.856
 18 237.940719  62.057437   127.745   122.147  5 52846.80136751 13.009
 21 237.949414  62.056809   110.363   110.360  4 52951.80132243 44.223
 22 237.939862  62.056037   110.652   110.600  4 52986.80133955 23.049
 23 237.928347  62.055043   110.041   110.041  2 53021.80132913 18.168
 24 237.943576  62.057347   152.070   152.308  4 53056.80131902  3.223
 25 237.918900  62.063347   151.972   151.502  6 53091.80135649  3.078
 26 237.941029  62.055009   111.096   111.192  4 53126.80132791 25.183
 28 237.937389  62.061618   110.883   110.973  4 53196.80138856 42.196
 29 237.936035  62.058220   110.259   110.359  4 53231.80136998 49.420
 30 237.918171  62.060666   109.871   109.850  4 53266.80133935 47.804
 31 237.932445  62.060140   110.037   110.118  5 53301.80139157 47.346
 32 237.930342  62.059304   109.385   109.293  5 53336.80136214 42.115
 33 237.923547  62.061006   110.068   110.062  6 53371.80129811 15.600
 34 237.939826  62.058423   141.236   145.515  5 53406.80133469  6.693
 35 237.922102  62.060600   109.302   109.292  5 53441.80132066 13.559
 37 237.931201  62.056050   113.279   113.305  4 53511.80140302 48.746
 38 237.922509  62.056441   112.090   112.051  3 53546.80142063 30.106
 39 237.927360  62.058437   121.646   122.977  5 53581.80139165 11.368
 40 237.919741  62.061887   126.278   120.077  5 53616.80134649 11.405
 41 237.936026  62.055611   109.995   109.966  4 53651.80136334 30.292
 42 237.928066  62.059569   110.281   110.337  5 53686.80136766 45.584
 43 237.925517  62.061014   111.468   111.416  5 53721.80129311 16.229
 44 237.948118  62.056874   116.575   117.858  4 53756.80122431 12.942
 45 237.934397  62.059413   117.390   115.359  5 53791.80124990 11.407
 46 237.948638  62.055988   157.634   156.340  4 53826.80121333  0.894
 47 237.934014  62.057208   119.877   118.974  5 53861.80130221 26.433
 48 237.935883  62.056622   113.520   113.559  5 53896.80132306 47.438
 49 237.924481  62.062248   113.674   113.763  4 53931.80137203 45.504
 50 237.926755  62.064876   112.149   112.149  2 53966.80134687 46.360
 51 237.950058  62.057076   140.734   145.795  4 54001.80131062 13.188
 52 237.939962  62.058950   109.891   109.861  5 54036.80135005 48.231
 53 237.929360  62.054024   109.700   109.700  2 54071.80134571 11.684
 54 237.920814  62.062465   114.507   115.849  6 54106.80129509 12.369
 55 237.937131  62.056884   145.784   146.040  5 54141.80127877  3.459
 56 237.925584  62.060332   146.865   146.536  5 54176.80127715  2.278
 60 237.932193  62.059055   112.856   112.706  5 54316.80132357 45.602
 61 237.926355  62.060482   112.469   112.226  5 54351.80129006 41.496
 62 237.937168  62.059415   110.881   111.293  5 54386.80126272 49.889
 63 237.927484  62.060836   110.406   110.390  5 54421.80123984 44.982
 64 237.942595  62.056940   148.964   148.670  4 54456.80123623  4.368
 65 237.930015  62.060348   110.418   110.398  5 54491.80124183 18.228
 66 237.938127  62.056826   160.166   162.450  5 54526.80124919  2.114
 67 237.928739  62.064052   160.916   160.541  4 54561.80124929  0.984
 68 237.930067  62.054989   113.300   113.197  3 54596.80124532 46.860
 70 237.931437  62.059440   131.253   135.189  5 54666.80126409 12.208
 71 237.927583  62.061250   111.730   111.531  5 54701.80123146 20.970
 72 237.939379  62.057070   110.226   110.339  4 54736.80122455 45.194
 73 237.931254  62.061049   110.161   110.097  5 54771.80121244 38.744
 74 237.938396  62.057145   110.206   110.287  5 54806.80121828 25.912
 75 237.931570  62.059025   121.118   115.467  5 54841.80120880 13.585
 76 237.935922  62.060099   146.443   146.679  4 54876.80121953  3.104
 79 237.931483  62.058980   139.833   142.190  5 54981.80123816 15.107
 80 237.931156  62.056781   112.464   112.749  3 55016.80123893 49.854
 81 237.931766  62.058099   126.148   120.716  5 55051.80123345 12.898
 82 237.922971  62.060329   112.078   112.176  4 55086.80119760 47.947
 83 237.939038  62.057350   148.592   146.952  5 55121.80116818 11.259
 85 237.937294  62.054797   112.952   111.209  4 55191.80115809 15.284
 86 237.928284  62.061037   112.946   110.468  5 55226.80115867 13.772
 87 237.933834  62.057581   137.940   144.801  4 55261.80115342  7.804
 88 237.927970  62.062771   139.039   147.337  3 55296.80114287  8.056
 90 237.929040  62.058268   111.402   111.398  4 55366.80112604 44.593
 91 237.939934  62.058639   144.207   147.759  5 55401.80113928 11.950
 92 237.933228  62.061167   131.565   131.554  5 55436.80114268 22.962
 93 237.924174  62.061397   145.204   145.074  6 55471.80109380 13.751
